1000
456112356 447713690
456112356 130484026
456112356 89253608
456112356 357366192
456112356 123694108
456112356 107774936
456112356 151365712
456112356 230807845
456112356 60258723
456112356 432680787
456112356 285409284
456112356 175309368
456112356 275372284
456112356 212874948
456112356 194492015
456112356 302299925
456112356 429393991
456112356 445491757
456112356 57332952
456112356 145328207
456112356 387284264
456112356 214251528
456112356 173507140
456112356 390487295
456112356 172581365
456112356 125296358
456112356 74059875
456112356 83571122
456112356 432928611
456112356 319225650
456112356 7515584
456112356 355258391
456112356 441222531
456112356 341344756
456112356 153938083
456112356 114197473
456112356 78971723
456112356 395473375
456112356 455044693
456112356 154310781
456112356 343307871
456112356 405283049
456112356 84419831
456112356 403148319
456112356 302588471
456112356 453716060
456112356 61318481
456112356 280124037
456112356 271125212
456112356 247006339
456112356 342242370
456112356 248296072
456112356 111382953
456112356 368125839
456112356 177791501
456112356 259005963
456112356 17726089
456112356 97023023
456112356 168260778
456112356 57298640
456112356 276833541
456112356 369473766
456112356 361686383
456112356 369485983
456112356 393593855
456112356 50518667
456112356 149814080
456112356 230202140
456112356 327323171
456112356 370913346
456112356 58442075
456112356 77114760
456112356 33688228
456112356 61784955
456112356 270216801
456112356 192232885
456112356 403127963
456112356 355493948
456112356 358557075
456112356 168683243
456112356 415131035
456112356 2755361
456112356 391479028
456112356 205265353
456112356 192339277
456112356 200761321
456112356 140883442
456112356 341051242
456112356 298062827
456112356 90042845
456112356 52609644
456112356 224292625
456112356 173195227
456112356 269481704
456112356 88763122
456112356 128873046
456112356 208037623
456112356 414197089
456112356 95705996
456112356 227422977
456112356 214238316
456112356 301693893
456112356 33939089
456112356 383517720
456112356 122724153
456112356 133374774
456112356 371522649
456112356 182083273
456112356 73445669
456112356 175350334
456112356 261505253
456112356 60435147
456112356 36280025
456112356 196831981
456112356 445063022
456112356 103366337
456112356 317998830
456112356 316228981
456112356 293890120
456112356 256813331
456112356 91363926
456112356 140616076
456112356 385839416
456112356 71323595
456112356 149261271
456112356 219564740
456112356 36725839
456112356 455910840
456112356 298479192
456112356 53223245
456112356 433543434
456112356 201360772
456112356 15034335
456112356 258026619
456112356 159946228
456112356 31191365
456112356 93565727
456112356 301278198
456112356 265877132
456112356 99051701
456112356 58976066
456112356 313371786
456112356 301674113
456112356 91152874
456112356 268487522
456112356 322967130
456112356 92174454
456112356 141006211
456112356 93152060
456112356 14616667
456112356 248927627
456112356 103624486
456112356 452820728
456112356 232784210
456112356 6303630
456112356 138018415
456112356 187965126
456112356 395682548
456112356 320883791
456112356 95716248
456112356 349984830
456112356 166530349
456112356 2749595
456112356 365320229
456112356 26166897
456112356 253893963
456112356 26152914
456112356 231043061
456112356 395891347
456112356 244538758
456112356 32792263
456112356 39819694
456112356 194824809
456112356 393344530
456112356 191511465
456112356 184108448
456112356 266553238
456112356 333579417
456112356 364745449
456112356 1432584
456112356 176092879
456112356 328325832
456112356 143408711
456112356 203192870
456112356 295120039
456112356 234738171
456112356 371592027
456112356 155042389
456112356 116617275
456112356 111502501
456112356 180245580
456112356 256974099
456112356 110113799
456112356 88859832
456112356 166901270
456112356 321831447
456112356 186058225
456112356 405501532
456112356 210713531
456112356 183549267
456112356 11876775
456112356 160795209
456112356 339300816
456112356 24946573
456112356 99944565
456112356 80615985
456112356 119890184
456112356 303021194
456112356 192810411
456112356 85756088
456112356 410046414
456112356 290867530
456112356 33382382
456112356 364314443
456112356 360454023
456112356 9038807
456112356 182474149
456112356 232745641
456112356 152406150
456112356 203911518
456112356 137715593
456112356 433884012
456112356 175457916
456112356 239137251
456112356 40201654
456112356 362692865
456112356 290107602
456112356 272833739
456112356 106346361
456112356 216423400
456112356 137261300
456112356 398813845
456112356 156285757
456112356 57292896
456112356 137668106
456112356 91708359
456112356 297016816
456112356 104604334
456112356 70707647
456112356 146550933
456112356 111235633
456112356 235792311
456112356 82888336
456112356 235230826
456112356 90447858
456112356 138879676
456112356 109061592
456112356 11640036
456112356 111139029
456112356 245589239
456112356 235324248
456112356 8171481
456112356 416719220
456112356 277906647
456112356 386405079
456112356 51246913
456112356 412419880
456112356 9632213
456112356 418501576
456112356 92540665
456112356 142521833
456112356 93190347
456112356 421975460
456112356 93592614
456112356 265080956
456112356 322009433
456112356 159750283
456112356 272939200
456112356 344228191
456112356 219287710
456112356 307254781
456112356 148482496
456112356 401632967
456112356 37966650
456112356 139725203
456112356 398847892
456112356 432677989
456112356 123776496
456112356 112238733
456112356 49955815
456112356 208358474
456112356 72415827
456112356 49656965
456112356 109132591
456112356 105059891
456112356 278563761
456112356 422047395
456112356 68362462
456112356 318744284
456112356 256564830
456112356 283607210
456112356 197561677
456112356 368172783
456112356 219987804
456112356 269412524
456112356 183212036
456112356 311450410
456112356 28039478
456112356 186484011
456112356 236863369
456112356 108146045
456112356 295117686
456112356 231710347
456112356 241406348
456112356 236198473
456112356 113374056
456112356 136982016
456112356 241780426
456112356 15596239
456112356 452402037
456112356 312892762
456112356 143930127
456112356 81318730
456112356 232526018
456112356 85508498
456112356 348365944
456112356 411856511
456112356 298198183
456112356 322898862
456112356 60655207
456112356 220453683
456112356 246666939
456112356 264969655
456112356 228202133
456112356 50168158
456112356 146285231
456112356 151398182
456112356 42019430
456112356 350628340
456112356 232920051
456112356 452686434
456112356 3014613
456112356 46502998
456112356 23741954
456112356 194655837
456112356 247760010
456112356 105961763
456112356 101669558
456112356 331514337
456112356 344003628
456112356 49596748
456112356 399061121
456112356 374490682
456112356 116542080
456112356 345012921
456112356 210663238
456112356 320665601
456112356 21056656
456112356 272187293
456112356 253659098
456112356 92414172
456112356 342483283
456112356 230898996
456112356 151215431
456112356 451206844
456112356 445057938
456112356 431046914
456112356 84115315
456112356 245229842
456112356 300149027
456112356 330505564
456112356 241317698
456112356 436465260
456112356 222207104
456112356 327465323
456112356 6094552
456112356 169879782
456112356 204847229
456112356 252003633
456112356 158372010
456112356 158666249
456112356 24980291
456112356 329043157
456112356 190292275
456112356 291162693
456112356 130673646
456112356 237507874
456112356 148357446
456112356 397205904
456112356 163290107
456112356 257708180
456112356 109111818
456112356 262749474
456112356 337215290
456112356 288071086
456112356 97803260
456112356 122126703
456112356 236796316
456112356 264666479
456112356 375120603
456112356 9795424
456112356 154137874
456112356 322142841
456112356 106750909
456112356 367891889
456112356 139414814
456112356 96096403
456112356 381874107
456112356 198479234
456112356 285884539
456112356 120715229
456112356 449460537
456112356 178630587
456112356 83637266
456112356 46006924
456112356 370348059
456112356 11266119
456112356 309077248
456112356 11601172
456112356 256240553
456112356 436746383
456112356 24382132
456112356 454213564
456112356 275586275
456112356 64171158
456112356 32602432
456112356 154497068
456112356 161872709
456112356 91640414
456112356 78838865
456112356 69498111
456112356 129846554
456112356 242459352
456112356 189177789
456112356 211313671
456112356 286030527
456112356 320573430
456112356 353221801
456112356 363500955
456112356 334003035
456112356 375405043
456112356 158706033
456112356 418069938
456112356 244499326
456112356 47698662
456112356 167019635
456112356 421303733
456112356 108963432
456112356 81047675
456112356 8581156
456112356 220258236
456112356 65929215
456112356 172860153
456112356 146999218
456112356 157022175
456112356 393642853
456112356 442730669
456112356 14519737
456112356 370125976
456112356 346737863
456112356 272532169
456112356 259412647
456112356 454288686
456112356 451942585
456112356 66278055
456112356 390668169
456112356 280296348
456112356 73786170
456112356 228950704
456112356 89576329
456112356 256868132
456112356 371538881
456112356 171590860
456112356 79518650
456112356 347782412
456112356 433363176
456112356 283172384
456112356 59305231
456112356 164111990
456112356 365428023
456112356 202901352
456112356 81950411
456112356 407698803
456112356 233563225
456112356 115909675
456112356 2276534
456112356 12359141
456112356 27018937
456112356 36680290
456112356 68478888
456112356 42218393
456112356 273626630
456112356 442395337
456112356 147850545
456112356 49917242
456112356 246474648
456112356 342425163
456112356 24582754
456112356 115855343
456112356 240557472
456112356 107716485
456112356 182275645
456112356 171798199
456112356 452132766
456112356 175613674
456112356 346428873
456112356 336895477
456112356 51110191
456112356 431573725
456112356 239666352
456112356 237216786
456112356 276413299
456112356 137691248
456112356 39053591
456112356 94592636
456112356 92166038
456112356 167313460
456112356 296747158
456112356 397386077
456112356 250053270
456112356 14295889
456112356 300597370
456112356 25244123
456112356 7912285
456112356 329767639
456112356 455405732
456112356 158616830
456112356 346420597
456112356 47411082
456112356 142466225
456112356 211894995
456112356 21796191
456112356 256287191
456112356 297629080
456112356 11208174
456112356 51954903
456112356 196302767
456112356 81086471
456112356 53429473
456112356 399414264
456112356 382250282
456112356 262209143
456112356 71296473
456112356 2191386
456112356 385817269
456112356 63061159
456112356 16585812
456112356 325632397
456112356 240556388
456112356 103595618
456112356 276597686
456112356 12687860
456112356 93220014
456112356 193523043
456112356 288750005
456112356 165285370
456112356 50568326
456112356 248398154
456112356 77972514
456112356 101747050
456112356 174424666
456112356 218499915
456112356 19739202
456112356 330873561
456112356 53192281
456112356 418475514
456112356 21574732
456112356 329248989
456112356 125987295
456112356 24764544
456112356 384025964
456112356 164049540
456112356 59059783
456112356 313941004
456112356 34292365
456112356 51573875
456112356 47530671
456112356 212151583
456112356 231950895
456112356 310207809
456112356 81610530
456112356 332664391
456112356 112190006
456112356 287754910
456112356 161114411
456112356 9378917
456112356 208094893
456112356 394673888
456112356 282736769
456112356 437806963
456112356 12628148
456112356 223678028
456112356 400358838
456112356 34551958
456112356 96356774
456112356 401888929
456112356 259340053
456112356 340123720
456112356 453004585
456112356 182908006
456112356 23402359
456112356 45448249
456112356 349346054
456112356 161977438
456112356 229167245
456112356 220337670
456112356 16810401
456112356 300702554
456112356 215422352
456112356 140028074
456112356 76597236
456112356 45620296
456112356 449818864
456112356 421553092
456112356 401618797
456112356 217905317
456112356 260568893
456112356 370304846
456112356 285069202
456112356 168066178
456112356 20719301
456112356 179637813
456112356 5031283
456112356 426873585
456112356 216971391
456112356 275700841
456112356 347039163
456112356 246866513
456112356 191880548
456112356 124376403
456112356 304763418
456112356 207506783
456112356 210941456
456112356 392470504
456112356 73111891
456112356 134799616
456112356 412195496
456112356 238192345
456112356 412104966
456112356 25826489
456112356 46034766
456112356 325277169
456112356 369729062
456112356 260707517
456112356 285769928
456112356 4766092
456112356 316318256
456112356 94877834
456112356 50850110
456112356 239102332
456112356 63403082
456112356 70267434
456112356 372095607
456112356 214861827
456112356 445365989
456112356 233256526
456112356 251174471
456112356 248291598
456112356 164637242
456112356 413185235
456112356 317361743
456112356 77629672
456112356 289682940
456112356 224491955
456112356 67889624
456112356 276917873
456112356 197355015
456112356 11465987
456112356 66332547
456112356 436308210
456112356 196448075
456112356 296907105
456112356 9394378
456112356 246276674
456112356 278576960
456112356 225568091
456112356 70389483
456112356 178322871
456112356 404960651
456112356 430185643
456112356 336095011
456112356 129408122
456112356 75432555
456112356 146050761
456112356 372336928
456112356 364447477
456112356 345087068
456112356 7467537
456112356 448756549
456112356 412323139
456112356 215653779
456112356 359886973
456112356 124617957
456112356 102307414
456112356 358816082
456112356 423719963
456112356 102077407
456112356 375613776
456112356 355883671
456112356 59988259
456112356 426834362
456112356 317055171
456112356 58692585
456112356 31867817
456112356 7098734
456112356 48430906
456112356 103345589
456112356 228427042
456112356 108329317
456112356 242536892
456112356 418609236
456112356 241419147
456112356 414770014
456112356 81400996
456112356 257882244
456112356 235896720
456112356 319313240
456112356 402076232
456112356 332256588
456112356 205572433
456112356 321613810
456112356 95178509
456112356 6322175
456112356 221524905
456112356 332407900
456112356 226151154
456112356 140548771
456112356 247052375
456112356 126376212
456112356 193189882
456112356 34610755
456112356 119755605
456112356 64707432
456112356 153227904
456112356 384365176
456112356 7502401
456112356 45110109
456112356 310852199
456112356 191534536
456112356 345887996
456112356 222435622
456112356 2776034
456112356 93310803
456112356 142853202
456112356 137486050
456112356 146717859
456112356 147820907
456112356 154966127
456112356 282480606
456112356 404812238
456112356 228062102
456112356 44961667
456112356 358729546
456112356 257253400
456112356 37685044
456112356 123104386
456112356 295577817
456112356 194858556
456112356 184920757
456112356 114355582
456112356 132643046
456112356 107759374
456112356 179588876
456112356 162028452
456112356 76058027
456112356 113534715
456112356 397308168
456112356 127175866
456112356 409804882
456112356 87099602
456112356 209837940
456112356 110725435
456112356 168987197
456112356 99264207
456112356 72249006
456112356 350707550
456112356 118319252
456112356 420593095
456112356 47987924
456112356 417441024
456112356 177744214
456112356 203118374
456112356 146726682
456112356 158003573
456112356 379798701
456112356 182813147
456112356 41358074
456112356 34913644
456112356 413055644
456112356 352735380
456112356 274512700
456112356 356181917
456112356 268161703
456112356 355691456
456112356 346317215
456112356 313422016
456112356 5447043
456112356 221612179
456112356 380771380
456112356 401618607
456112356 140291716
456112356 271420587
456112356 85902474
456112356 78389733
456112356 399435520
456112356 242015133
456112356 255837265
456112356 40602460
456112356 314577843
456112356 104869145
456112356 335519045
456112356 374253802
456112356 35690502
456112356 225205370
456112356 57636629
456112356 228930834
456112356 191888730
456112356 382800681
456112356 174630116
456112356 383481219
456112356 302402112
456112356 287820644
456112356 34942771
456112356 452014876
456112356 424549319
456112356 53888229
456112356 373657162
456112356 336890556
456112356 355361965
456112356 349402432
456112356 148104628
456112356 108013049
456112356 157405395
456112356 166038814
456112356 437199207
456112356 381029146
456112356 275750556
456112356 114620907
456112356 367323125
456112356 244799847
456112356 342210164
456112356 65005022
456112356 334993519
456112356 361690863
456112356 432459025
456112356 410049337
456112356 320998480
456112356 349732440
456112356 85588243
456112356 47173475
456112356 180146251
456112356 82839587
456112356 416030812
456112356 114324369
456112356 267601544
456112356 288013048
456112356 43361022
456112356 382933819
456112356 444828150
456112356 391951475
456112356 413564468
456112356 305652188
456112356 63921511
456112356 79132109
456112356 262365688
456112356 185898812
456112356 142078748
456112356 62658294
456112356 99104367
456112356 42701327
456112356 390956180
456112356 236038138
456112356 81205993
456112356 405488657
456112356 120213108
456112356 304454805
456112356 405276176
456112356 105724559
456112356 245291687
456112356 330454286
456112356 267693949
456112356 265776364
456112356 340154928
456112356 11754571
456112356 211261765
456112356 87513379
456112356 307155411
456112356 158952575
456112356 165387919
456112356 339313602
456112356 277710679
456112356 263747382
456112356 414188839
456112356 436473606
456112356 336746847
456112356 84114096
456112356 305148205
456112356 384533198
456112356 82216800
456112356 455153273
456112356 383535399
456112356 203424335
456112356 222028105
456112356 372831675
456112356 204059987
456112356 94230915
456112356 455129854
456112356 221481113
456112356 455606838
456112356 39197902
456112356 434462145
456112356 303529592
456112356 22608082
456112356 151154983
456112356 435800403
456112356 354321048
456112356 45826667
456112356 454069408
456112356 453776465
456112356 311285080
456112356 326168089
456112356 245539341
456112356 347467588
456112356 225097813
456112356 218453275
456112356 134380929
456112356 112120765
456112356 145992996
456112356 177528892
456112356 450543189
456112356 103127282
456112356 177421913
456112356 31184714
456112356 367844696
456112356 306927351
456112356 290705468
456112356 104908667
456112356 191038229
456112356 179071034
456112356 23932998
456112356 97778061
456112356 6615409
456112356 119875017
456112356 398415113
456112356 152406511
456112356 248569965
456112356 31869487
456112356 240517206
456112356 31994687
456112356 318577771
456112356 233471104
456112356 126516862
456112356 456088511
456112356 195263030
456112356 422549934
456112356 300816600
456112356 351434239
456112356 125329691
456112356 61648455
456112356 136402960
456112356 290005307
456112356 400724656
456112356 98485323
456112356 251442098
456112356 343961725
456112356 50734859
456112356 54920139
456112356 28034470
456112356 342906968
456112356 355150954
456112356 75873330
456112356 318712993
456112356 193186854
456112356 322630020
456112356 111186100
456112356 362156947
456112356 154273665
456112356 53625842
456112356 105525520
456112356 42589846
456112356 315708574
456112356 256576733
456112356 350495428
456112356 81656632
456112356 102955611
456112356 153539782
456112356 341164674
456112356 249302562
456112356 35883238
456112356 5171235
456112356 178867622
456112356 286666139
456112356 95702615
456112356 1595133
456112356 80151933
456112356 68079126
456112356 185227219
456112356 423864510
456112356 325181755
456112356 171308636
456112356 324307562
456112356 426280931
456112356 366734768
456112356 96596768
456112356 284569837
456112356 115439717
456112356 374129078
456112356 142698902
456112356 419526784
456112356 233240600
