1000
536074925 456112356
965407833 456112356
615841888 456112356
759531408 456112356
467756307 456112356
539533664 456112356
801005460 456112356
859984347 456112356
744287836 456112356
826679710 456112356
707638210 456112356
963918142 456112356
573391655 456112356
983344701 456112356
570869828 456112356
714436478 456112356
478444706 456112356
655162111 456112356
469183151 456112356
781144510 456112356
511796257 456112356
780786250 456112356
654171989 456112356
464711493 456112356
998877946 456112356
573010323 456112356
600804426 456112356
536266598 456112356
515871690 456112356
945414570 456112356
693699252 456112356
571208435 456112356
666572501 456112356
851124325 456112356
985627328 456112356
737123159 456112356
990875634 456112356
662817497 456112356
568590471 456112356
916244627 456112356
931645655 456112356
568174966 456112356
621744234 456112356
683011439 456112356
992917588 456112356
655346955 456112356
815970901 456112356
514482774 456112356
512538775 456112356
700455025 456112356
766732752 456112356
706621310 456112356
496884419 456112356
596506112 456112356
518376012 456112356
573137636 456112356
699742405 456112356
797453368 456112356
827633302 456112356
808774946 456112356
842867885 456112356
647352903 456112356
774062585 456112356
888589561 456112356
506436977 456112356
743616344 456112356
503255278 456112356
667890486 456112356
778121363 456112356
875101423 456112356
649455361 456112356
713438850 456112356
636247513 456112356
879577874 456112356
775827001 456112356
808068663 456112356
551918219 456112356
727030159 456112356
602617543 456112356
598311215 456112356
904542458 456112356
456434282 456112356
899510917 456112356
883740220 456112356
697415907 456112356
792451492 456112356
967655301 456112356
975699959 456112356
746747874 456112356
515978078 456112356
705722347 456112356
947218140 456112356
811184773 456112356
953767257 456112356
739286176 456112356
745829340 456112356
736398123 456112356
750350550 456112356
994602893 456112356
577061118 456112356
861496840 456112356
810572864 456112356
866627933 456112356
824532412 456112356
866512947 456112356
853243166 456112356
491227705 456112356
463180350 456112356
981289935 456112356
554240429 456112356
762133981 456112356
837369918 456112356
553207961 456112356
503698748 456112356
662585782 456112356
976474246 456112356
645309606 456112356
889561032 456112356
487821364 456112356
612158723 456112356
702820996 456112356
794729474 456112356
831065640 456112356
587814577 456112356
880224423 456112356
631970555 456112356
701944336 456112356
659765985 456112356
819004287 456112356
680849758 456112356
756756351 456112356
843828031 456112356
731221349 456112356
655130001 456112356
576940930 456112356
959475425 456112356
940691029 456112356
807814011 456112356
675716170 456112356
520826729 456112356
615459560 456112356
731032011 456112356
810928304 456112356
784122447 456112356
567240728 456112356
956068615 456112356
845585162 456112356
854639953 456112356
661827218 456112356
762056946 456112356
517559026 456112356
514628981 456112356
972219191 456112356
668294987 456112356
555626253 456112356
988269932 456112356
980244116 456112356
941137388 456112356
593702967 456112356
852700924 456112356
672481741 456112356
768178685 456112356
644604963 456112356
496336312 456112356
838928070 456112356
645443409 456112356
481084138 456112356
703489908 456112356
723476222 456112356
673638662 456112356
570239376 456112356
990349463 456112356
713217147 456112356
570389557 456112356
736974553 456112356
924646154 456112356
603014018 456112356
504394301 456112356
604974921 456112356
771642112 456112356
936053475 456112356
890523526 456112356
635814562 456112356
741294158 456112356
682661482 456112356
485652350 456112356
577195777 456112356
486977454 456112356
788680836 456112356
834488257 456112356
563223102 456112356
813912015 456112356
493862016 456112356
551540965 456112356
681684199 456112356
461411345 456112356
603311596 456112356
794084209 456112356
895491274 456112356
935913904 456112356
856107563 456112356
637328575 456112356
475837971 456112356
925417041 456112356
640106296 456112356
593752060 456112356
945620246 456112356
649862080 456112356
868284320 456112356
625984959 456112356
999808173 456112356
577840729 456112356
727755937 456112356
765989692 456112356
620909350 456112356
630770729 456112356
867423729 456112356
818290577 456112356
913717789 456112356
666077907 456112356
671549077 456112356
907404316 456112356
557469901 456112356
624361901 456112356
883979453 456112356
680234331 456112356
851825581 456112356
645593264 456112356
915354069 456112356
691454474 456112356
535973730 456112356
499498374 456112356
968759712 456112356
462743669 456112356
705869829 456112356
759329063 456112356
971228292 456112356
459865188 456112356
859226129 456112356
949878188 456112356
567034376 456112356
902468659 456112356
608925667 456112356
527741751 456112356
705528872 456112356
829693202 456112356
834380362 456112356
872098063 456112356
685220595 456112356
530955107 456112356
688120823 456112356
516660750 456112356
585117128 456112356
648302950 456112356
628859964 456112356
503162370 456112356
523683782 456112356
661621338 456112356
939935354 456112356
632941306 456112356
885192723 456112356
980380698 456112356
928888983 456112356
919532386 456112356
964175094 456112356
807157929 456112356
557918065 456112356
755656594 456112356
492744036 456112356
733149812 456112356
523116767 456112356
952863236 456112356
607169898 456112356
494690115 456112356
718469737 456112356
656468230 456112356
618342114 456112356
757181988 456112356
971578691 456112356
817991245 456112356
738649697 456112356
456697375 456112356
471212478 456112356
482188740 456112356
930326720 456112356
813058473 456112356
980308259 456112356
910239954 456112356
580118520 456112356
575963328 456112356
989711437 456112356
569317584 456112356
515219209 456112356
696863944 456112356
735508555 456112356
461208354 456112356
955270530 456112356
549973564 456112356
556665530 456112356
830460981 456112356
964181382 456112356
739838767 456112356
715572099 456112356
657282046 456112356
609040934 456112356
750782584 456112356
688389314 456112356
571655776 456112356
634538217 456112356
488955728 456112356
739058292 456112356
802056812 456112356
612523282 456112356
702549104 456112356
497503422 456112356
875264363 456112356
581902993 456112356
683418088 456112356
481853340 456112356
898661572 456112356
808990526 456112356
458847056 456112356
571320314 456112356
898452765 456112356
701813855 456112356
573439767 456112356
560883919 456112356
651717197 456112356
703996434 456112356
874679956 456112356
998846277 456112356
546836512 456112356
635230893 456112356
465502128 456112356
614875920 456112356
726908489 456112356
846671525 456112356
635161650 456112356
766021294 456112356
828992750 456112356
548463018 456112356
703176789 456112356
727387296 456112356
561971822 456112356
525957053 456112356
819692010 456112356
739268559 456112356
840203221 456112356
875667474 456112356
915486609 456112356
725493302 456112356
576652010 456112356
678763434 456112356
828189729 456112356
953154696 456112356
735980940 456112356
597280016 456112356
866485814 456112356
878282857 456112356
681697907 456112356
866496109 456112356
967067899 456112356
944081049 456112356
591782395 456112356
668236056 456112356
569598464 456112356
629162647 456112356
628105092 456112356
865064102 456112356
939282230 456112356
965855571 456112356
598013373 456112356
518782145 456112356
799657547 456112356
516607001 456112356
589749358 456112356
597127587 456112356
651926092 456112356
632451038 456112356
676068338 456112356
861497522 456112356
625710867 456112356
698087158 456112356
907214813 456112356
633601774 456112356
548616763 456112356
874708736 456112356
772260241 456112356
965898114 456112356
741630845 456112356
783150230 456112356
526370681 456112356
900209694 456112356
765802366 456112356
953677306 456112356
496138665 456112356
498769253 456112356
524143937 456112356
930097581 456112356
535005302 456112356
943160130 456112356
953401591 456112356
489739340 456112356
506195985 456112356
495428056 456112356
645875271 456112356
493961811 456112356
966808649 456112356
484386915 456112356
534671914 456112356
549399052 456112356
617105005 456112356
654862131 456112356
542381057 456112356
887366174 456112356
562308726 456112356
626667839 456112356
523956226 456112356
545347718 456112356
718770027 456112356
621642968 456112356
540164062 456112356
814075513 456112356
525027194 456112356
651298538 456112356
475974221 456112356
689507733 456112356
559296433 456112356
722430659 456112356
807945596 456112356
814567338 456112356
815766470 456112356
758961930 456112356
856237196 456112356
963976802 456112356
918930418 456112356
675387688 456112356
693690870 456112356
493161204 456112356
523826661 456112356
590129713 456112356
579148126 456112356
696326085 456112356
722773079 456112356
653124755 456112356
568778665 456112356
667289719 456112356
575420207 456112356
706938718 456112356
829252314 456112356
613532669 456112356
786391548 456112356
634337367 456112356
515956015 456112356
631087979 456112356
696277344 456112356
847191395 456112356
597076471 456112356
550565594 456112356
857749791 456112356
794870535 456112356
663940819 456112356
940881550 456112356
793297052 456112356
945122474 456112356
549089748 456112356
785557903 456112356
691863763 456112356
845320475 456112356
710679307 456112356
565261518 456112356
860450535 456112356
508753956 456112356
924860431 456112356
768461623 456112356
750394022 456112356
896342593 456112356
607445877 456112356
644940349 456112356
486168412 456112356
714625250 456112356
914359911 456112356
741803622 456112356
842053867 456112356
528877563 456112356
911282458 456112356
793207400 456112356
788486173 456112356
936023676 456112356
679572902 456112356
804606059 456112356
882146243 456112356
886798242 456112356
600688370 456112356
504092950 456112356
481358572 456112356
578319913 456112356
464680815 456112356
878363492 456112356
582679298 456112356
754893200 456112356
504814523 456112356
702607240 456112356
895774632 456112356
831708674 456112356
923336102 456112356
580389464 456112356
742233252 456112356
465751879 456112356
918740784 456112356
714010532 456112356
757707678 456112356
537355838 456112356
819299791 456112356
592614898 456112356
728021092 456112356
509766684 456112356
746976218 456112356
640734537 456112356
778552281 456112356
647460333 456112356
947646529 456112356
653025862 456112356
668670685 456112356
768529658 456112356
546017115 456112356
939114136 456112356
553896326 456112356
891110769 456112356
465905028 456112356
872699215 456112356
776820988 456112356
684524060 456112356
515179384 456112356
743448102 456112356
556024214 456112356
679296647 456112356
816177626 456112356
480780478 456112356
790409813 456112356
484899822 456112356
910937586 456112356
728105425 456112356
462006355 456112356
743491446 456112356
468958184 456112356
492531474 456112356
881699372 456112356
530785472 456112356
803469892 456112356
563439820 456112356
851251779 456112356
588764404 456112356
780678218 456112356
577800916 456112356
633327656 456112356
981186584 456112356
884955833 456112356
690839441 456112356
927023115 456112356
958194641 456112356
614939576 456112356
900106879 456112356
533532628 456112356
679578071 456112356
881683984 456112356
609893536 456112356
605644075 456112356
560979471 456112356
631434126 456112356
665301743 456112356
586051220 456112356
655793975 456112356
594919982 456112356
933778475 456112356
913790214 456112356
592684297 456112356
833489619 456112356
501838177 456112356
461543188 456112356
744738351 456112356
670350981 456112356
737739823 456112356
938885297 456112356
506241967 456112356
795258510 456112356
588597438 456112356
840593249 456112356
886140867 456112356
597626675 456112356
894336257 456112356
861756608 456112356
950952324 456112356
882212929 456112356
580297546 456112356
583113365 456112356
586544082 456112356
491980791 456112356
704444660 456112356
474589516 456112356
595934690 456112356
759811361 456112356
783853068 456112356
569754728 456112356
866543213 456112356
483768217 456112356
631587130 456112356
850694645 456112356
766858371 456112356
717236243 456112356
593817510 456112356
782515011 456112356
937001984 456112356
552393613 456112356
550035007 456112356
589439327 456112356
898877359 456112356
491665014 456112356
985375295 456112356
965086563 456112356
469336536 456112356
562388889 456112356
930590500 456112356
743581152 456112356
648520956 456112356
649681192 456112356
557930858 456112356
458125721 456112356
557674923 456112356
914881551 456112356
768245212 456112356
600657187 456112356
577793482 456112356
630674534 456112356
732110697 456112356
599015965 456112356
593741642 456112356
536896919 456112356
960811055 456112356
650754659 456112356
773446808 456112356
722606278 456112356
531002631 456112356
651945061 456112356
608694379 456112356
716570029 456112356
695757604 456112356
858258684 456112356
906525482 456112356
687959173 456112356
902586838 456112356
565678126 456112356
818546308 456112356
814996000 456112356
940231908 456112356
619143980 456112356
641583295 456112356
883035262 456112356
986984145 456112356
524127969 456112356
796344149 456112356
463302054 456112356
936223103 456112356
532492722 456112356
568508113 456112356
601367646 456112356
577801749 456112356
881818715 456112356
508163830 456112356
463462467 456112356
833555739 456112356
706068647 456112356
898878597 456112356
756215975 456112356
942507751 456112356
664445198 456112356
850048817 456112356
622318982 456112356
841109777 456112356
600609721 456112356
915981014 456112356
879974488 456112356
865652074 456112356
825933056 456112356
696900131 456112356
635678967 456112356
825059973 456112356
704226721 456112356
752905102 456112356
870688011 456112356
761984570 456112356
819803044 456112356
816906744 456112356
595299275 456112356
924304441 456112356
520180995 456112356
986709088 456112356
897833600 456112356
758371650 456112356
540177381 456112356
902104829 456112356
674810644 456112356
963176796 456112356
525119419 456112356
534317740 456112356
840677491 456112356
669322404 456112356
778083501 456112356
507625102 456112356
500171861 456112356
892985840 456112356
677323020 456112356
676927004 456112356
542048450 456112356
733469093 456112356
546267268 456112356
970937891 456112356
591459156 456112356
908635682 456112356
921249806 456112356
548544557 456112356
987460542 456112356
724128983 456112356
711655453 456112356
563453598 456112356
948521626 456112356
790166634 456112356
576046185 456112356
860397221 456112356
731878644 456112356
676790668 456112356
526345344 456112356
460485519 456112356
562451245 456112356
749397691 456112356
472920754 456112356
484870996 456112356
726935045 456112356
848962843 456112356
912904875 456112356
514317464 456112356
950346940 456112356
955616404 456112356
707117389 456112356
569862849 456112356
878544984 456112356
634795826 456112356
905947707 456112356
467924869 456112356
576042739 456112356
868042765 456112356
982917528 456112356
811739151 456112356
914220096 456112356
815171739 456112356
906780135 456112356
633148273 456112356
528168852 456112356
845433599 456112356
679883583 456112356
510930148 456112356
693649806 456112356
580350413 456112356
884666632 456112356
563370084 456112356
831770447 456112356
659434759 456112356
693359731 456112356
852904179 456112356
960337382 456112356
767879295 456112356
977724871 456112356
607800129 456112356
925229313 456112356
716821456 456112356
971685882 456112356
842208384 456112356
625581510 456112356
558123145 456112356
825218981 456112356
541097005 456112356
971334328 456112356
887648245 456112356
529299113 456112356
771313824 456112356
556950271 456112356
540714150 456112356
465912698 456112356
705777000 456112356
665164393 456112356
908113722 456112356
637585347 456112356
889488804 456112356
742610563 456112356
945578202 456112356
474144799 456112356
742794360 456112356
529466374 456112356
997325016 456112356
826732893 456112356
727447819 456112356
895282588 456112356
552068630 456112356
676562977 456112356
789507064 456112356
851520312 456112356
808421763 456112356
681670375 456112356
579607858 456112356
561420789 456112356
910444603 456112356
763285280 456112356
849990703 456112356
938488811 456112356
654582896 456112356
981877232 456112356
558284384 456112356
503193079 456112356
640858840 456112356
593413790 456112356
803287078 456112356
815201302 456112356
492490466 456112356
786262784 456112356
943297512 456112356
460110087 456112356
695423730 456112356
785778348 456112356
894234460 456112356
836150146 456112356
711130732 456112356
576761227 456112356
499232453 456112356
714170663 456112356
852550323 456112356
778194767 456112356
675233609 456112356
744005119 456112356
955433526 456112356
501034304 456112356
936025918 456112356
809847340 456112356
891179589 456112356
640961042 456112356
979636192 456112356
764925330 456112356
938317614 456112356
749823718 456112356
681150120 456112356
723809361 456112356
754830478 456112356
461901124 456112356
911102646 456112356
957912612 456112356
645930752 456112356
781728600 456112356
506310515 456112356
641017298 456112356
774496997 456112356
771598341 456112356
824994065 456112356
519705819 456112356
672665475 456112356
622036126 456112356
978044217 456112356
532282773 456112356
889940322 456112356
978780150 456112356
702210959 456112356
817155949 456112356
457830857 456112356
459422118 456112356
489109492 456112356
905447908 456112356
631695710 456112356
625722694 456112356
573697938 456112356
947309637 456112356
562866668 456112356
473349468 456112356
992627025 456112356
736447749 456112356
900299241 456112356
999685451 456112356
655698469 456112356
793834128 456112356
635310712 456112356
763575288 456112356
835509168 456112356
996000465 456112356
727759383 456112356
465935279 456112356
526358333 456112356
583822832 456112356
473190594 456112356
798657597 456112356
574323148 456112356
970334880 456112356
996590598 456112356
828306573 456112356
739159309 456112356
669209857 456112356
863894357 456112356
644611442 456112356
918178197 456112356
467015237 456112356
461884731 456112356
739067050 456112356
821827083 456112356
742523347 456112356
535371645 456112356
779520945 456112356
701036688 456112356
886981896 456112356
881877816 456112356
870904181 456112356
742801882 456112356
694217024 456112356
880069977 456112356
860216707 456112356
539237134 456112356
532477629 456112356
739247103 456112356
507181994 456112356
572366155 456112356
910135635 456112356
764340700 456112356
895707455 456112356
753546028 456112356
551418168 456112356
730834290 456112356
782054404 456112356
866848610 456112356
741041725 456112356
736883374 456112356
685919123 456112356
778954560 456112356
776102527 456112356
631354603 456112356
898219808 456112356
628521633 456112356
781698885 456112356
521353659 456112356
959740398 456112356
733814846 456112356
802779046 456112356
635940614 456112356
793769134 456112356
584925506 456112356
554216765 456112356
912652831 456112356
732392866 456112356
596979151 456112356
721650367 456112356
497364877 456112356
684394913 456112356
617709234 456112356
928808489 456112356
548696182 456112356
723597159 456112356
479135411 456112356
776296861 456112356
589384803 456112356
666257546 456112356
712588478 456112356
719970616 456112356
818679732 456112356
631628426 456112356
704001354 456112356
741959197 456112356
956926770 456112356
573549278 456112356
520990216 456112356
607960555 456112356
622609585 456112356
784144146 456112356
671409571 456112356
736206588 456112356
697310248 456112356
694738339 456112356
844442478 456112356
621940285 456112356
722751182 456112356
527262320 456112356
956045636 456112356
740812285 456112356
987820704 456112356
730499454 456112356
979393664 456112356
559650411 456112356
939065847 456112356
715234822 456112356
462587127 456112356
557467553 456112356
548711111 456112356
841733341 456112356
529514949 456112356
941047556 456112356
606231205 456112356
830614840 456112356
