1000
100007 42354
100007 15031
100007 78369
100007 56957
100007 81588
100007 56574
100007 19569
100007 36468
100007 56652
100007 2645
100007 3600
100007 89639
100007 22777
100007 15229
100007 10645
100007 43696
100007 83768
100007 17663
100007 95925
100007 76795
100007 21142
100007 4968
100007 61177
100007 34379
100007 1837
100007 5489
100007 1376
100007 44938
100007 13935
100007 92309
100007 83810
100007 91013
100007 19449
100007 685
100007 47163
100007 82460
100007 97064
100007 62139
100007 26693
100007 81974
100007 75865
100007 7728
100007 37164
100007 85327
100007 61159
100007 35020
100007 89488
100007 33145
100007 98282
100007 4724
100007 29603
100007 12957
100007 12996
100007 68387
100007 61865
100007 32742
100007 32049
100007 82401
100007 92496
100007 99048
100007 32578
100007 41209
100007 46608
100007 58571
100007 36602
100007 5452
100007 46732
100007 72330
100007 99342
100007 43314
100007 9940
100007 85590
100007 18196
100007 29298
100007 80978
100007 55207
100007 95932
100007 4822
100007 39052
100007 78725
100007 51421
100007 23364
100007 54228
100007 75995
100007 71839
100007 17354
100007 23903
100007 62809
100007 29972
100007 83304
100007 26794
100007 63542
100007 14205
100007 29103
100007 74745
100007 51317
100007 56050
100007 89534
100007 58467
100007 91458
100007 76806
100007 72143
100007 31784
100007 87874
100007 62508
100007 79405
100007 47711
100007 84760
100007 16217
100007 33699
100007 46604
100007 76931
100007 30086
100007 46298
100007 59671
100007 15570
100007 29966
100007 88667
100007 65158
100007 77981
100007 94172
100007 78377
100007 8151
100007 63194
100007 75043
100007 67493
100007 84178
100007 30019
100007 57005
100007 2749
100007 3813
100007 43027
100007 16613
100007 6373
100007 82643
100007 41117
100007 87020
100007 82191
100007 43672
100007 92134
100007 50576
100007 96403
100007 3930
100007 46391
100007 46526
100007 33244
100007 54071
100007 59867
100007 16462
100007 96448
100007 30520
100007 58108
100007 27189
100007 72475
100007 32108
100007 13482
100007 27963
100007 79471
100007 30196
100007 57668
100007 66701
100007 78876
100007 9003
100007 88085
100007 44857
100007 63854
100007 64137
100007 41300
100007 32926
100007 99478
100007 24132
100007 88375
100007 22246
100007 8504
100007 85502
100007 4298
100007 23954
100007 12889
100007 49855
100007 13341
100007 2770
100007 49690
100007 21955
100007 97907
100007 62385
100007 96453
100007 82330
100007 90218
100007 32411
100007 88986
100007 39269
100007 76995
100007 19066
100007 23548
100007 26780
100007 61399
100007 97407
100007 90790
100007 99387
100007 3021
100007 11353
100007 66428
100007 58699
100007 97424
100007 13535
100007 48747
100007 20029
100007 70990
100007 8747
100007 13904
100007 57594
100007 11708
100007 24724
100007 70437
100007 56279
100007 7170
100007 39675
100007 8754
100007 41662
100007 20069
100007 43704
100007 59859
100007 27831
100007 4743
100007 12417
100007 11876
100007 18966
100007 10427
100007 47403
100007 64495
100007 85355
100007 66459
100007 68267
100007 8978
100007 10902
100007 10186
100007 14024
100007 21363
100007 60229
100007 3828
100007 47706
100007 75428
100007 92123
100007 32172
100007 93518
100007 44460
100007 1348
100007 62815
100007 13391
100007 15197
100007 68310
100007 80968
100007 37277
100007 23245
100007 71729
100007 73758
100007 11518
100007 53196
100007 5687
100007 47553
100007 88829
100007 65747
100007 82606
100007 55339
100007 42195
100007 2755
100007 10708
100007 21074
100007 44034
100007 78294
100007 48175
100007 75330
100007 85684
100007 60345
100007 64683
100007 55358
100007 36622
100007 38121
100007 11029
100007 52141
100007 75876
100007 71194
100007 83433
100007 34521
100007 62273
100007 87445
100007 1015
100007 81740
100007 26694
100007 56811
100007 88564
100007 7709
100007 46778
100007 58125
100007 8810
100007 74970
100007 12620
100007 29651
100007 63532
100007 3989
100007 78754
100007 97895
100007 33692
100007 42100
100007 78528
100007 97803
100007 60430
100007 22950
100007 93190
100007 74856
100007 96423
100007 3040
100007 60507
100007 94915
100007 53525
100007 35397
100007 69667
100007 98017
100007 34052
100007 83825
100007 57529
100007 15399
100007 80611
100007 41907
100007 87475
100007 18747
100007 94816
100007 63941
100007 93656
100007 87679
100007 47031
100007 81782
100007 89514
100007 89093
100007 41995
100007 95509
100007 46410
100007 96329
100007 45304
100007 75000
100007 55861
100007 75012
100007 46561
100007 44135
100007 21940
100007 9541
100007 20054
100007 22477
100007 91410
100007 42426
100007 15091
100007 99947
100007 75103
100007 12918
100007 78441
100007 23824
100007 24114
100007 34070
100007 34542
100007 79514
100007 87242
100007 71765
100007 69025
100007 32222
100007 61867
100007 57808
100007 99030
100007 63076
100007 45517
100007 93762
100007 51557
100007 69508
100007 98897
100007 42617
100007 53716
100007 27581
100007 13189
100007 97610
100007 93773
100007 3668
100007 97360
100007 81340
100007 56557
100007 59221
100007 41755
100007 57589
100007 2256
100007 12554
100007 1403
100007 15247
100007 44877
100007 12434
100007 78378
100007 90643
100007 66007
100007 64982
100007 36046
100007 1694
100007 75700
100007 13135
100007 40263
100007 93862
100007 57179
100007 75872
100007 72009
100007 18111
100007 43685
100007 86098
100007 66081
100007 64664
100007 41528
100007 91421
100007 99569
100007 85528
100007 15525
100007 62970
100007 35188
100007 87558
100007 12070
100007 6073
100007 33295
100007 24627
100007 78344
100007 45084
100007 83856
100007 23258
100007 19518
100007 57158
100007 93083
100007 85019
100007 53860
100007 95739
100007 35983
100007 58090
100007 27804
100007 52172
100007 63135
100007 60891
100007 77446
100007 8640
100007 69465
100007 9115
100007 56897
100007 7102
100007 11447
100007 82312
100007 81560
100007 34821
100007 93956
100007 80625
100007 96837
100007 58274
100007 52915
100007 10726
100007 99550
100007 48946
100007 30218
100007 81054
100007 25307
100007 81569
100007 54406
100007 45699
100007 66648
100007 18364
100007 84315
100007 84223
100007 68111
100007 31360
100007 71068
100007 29970
100007 45072
100007 2741
100007 92406
100007 74156
100007 58763
100007 90354
100007 38821
100007 75751
100007 65425
100007 1136
100007 96831
100007 2671
100007 32179
100007 70734
100007 63483
100007 80004
100007 23857
100007 27258
100007 46378
100007 97340
100007 48182
100007 29427
100007 14228
100007 71108
100007 51939
100007 57194
100007 89940
100007 12178
100007 62045
100007 36341
100007 19534
100007 9736
100007 48358
100007 9308
100007 51550
100007 81120
100007 65360
100007 47383
100007 75235
100007 55564
100007 42580
100007 19445
100007 53292
100007 60503
100007 83619
100007 3785
100007 31199
100007 94588
100007 94567
100007 82230
100007 27523
100007 74804
100007 5488
100007 36005
100007 23414
100007 99948
100007 99674
100007 1989
100007 10276
100007 19465
100007 62445
100007 28205
100007 94581
100007 32692
100007 42922
100007 57152
100007 82430
100007 62720
100007 50446
100007 34971
100007 35959
100007 58959
100007 43656
100007 75165
100007 80476
100007 9923
100007 46024
100007 41029
100007 26036
100007 60071
100007 27291
100007 31010
100007 17379
100007 69837
100007 8055
100007 66745
100007 35525
100007 2652
100007 13022
100007 24163
100007 96779
100007 17461
100007 66488
100007 99760
100007 31063
100007 80773
100007 86770
100007 87192
100007 30781
100007 78095
100007 89057
100007 34218
100007 42799
100007 73464
100007 81257
100007 9155
100007 34478
100007 40563
100007 56039
100007 64406
100007 82575
100007 15912
100007 55165
100007 89462
100007 56922
100007 51095
100007 68873
100007 50998
100007 18792
100007 21288
100007 26622
100007 10521
100007 13807
100007 60103
100007 94561
100007 29608
100007 50841
100007 23737
100007 8049
100007 24664
100007 38552
100007 10587
100007 94019
100007 77157
100007 72394
100007 44514
100007 74646
100007 53904
100007 88998
100007 73535
100007 64021
100007 76043
100007 64672
100007 16939
100007 59099
100007 31586
100007 82957
100007 57527
100007 84637
100007 28202
100007 13298
100007 47445
100007 74679
100007 92457
100007 42548
100007 34913
100007 35131
100007 81286
100007 79816
100007 80009
100007 28371
100007 96413
100007 4062
100007 73866
100007 77605
100007 23169
100007 46369
100007 82534
100007 77417
100007 9833
100007 21271
100007 70446
100007 77070
100007 27986
100007 51623
100007 49750
100007 31236
100007 19269
100007 75531
100007 12688
100007 73817
100007 55096
100007 23383
100007 53361
100007 86571
100007 96147
100007 39569
100007 4927
100007 74053
100007 29145
100007 14362
100007 88249
100007 84324
100007 68120
100007 65420
100007 76627
100007 59565
100007 42954
100007 29436
100007 46969
100007 37750
100007 50202
100007 18326
100007 65107
100007 17237
100007 32921
100007 14405
100007 36494
100007 56222
100007 55262
100007 41927
100007 69585
100007 59477
100007 29175
100007 10636
100007 27940
100007 36232
100007 40811
100007 59508
100007 37905
100007 40579
100007 3735
100007 77033
100007 46213
100007 48970
100007 66160
100007 39993
100007 36882
100007 23360
100007 54128
100007 47494
100007 1484
100007 97420
100007 73660
100007 3139
100007 19772
100007 62516
100007 91293
100007 22521
100007 42208
100007 78835
100007 26735
100007 90610
100007 86158
100007 31524
100007 99624
100007 85705
100007 13667
100007 12185
100007 3734
100007 29996
100007 16874
100007 46676
100007 61534
100007 87705
100007 64097
100007 54756
100007 97494
100007 9569
100007 52514
100007 13457
100007 4445
100007 7250
100007 35236
100007 40561
100007 2024
100007 86125
100007 22529
100007 36832
100007 15509
100007 12914
100007 99774
100007 71339
100007 58709
100007 98195
100007 56311
100007 76687
100007 68901
100007 36498
100007 20548
100007 86041
100007 70364
100007 79469
100007 7054
100007 12022
100007 41570
100007 78229
100007 4628
100007 42780
100007 76240
100007 39933
100007 88797
100007 41966
100007 21491
100007 10686
100007 92399
100007 72142
100007 38761
100007 71226
100007 44759
100007 61420
100007 17774
100007 16274
100007 14191
100007 15382
100007 74331
100007 84479
100007 11676
100007 93682
100007 32310
100007 99829
100007 83426
100007 72960
100007 51325
100007 56491
100007 30971
100007 21441
100007 28990
100007 13903
100007 60747
100007 35305
100007 21022
100007 15565
100007 61428
100007 11268
100007 8941
100007 55889
100007 44200
100007 74901
100007 10913
100007 3297
100007 59064
100007 54647
100007 46684
100007 47066
100007 51343
100007 37235
100007 2639
100007 24844
100007 31978
100007 56202
100007 5297
100007 94554
100007 87575
100007 9382
100007 38150
100007 22408
100007 50413
100007 52930
100007 35065
100007 32601
100007 96308
100007 3225
100007 52142
100007 82402
100007 53735
100007 43445
100007 6753
100007 14496
100007 16182
100007 14096
100007 39956
100007 23119
100007 96571
100007 37099
100007 60541
100007 22788
100007 48567
100007 87164
100007 30328
100007 90327
100007 51920
100007 96514
100007 64286
100007 42129
100007 10028
100007 72040
100007 82434
100007 11661
100007 86806
100007 37020
100007 31348
100007 43957
100007 28847
100007 29639
100007 37576
100007 23538
100007 5181
100007 80603
100007 66660
100007 7169
100007 50455
100007 69597
100007 35379
100007 57753
100007 23771
100007 41276
100007 13422
100007 13711
100007 81520
100007 64782
100007 39928
100007 37126
100007 7073
100007 82750
100007 40251
100007 22463
100007 34425
100007 4549
100007 58732
100007 69055
100007 32428
100007 50912
100007 12926
100007 39978
100007 66706
100007 9203
100007 15085
100007 57408
100007 32524
100007 3972
100007 76846
100007 69089
100007 27878
100007 40082
100007 62813
100007 56351
100007 68761
100007 96036
100007 16721
100007 3535
100007 3119
100007 26681
100007 81673
100007 21788
100007 88566
100007 38482
100007 57076
100007 20192
100007 62146
100007 35452
100007 4319
100007 74041
100007 16483
100007 94229
100007 97715
100007 46105
100007 61981
100007 89379
100007 8227
100007 4894
100007 42741
100007 50373
100007 58493
100007 59923
100007 4464
100007 4877
100007 63201
100007 28617
100007 28325
100007 90051
100007 98144
100007 90375
100007 1306
100007 85169
100007 26597
100007 13689
100007 48543
100007 71219
100007 86182
100007 49319
100007 95957
100007 12230
100007 52285
100007 5041
100007 42674
100007 16002
100007 42282
100007 23670
100007 32117
100007 78818
100007 39844
100007 88173
100007 88383
100007 49794
100007 83182
100007 70554
100007 98961
100007 45980
100007 62316
100007 9289
100007 37966
100007 43691
100007 95277
100007 45014
100007 82576
100007 38589
100007 57218
100007 68423
100007 28793
100007 72412
100007 41693
100007 98458
100007 30128
100007 53100
100007 98594
100007 89446
100007 34347
100007 27424
100007 73135
100007 35645
100007 89564
100007 19366
100007 6522
100007 38567
100007 39457
100007 18722
100007 9641
100007 62568
100007 54910
100007 93568
100007 36623
100007 66590
100007 31915
100007 85298
100007 94468
100007 4550
100007 10850
100007 28909
100007 36587
