1000
552820550 116846946
205101510 448831455
451755809 387885541
571707002 97287772
498868152 463619504
581642896 648687805
471570107 331408884
393327267 47544018
874904962 918091823
474509234 297688702
558135497 201661757
139161337 14118412
813125550 293613851
108107529 716291648
2463963 656816028
391439922 1217207
855856100 45180481
238587247 798150062
426597649 947777156
120575115 744673232
234337616 733336507
913747536 432148621
26972694 439125177
60122052 179627865
202783195 438173913
94253449 406030637
438456511 595031657
83853162 980197399
600537123 752442494
491720966 883605741
318723109 703592348
595916378 317271808
27707117 143215659
272181761 364838879
785271706 88814427
948328438 418998062
400595428 954633497
413528614 152249356
119167761 111347160
136065198 492103230
892960658 666396502
906238733 2971283
446198982 346986625
294210234 360293161
667869507 69142700
952879278 374447298
840668838 296951807
127479625 404361146
863036775 239342074
251964060 544309261
883467011 137453691
879996282 443632649
106965565 116903640
678508502 511085453
640810625 434442126
912144428 835811075
115134588 206769938
432968941 378731849
154147527 320721809
925025452 562302653
455093685 681253744
221706106 550929495
23120409 95448260
353266484 133623636
107530811 266796808
159827155 848484085
983368617 756956161
358411484 759954961
440264714 989939548
37031949 762795267
319464117 438405943
356304072 850542976
628744770 278568868
511094849 383944800
219931337 137464469
406793133 193160542
230574381 931402294
718545522 369867442
121747558 684167368
495698827 689853872
487946163 232809465
592630087 108397703
37824881 996559275
980777096 496363379
839033486 511496860
158938213 444245081
199944760 531430261
285602407 272226958
660694889 242904605
121182341 873813343
555857549 720680828
661587604 250726843
405171236 235559661
578442763 589253889
456271397 726223135
433638111 579410577
137540701 989729303
688474470 883011599
892304271 85166451
340147995 116522284
694943497 580768154
231010539 728934193
206516472 355184292
400842030 228019454
551201785 888356965
461498962 807454957
744275509 249828805
376933449 571757308
449122053 999970936
136997243 366300276
534000291 861923607
183397183 493954014
309765468 24836830
890506459 32749931
764115774 895628168
76129547 636906709
487031948 392072503
651349353 961681337
653209288 722575238
308679550 904018511
275829084 986330760
497860468 994365456
337544916 549097811
397650060 115435678
117345026 617069846
199419389 746732484
512251761 351687590
207583558 529558195
767006356 617374566
114257600 802309000
572025368 82029489
767278251 924479215
556063500 471928714
21760633 944229283
178036545 52994797
370720638 589608770
15529131 178550973
612847580 398133109
768208712 135712117
29034083 154875300
824764858 589323416
805094917 798587011
254276986 880374969
59037354 680694870
963697733 787097024
404149560 488392341
2294096 355118467
542995712 619601566
55415206 863855534
84610357 930022422
716678128 205796995
250231194 366511524
446989700 537002905
87488706 833531070
740723784 810136243
841003682 449042584
346331875 374181927
802033927 422858183
114283833 208466424
900602724 219488568
830958950 96346383
701282346 89472913
799263299 633795844
288722139 34907979
159207824 598036005
10474324 239360624
134835620 141566286
805944790 846189877
948646830 440305704
850564727 627416278
959276697 248772942
114917235 655942855
605623428 457760306
693916272 560445264
632479733 256721584
33274247 443454491
104759304 533220636
639850605 679459789
948428947 610020605
265828195 517654210
925136340 835165
787468676 174641586
661075199 142289336
543285523 810476667
306038443 725810402
338532981 569325674
942606583 494902464
272307740 993448252
363543537 581080956
430370599 736353426
949200555 77723985
880502048 616106704
852472901 963593834
405288981 206272813
816876748 752618903
376537195 499952197
969633741 635725312
810089942 896245994
975622286 312575122
992624063 53812292
743945272 821922827
762315720 4466198
741161333 530431633
519408611 60986444
955376396 22406353
830074322 861495138
551145523 729728521
394078788 115941498
165436144 98811568
969760897 491933121
398287910 392856814
76463739 718365014
561029786 733655593
206403126 97731281
367438487 341141549
467477359 806057888
86008551 102493342
69965294 947217650
534518714 631844965
32772836 858237907
701974842 891013840
990433917 264804913
620938660 589732093
938544177 56989501
736004804 432215581
680479228 870917479
209570011 445627342
794059636 677400387
44894635 283500845
54627814 894663780
295917139 543792934
178465017 167477675
45898824 963984629
144497504 829546755
112569600 258063475
532160315 65772973
717090100 515637952
359417593 488242375
776633293 953264810
591040017 833572363
85620027 388467923
28963357 280599831
914972785 36354974
159641379 405066459
883681045 506736485
365877007 840265017
110362241 657477571
997268703 978334328
860259836 83005974
809420694 271549886
828062262 126236970
281859687 477688151
956937536 419474441
902988235 954956234
129600654 218824682
506262009 63277025
122359908 415979729
394109399 11476088
939566232 124617060
342578494 606751578
877669546 167206784
694810142 447175902
576557486 144933192
990772718 929594778
470128643 17181945
284429584 146437681
128204656 144831620
165746709 150378657
780045444 493388809
932467593 923443563
878252317 69863032
119779331 888782538
334866588 768535711
106954341 581708881
407692127 641263771
446846808 404064388
141029832 899219821
233786271 23052792
632139717 435022908
421932537 892878820
339409595 939770452
120873002 428322953
981801944 15963819
665113465 719767990
758363129 547594876
450531480 96470484
187490091 890659878
18823539 923246771
785571591 237936765
687838808 922745340
631069197 914775498
232395198 563101323
416638384 837184438
343263146 597673334
670651909 843273116
288701696 478079108
514463918 187056506
333911767 85567158
797825048 542967247
14548783 320746047
503375725 909930460
337953661 958851855
664683210 773254919
605487120 18393705
265061857 139558086
518182249 65824264
440963824 73353036
909774722 865630517
137063814 136198807
244408983 511416763
867960337 404094398
75193072 864611276
852951919 524457210
395628107 250621769
520066709 861757494
753286155 850517358
333158675 100115206
119991787 240086612
492663076 60227522
767615874 387177388
252758599 802709805
609447915 91991228
52943836 237460745
128426493 534854193
245464437 404208164
798923467 97484591
627644400 195430432
112436339 824439427
552452282 37511551
648098677 396728085
410686424 101507459
855238376 987706669
965166360 147739913
235083826 197716361
121684003 47395189
448281330 186521940
65626431 125326595
20478689 145448928
229685322 407218168
79280779 597039801
564018243 766597882
579431993 167723169
245634719 745911262
382424165 43191402
326297519 28791172
951309983 588271085
449554767 457886202
284536951 567645952
49143020 659800589
766586308 56834356
26245195 460591251
72890705 24217173
838449742 995342128
19508144 210621310
465227756 765093909
150251070 796789918
383342349 411989987
224150676 993958084
112475021 646408784
737810367 127571111
47510574 126090129
859203077 276616971
797831782 998651700
408917230 679174483
612913216 19631345
479839535 446013388
988879580 745838928
54310806 648871244
143428571 547396080
607941926 79882601
83056570 979297217
506738256 95608825
968635646 21355864
756499173 32860130
643203574 830376893
59287807 682850181
659524986 130400671
74248769 64241360
358122674 841839262
744910842 214678918
572652188 463315573
60644790 515269915
520134669 777637549
686544628 56701925
401806041 316112664
317194455 761563540
428324134 613347500
171484857 932676345
781151319 729516321
811763547 634381467
884580642 733264087
552592407 368605759
218063374 755410882
428540143 70128006
278522325 591499993
21553993 77449361
827366055 566680210
195271224 972383554
143706795 602090249
688913605 509801476
80889677 480952500
513235182 51596462
316584165 105884373
141343850 54521001
577302200 434584130
581773106 514414830
273433646 917702211
577337437 416552759
409399229 82305872
354645288 544535669
725793613 299768915
939139893 248678736
392217835 885343825
519475756 862330136
904111419 918630614
204472449 795821676
866326413 696792513
889249408 919235406
928695443 627107371
391964821 529382408
758583585 57819450
285251420 718197253
123043867 503106580
146386004 603980394
499932224 183420514
125027751 645065384
920244990 273037136
586294367 65333170
651068319 756583497
994845569 142286938
31453016 440957422
59070548 918886027
323558881 636013517
665051201 645853542
563577205 493384883
214176206 878515405
164033227 75811208
830191305 731862630
614142786 427292891
922026336 522567182
586330082 329511713
137197113 221532628
441055233 211034023
169153360 621921352
167559761 394920963
93311199 323317371
363865765 343242184
80760365 505750687
470786459 791528067
47523819 671636242
919979922 268315829
152018135 22702411
162905345 45645175
196922496 656044225
146519776 486797899
107215337 358301711
612284491 899399286
711215440 681640555
741426779 109902042
900723241 588890245
49986359 511349317
669715723 257515068
535686835 449345151
216113858 788397568
167196872 566135737
568546279 800736939
118464884 142740388
771622444 491651162
498783046 200815608
327877681 574098758
592671232 926313667
755608851 556159315
397898591 545730080
881207995 806499494
101659623 623689933
474417512 376235931
570425923 77408520
427959941 955345245
19033119 477065602
74952019 278841351
269566994 942599820
66289421 899931869
325069801 252170103
682490648 606531755
463588288 712140560
781566818 854851098
394634266 980877320
540368251 101078000
177565273 294016881
831111921 874073912
629464128 956768237
901680011 526575407
364331355 690247985
655780141 43619235
501529744 279012341
838264 765254027
756175390 92159581
871144354 439683793
898446929 790856179
892245974 503543127
945134722 993768090
808850260 11474197
993531712 939470098
813739589 326895826
709893887 604457675
292460947 871636384
643366122 9288296
918029456 638855050
311531899 52104038
789129352 10948129
434763425 828889275
441826643 63714763
802973190 671370704
875498374 51697770
353687956 13810761
927347962 153267848
724331535 736625633
870948651 500771073
513544917 35571050
934921806 447345851
653958552 655180355
598793537 711642361
9811373 65713100
865037807 482110112
462319325 595867533
134615091 473794056
283633149 768327115
323182335 4172746
888648973 542378734
287103995 43082460
902010211 71965035
447659092 570071731
509709852 226643961
443005409 268493902
326556841 695732180
26573668 225548897
251783286 127476442
924151540 736885999
394522340 961524121
258120639 671121169
138088792 503110644
510888528 316654191
109224435 797381185
232543732 317669027
132685894 110548151
958552580 347124052
349065145 495638682
802931146 935255392
765495994 247690111
24171604 620011275
615144223 911178749
404788110 754334754
693715784 567280324
440219847 733803103
26700145 580859423
537112 480310585
86157099 783352725
428768592 314923909
106180409 877795874
230888301 857749769
76343419 319153884
457363604 76614915
66821880 411974410
127240297 13297115
520287128 888704352
540739087 446432929
647023339 269321508
645156813 401679056
140294213 398445935
591346446 11369865
287045064 693869720
121203033 284059058
23342770 643660104
419820939 536602721
906310437 646638211
751637224 489303667
403291836 114112665
789789410 133541864
489398968 642465511
668669193 561503646
354129069 626177621
54886215 84845377
791645566 121184232
15422895 283529359
339509736 508591104
151661653 811708287
136438490 102218974
683935515 709894864
939177594 309420208
857386143 768476576
943023769 913957053
786302510 87867116
943324607 459147416
877240731 396243388
243598183 199522259
99138677 682040080
219512108 522235357
769097087 924951084
321526448 757386007
330168430 497500736
153890985 898108337
999657388 651126901
969629392 935359230
603936817 631545326
552949927 671730413
219132794 643794951
248004533 773413504
963063412 84799752
885101835 103371503
458680914 348504331
958805061 237092633
648708036 764966438
248113201 606963912
367203736 745733367
760784047 619148507
380761215 549529481
109399778 360778920
475763806 219616847
254639521 333457905
768964536 917927737
727260377 823408143
67021551 1930963
978470259 196720452
204026132 907590669
97570964 707648789
107188338 466306935
861157586 631407253
969311183 76415005
395124060 516206307
29742397 818679009
69543383 937982910
798732343 962882065
190904396 170304349
36364635 50461056
219630054 452813043
885344799 210655632
646819904 380250731
111877599 725414880
881449689 724058912
632755671 8769339
458527646 836314454
69548540 485675310
160291976 786017596
558574146 490614526
915690998 190350700
96922923 879467748
98272579 103053773
548576705 321801119
538729190 421825721
625538984 783429117
446590651 161851241
238366487 206915961
427018852 171505452
163594630 1249387
788298331 62785695
296802257 882313633
160740812 46584283
103575680 868158918
679529095 770854688
746366861 713038518
882022586 183995959
88352775 114130874
733550466 356381502
961383696 744882482
993205474 560006590
376451843 761995328
927357194 196709635
434580062 543049464
975459475 315348387
734475967 436392906
22244070 609416589
721324541 741671043
984354325 671539966
499009785 411945858
224757650 159966157
776770485 742622525
313429985 408385872
292757867 238785266
938092130 7566311
711980668 271010371
495106639 80628154
144436131 847875722
940007253 508920274
666915052 131430146
503207598 128193314
191700162 116316449
867797183 648504877
524119871 74433498
412906119 136205290
52867244 705846657
915211579 471116006
6669505 558430841
650519790 987354143
855377954 740133104
543599861 326841592
552796439 440362345
32507218 723949236
751794667 935770791
485939328 574594113
986692022 612599630
5589081 539037373
537811571 184101928
778351177 779381983
389326397 44000867
852311284 522188721
619076948 55359991
55148742 9348666
75663478 994046882
502820823 767568018
739286249 781422630
781881602 935721276
582080902 917117084
917959762 308810243
302709214 847632484
291796452 348526304
251961998 359093575
577733049 13368889
372995691 244824042
319849450 459632180
16703532 543199938
818332687 5629726
980161009 225752969
141994246 36354743
355779503 725064305
192536577 944119125
144279289 420714853
435379384 946237536
149909196 540632711
783155898 758923006
116429164 591161912
564362184 733410611
860895265 219764792
153678374 599711303
583145226 239078891
124655616 789819578
646690013 535488613
471179196 838898246
573350473 232563944
418328114 205184040
361390793 42764950
339262231 225697756
810846326 409790678
849240320 519761751
97306516 316176875
357066726 94347566
524987688 721847891
405244854 273171423
759681557 638002564
999775041 277404257
373180071 102489916
834694673 30913551
143457910 497025130
842177774 839329445
837748044 16160367
350123597 825138923
298564242 852016327
182678324 623772830
107172471 580744431
119359195 825419826
914881926 105798730
112004843 734771953
727505087 275479520
75749367 849097393
939179899 226447159
459006065 649028204
392303889 35483
731102692 70161511
928079883 517292181
40589648 472287509
94454924 708466155
983701631 391720457
633154695 345039693
492174720 467877930
265561061 823991961
879594880 852819648
946148405 362077721
104659372 321019371
837183641 388023199
164168 62534026
14560371 366269897
207626909 848746038
841014949 489606313
535975956 70902641
309902679 509723808
157564672 344007533
173808154 970588679
523354088 968404882
104823361 156715261
435376894 801141019
787019856 845606239
111048628 171456553
458251434 61922038
89904936 144286424
961203482 378214922
308179073 4111066
890026025 351975568
218583533 695716745
407618891 960212464
718886503 64326923
606475732 145475027
733364156 604790534
986355168 524508530
378455180 528499478
313105058 872943291
789534516 47632722
79435201 521146295
910776972 932392870
107971821 380300407
15545336 762791203
816195924 53986622
221650271 834147865
12971363 959313679
681627931 484669302
510524204 441318892
822832026 523880581
487932437 433175023
42010573 292787895
784527633 220948913
976476922 784722633
125040071 35775552
386701800 709628478
518501336 846285652
61028855 976943553
199095161 832663276
67484550 622150307
428207119 994535264
36290402 40164787
125330699 488252008
936279205 81181121
900762068 671077763
292715893 248038481
2852203 434756513
128057940 941708311
590736405 355268982
713915117 255292190
563818928 106486806
316329940 23761585
578122967 435225366
939184533 356436285
225473517 92255904
412690531 747760193
673311106 262831112
399589894 301940714
984253810 854689037
545991992 63570929
163493820 263799925
746638850 8547251
731093949 612720841
897819564 545997881
209340376 203819189
110039363 175846144
507256158 291352924
210656425 586337681
731579704 23039726
995083023 587545202
803552150 493927241
43203918 979502790
973522914 76657144
924695410 341382752
551318323 918081856
914443190 728516829
128990957 828041125
257725636 937396389
659333951 634885301
632339317 352961330
787921796 915872397
561315982 776207016
39577605 414273972
222205200 416725252
264391767 108519691
724924008 456098006
481536206 430410914
398765665 552156974
182217931 886909599
974126979 831474095
386195268 130905634
681111425 993936569
525654412 495462188
326768940 912413250
780135028 373448270
133957712 250982072
576136478 968120482
604260800 581423246
240289563 938575920
400169845 616669801
941094811 712468421
741168124 803113237
403231330 22829286
581115768 917390100
868660837 3021605
677095133 30127167
445089041 541567212
513304573 77282661
260396636 448066937
361773420 338694610
387235621 942324634
185629768 360193085
590731776 623198366
27482398 113078893
50079353 241786719
122521967 31205466
309692914 123354816
372366534 156516826
998335257 809687240
864109665 101138400
495143402 826956352
279139195 402009882
181077730 47455490
70911446 776947683
985344140 739954391
270364734 701082201
977266933 308348611
901650666 59479030
30772712 739674177
210721665 250053069
937095907 889592661
330738563 554388537
150981831 882470523
198758686 132295114
988661786 525976759
921238756 478889703
801927310 880277147
452505467 438873647
322289027 773844197
926883285 619407514
353523817 8167761
981629063 158509138
61792375 147900370
129407490 696308810
936783853 749670328
584451243 289433212
909909200 241260409
836771480 496845248
762810863 334426422
646146513 25524569
150300409 533091106
523944040 799459239
451737284 760115103
547693881 882726816
342004686 94840195
402390933 494925136
680238433 473636932
163467619 530898572
649176856 534974460
532094443 653547248
701008512 412712552
75557082 934068005
90476994 100782949
29325720 993126398
770278383 378182836
22587335 968707988
197771375 567609666
83136756 799645400
21452883 662895325
701100935 840464022
341331382 939703804
453840178 809735828
770073783 897670018
93432441 834834879
277947636 189765116
146183730 99421111
989316605 720783175
568623568 523931036
217369998 307202166
676237419 878062611
880043244 356612673
469667708 686429928
640034498 11373464
203776616 213070586
256207888 597736939
30165429 918325408
362263730 967226966
654894131 928527002
15011387 826863310
969728556 552843763
152065168 140091874
547532472 165838418
386517454 446561645
803450028 742314208
26376849 108100200
47630956 65163272
185921364 47254615
723051576 828735247
343739240 415913578
539295297 827887132
663552912 860531592
175519039 231503502
894273746 723079905
518409163 568796345
84181171 335710038
291019734 102097633
99853411 10690714
605546384 104988458
802755921 608203005
761824601 652507543
923505951 989999746
181649655 398751198
152212608 139841553
416446620 667574883
661470850 178530237
