1000
612 935
426 607
70 253
268 63
976 521
445 215
140 473
514 520
283 523
304 106
445 338
217 994
599 422
411 484
236 694
243 577
783 365
318 477
909 799
430 638
594 117
398 110
822 859
805 955
628 871
67 570
271 972
72 373
299 98
14 501
850 514
862 384
617 240
403 26
92 586
375 252
993 808
60 598
137 589
536 645
124 852
769 734
735 912
778 821
813 315
688 648
67 50
120 818
791 863
98 257
295 406
1 784
843 707
422 660
172 829
686 1000
547 62
801 785
999 527
55 300
167 75
857 881
119 123
113 118
784 806
382 310
746 139
699 504
406 119
520 299
838 894
593 850
188 2
562 458
285 966
426 905
407 642
81 950
708 856
303 378
359 97
996 954
789 767
383 351
74 749
221 202
59 270
400 536
134 730
467 228
761 318
342 28
414 441
886 641
541 332
286 127
505 570
89 482
83 847
682 707
678 534
332 43
807 860
230 300
695 469
395 804
331 379
476 372
220 408
387 761
801 841
135 597
778 538
816 944
617 680
761 795
290 416
978 142
105 886
816 359
450 427
806 607
166 172
117 280
331 897
744 820
778 953
295 16
953 818
613 61
1000 543
854 425
276 720
664 728
112 644
253 354
795 832
324 346
882 953
180 957
257 968
495 474
826 366
143 6
655 14
265 975
153 88
662 797
309 367
667 229
551 30
508 81
108 472
275 323
813 35
415 542
949 393
104 416
198 339
895 774
842 364
831 148
987 57
90 678
298 543
425 347
461 945
698 476
500 477
143 74
346 889
753 322
830 714
650 665
209 899
911 663
644 168
737 312
589 613
104 139
388 269
101 252
628 42
168 716
306 29
225 95
962 813
60 854
895 833
737 432
107 637
424 388
636 435
561 502
65 75
752 911
917 120
998 961
325 999
774 101
796 860
667 256
367 745
131 856
226 38
545 292
439 380
580 567
427 233
809 576
499 505
498 835
121 381
739 531
697 423
758 91
509 301
39 900
162 469
213 700
695 205
913 932
264 10
556 605
615 840
876 120
992 345
159 696
546 191
373 948
228 150
21 19
70 395
868 469
870 960
279 701
205 490
879 98
690 111
276 668
932 40
867 787
685 833
207 835
620 13
55 605
255 223
828 443
38 882
111 169
363 151
85 417
130 522
360 707
912 676
795 720
905 738
884 668
298 28
319 446
745 404
278 71
413 884
324 12
556 40
486 267
390 392
583 800
782 231
450 338
261 626
695 206
666 371
455 545
169 439
853 959
282 159
242 575
605 617
380 989
250 39
751 886
591 934
140 508
668 108
736 462
129 399
923 155
909 247
939 13
507 270
882 474
920 878
267 443
159 289
121 7
881 214
86 420
908 695
437 126
832 142
722 506
304 80
209 534
684 925
156 969
336 15
593 281
442 644
42 242
540 90
22 464
229 468
781 80
463 720
304 714
433 659
456 709
952 71
660 725
873 974
892 851
361 347
94 280
261 910
427 932
110 383
564 565
501 332
574 76
772 990
286 199
658 387
329 330
251 322
658 653
489 889
875 776
25 933
633 807
915 822
282 545
253 856
209 379
546 843
688 669
437 184
66 843
634 286
843 927
104 55
573 356
187 726
636 952
40 119
100 332
373 739
36 262
550 112
918 948
77 154
67 637
394 654
639 915
327 752
768 97
64 747
411 981
961 288
87 257
714 209
368 90
758 706
170 19
862 456
986 505
943 893
782 273
754 212
648 499
603 622
59 638
64 579
42 240
828 102
958 66
851 258
344 882
653 35
690 685
71 532
920 594
92 650
426 417
535 252
754 240
760 252
94 373
856 217
896 856
11 940
63 221
726 486
879 672
569 213
544 887
785 304
359 776
304 473
471 324
994 445
67 812
401 208
212 295
878 756
751 610
471 581
809 562
916 522
236 64
703 192
448 810
816 246
198 309
127 222
219 145
770 216
372 629
628 628
403 720
817 438
964 423
552 513
12 516
300 735
376 553
645 235
38 18
514 126
365 188
678 860
591 34
245 563
980 112
697 388
134 135
770 323
177 901
930 900
133 470
7 336
153 845
987 260
358 317
449 832
291 444
891 913
946 178
244 600
426 943
201 550
493 913
628 639
195 748
94 22
939 219
710 244
905 874
922 843
839 445
317 488
50 69
996 644
973 816
230 526
814 409
787 528
132 19
336 886
166 464
985 468
595 396
300 622
643 13
773 782
860 810
433 258
172 862
247 730
818 365
687 592
824 942
889 675
461 379
880 342
124 931
558 73
591 649
317 842
796 330
138 100
69 270
10 83
880 319
723 759
665 59
133 160
583 64
965 804
117 288
884 748
148 607
556 369
93 14
276 949
640 531
212 955
740 112
805 856
714 206
42 513
203 940
750 500
385 996
278 893
567 661
796 374
400 846
841 65
553 905
940 674
969 824
632 846
594 930
938 885
878 400
9 163
801 528
604 496
984 346
806 838
14 725
90 466
184 163
836 971
67 512
519 428
486 851
573 963
818 601
544 743
264 1000
116 276
628 681
935 71
825 673
254 140
427 347
951 648
388 807
145 49
137 286
379 171
293 856
694 443
628 500
56 371
897 348
546 477
267 238
610 853
78 799
215 842
109 404
500 945
695 296
377 185
982 404
669 884
417 55
303 557
5 836
119 461
646 232
590 577
239 760
977 872
842 932
804 475
624 194
2 501
653 1
454 809
921 96
418 206
128 655
709 72
982 86
685 47
261 577
156 660
863 991
636 235
586 372
565 946
570 608
172 31
762 234
316 488
689 480
372 632
418 368
898 29
997 265
335 547
216 896
501 364
159 921
287 518
446 20
682 640
141 191
209 912
427 752
320 211
496 775
283 526
588 350
459 935
494 100
697 116
250 162
368 661
594 488
908 58
737 189
208 308
313 916
967 957
102 642
686 499
18 347
669 302
609 431
657 259
205 619
40 958
97 820
653 385
616 329
399 346
862 607
220 815
758 395
601 574
673 672
339 25
939 356
602 115
551 940
147 450
426 425
161 42
925 153
585 245
150 844
71 285
176 832
462 925
459 98
669 304
380 502
365 313
611 596
900 738
679 549
704 628
554 412
785 317
8 687
201 945
722 520
791 466
413 396
691 970
793 580
693 614
867 183
663 795
581 107
127 662
721 199
321 194
69 295
249 378
726 921
468 193
521 53
594 446
838 680
476 253
407 774
819 675
183 579
845 893
170 369
358 839
446 828
109 108
190 698
351 734
24 882
470 839
581 460
7 480
557 631
183 787
624 414
743 669
646 995
352 298
169 372
87 630
83 108
572 717
417 175
262 414
440 161
314 506
373 460
660 812
713 534
266 949
449 681
573 878
743 102
36 306
968 668
562 662
647 58
792 938
542 958
11 358
476 866
524 876
102 256
980 470
222 971
570 304
390 1
966 357
580 549
52 100
60 450
3 488
310 765
733 818
197 460
186 340
105 212
720 926
159 28
276 117
744 312
515 548
263 887
401 443
414 978
527 998
909 493
175 529
129 713
792 21
14 933
63 76
426 726
128 731
811 564
396 40
381 839
17 986
569 776
359 390
118 607
508 727
796 572
700 791
384 171
314 97
217 984
203 290
723 162
695 684
766 566
350 167
69 845
955 113
909 617
316 63
951 842
124 713
903 101
208 612
647 859
546 238
776 36
440 89
385 60
604 141
18 67
616 938
535 11
673 367
842 670
160 768
627 659
72 83
288 501
734 853
136 82
153 125
969 997
839 553
611 616
828 341
365 840
641 815
319 574
548 691
677 322
952 51
335 414
895 187
732 398
468 224
27 530
407 23
866 307
349 873
604 62
12 824
441 366
931 544
247 874
782 805
289 43
595 136
688 692
778 381
554 396
904 680
214 678
772 232
689 232
392 886
825 823
767 277
477 230
623 388
858 941
782 256
949 538
189 982
833 533
600 663
17 927
214 750
770 796
891 60
691 779
777 855
158 251
431 847
223 172
883 854
948 843
233 50
860 546
857 396
251 553
564 376
989 679
797 307
191 489
246 451
55 254
388 587
850 139
307 10
282 633
292 573
178 704
802 580
362 527
483 371
375 171
997 513
836 919
783 603
894 991
603 82
83 207
404 96
581 854
941 605
392 428
396 258
202 741
607 334
433 104
29 574
137 880
340 336
256 897
503 866
630 302
592 414
628 212
924 843
57 282
197 614
997 605
75 737
195 186
425 105
39 129
326 747
698 727
824 500
962 835
841 154
138 92
485 344
147 407
236 794
474 243
259 325
70 62
467 626
457 327
143 93
375 313
489 929
658 385
524 881
956 940
170 928
591 658
741 192
672 217
891 301
127 371
349 422
285 703
223 768
147 93
871 471
100 722
849 319
161 123
154 321
322 172
784 118
97 155
620 447
855 677
612 275
722 615
56 558
861 433
0 232
238 244
959 975
526 314
264 286
248 711
224 152
700 794
710 474
924 246
230 374
614 347
943 1
653 772
640 237
571 110
828 152
887 893
786 818
99 149
278 76
201 503
549 905
220 608
207 520
829 852
42 966
674 252
530 142
890 546
