999
100007 2
200014 5
300021 10
400028 17
500035 26
600042 37
700049 50
800056 65
900063 82
1000070 101
1100077 122
1200084 145
1300091 170
1400098 197
1500105 226
1600112 257
1700119 290
1800126 325
1900133 362
2000140 401
2100147 442
2200154 485
2300161 530
2400168 577
2500175 626
2600182 677
2700189 730
2800196 785
2900203 842
3000210 901
3100217 962
3200224 1025
3300231 1090
3400238 1157
3500245 1226
3600252 1297
3700259 1370
3800266 1445
3900273 1522
4000280 1601
4100287 1682
4200294 1765
4300301 1850
4400308 1937
4500315 2026
4600322 2117
4700329 2210
4800336 2305
4900343 2402
5000350 2501
5100357 2602
5200364 2705
5300371 2810
5400378 2917
5500385 3026
5600392 3137
5700399 3250
5800406 3365
5900413 3482
6000420 3601
6100427 3722
6200434 3845
6300441 3970
6400448 4097
6500455 4226
6600462 4357
6700469 4490
6800476 4625
6900483 4762
7000490 4901
7100497 5042
7200504 5185
7300511 5330
7400518 5477
7500525 5626
7600532 5777
7700539 5930
7800546 6085
7900553 6242
8000560 6401
8100567 6562
8200574 6725
8300581 6890
8400588 7057
8500595 7226
8600602 7397
8700609 7570
8800616 7745
8900623 7922
9000630 8101
9100637 8282
9200644 8465
9300651 8650
9400658 8837
9500665 9026
9600672 9217
9700679 9410
9800686 9605
9900693 9802
10000700 10001
10100707 10202
10200714 10405
10300721 10610
10400728 10817
10500735 11026
10600742 11237
10700749 11450
10800756 11665
10900763 11882
11000770 12101
11100777 12322
11200784 12545
11300791 12770
11400798 12997
11500805 13226
11600812 13457
11700819 13690
11800826 13925
11900833 14162
12000840 14401
12100847 14642
12200854 14885
12300861 15130
12400868 15377
12500875 15626
12600882 15877
12700889 16130
12800896 16385
12900903 16642
13000910 16901
13100917 17162
13200924 17425
13300931 17690
13400938 17957
13500945 18226
13600952 18497
13700959 18770
13800966 19045
13900973 19322
14000980 19601
14100987 19882
14200994 20165
14301001 20450
14401008 20737
14501015 21026
14601022 21317
14701029 21610
14801036 21905
14901043 22202
15001050 22501
15101057 22802
15201064 23105
15301071 23410
15401078 23717
15501085 24026
15601092 24337
15701099 24650
15801106 24965
15901113 25282
16001120 25601
16101127 25922
16201134 26245
16301141 26570
16401148 26897
16501155 27226
16601162 27557
16701169 27890
16801176 28225
16901183 28562
17001190 28901
17101197 29242
17201204 29585
17301211 29930
17401218 30277
17501225 30626
17601232 30977
17701239 31330
17801246 31685
17901253 32042
18001260 32401
18101267 32762
18201274 33125
18301281 33490
18401288 33857
18501295 34226
18601302 34597
18701309 34970
18801316 35345
18901323 35722
19001330 36101
19101337 36482
19201344 36865
19301351 37250
19401358 37637
19501365 38026
19601372 38417
19701379 38810
19801386 39205
19901393 39602
20001400 40001
20101407 40402
20201414 40805
20301421 41210
20401428 41617
20501435 42026
20601442 42437
20701449 42850
20801456 43265
20901463 43682
21001470 44101
21101477 44522
21201484 44945
21301491 45370
21401498 45797
21501505 46226
21601512 46657
21701519 47090
21801526 47525
21901533 47962
22001540 48401
22101547 48842
22201554 49285
22301561 49730
22401568 50177
22501575 50626
22601582 51077
22701589 51530
22801596 51985
22901603 52442
23001610 52901
23101617 53362
23201624 53825
23301631 54290
23401638 54757
23501645 55226
23601652 55697
23701659 56170
23801666 56645
23901673 57122
24001680 57601
24101687 58082
24201694 58565
24301701 59050
24401708 59537
24501715 60026
24601722 60517
24701729 61010
24801736 61505
24901743 62002
25001750 62501
25101757 63002
25201764 63505
25301771 64010
25401778 64517
25501785 65026
25601792 65537
25701799 66050
25801806 66565
25901813 67082
26001820 67601
26101827 68122
26201834 68645
26301841 69170
26401848 69697
26501855 70226
26601862 70757
26701869 71290
26801876 71825
26901883 72362
27001890 72901
27101897 73442
27201904 73985
27301911 74530
27401918 75077
27501925 75626
27601932 76177
27701939 76730
27801946 77285
27901953 77842
28001960 78401
28101967 78962
28201974 79525
28301981 80090
28401988 80657
28501995 81226
28602002 81797
28702009 82370
28802016 82945
28902023 83522
29002030 84101
29102037 84682
29202044 85265
29302051 85850
29402058 86437
29502065 87026
29602072 87617
29702079 88210
29802086 88805
29902093 89402
30002100 90001
30102107 90602
30202114 91205
30302121 91810
30402128 92417
30502135 93026
30602142 93637
30702149 94250
30802156 94865
30902163 95482
31002170 96101
31102177 96722
31202184 97345
31302191 97970
31402198 98597
31502205 99226
31602212 99857
31702219 100490
31802226 101125
31902233 101762
32002240 102401
32102247 103042
32202254 103685
32302261 104330
32402268 104977
32502275 105626
32602282 106277
32702289 106930
32802296 107585
32902303 108242
33002310 108901
33102317 109562
33202324 110225
33302331 110890
33402338 111557
33502345 112226
33602352 112897
33702359 113570
33802366 114245
33902373 114922
34002380 115601
34102387 116282
34202394 116965
34302401 117650
34402408 118337
34502415 119026
34602422 119717
34702429 120410
34802436 121105
34902443 121802
35002450 122501
35102457 123202
35202464 123905
35302471 124610
35402478 125317
35502485 126026
35602492 126737
35702499 127450
35802506 128165
35902513 128882
36002520 129601
36102527 130322
36202534 131045
36302541 131770
36402548 132497
36502555 133226
36602562 133957
36702569 134690
36802576 135425
36902583 136162
37002590 136901
37102597 137642
37202604 138385
37302611 139130
37402618 139877
37502625 140626
37602632 141377
37702639 142130
37802646 142885
37902653 143642
38002660 144401
38102667 145162
38202674 145925
38302681 146690
38402688 147457
38502695 148226
38602702 148997
38702709 149770
38802716 150545
38902723 151322
39002730 152101
39102737 152882
39202744 153665
39302751 154450
39402758 155237
39502765 156026
39602772 156817
39702779 157610
39802786 158405
39902793 159202
40002800 160001
40102807 160802
40202814 161605
40302821 162410
40402828 163217
40502835 164026
40602842 164837
40702849 165650
40802856 166465
40902863 167282
41002870 168101
41102877 168922
41202884 169745
41302891 170570
41402898 171397
41502905 172226
41602912 173057
41702919 173890
41802926 174725
41902933 175562
42002940 176401
42102947 177242
42202954 178085
42302961 178930
42402968 179777
42502975 180626
42602982 181477
42702989 182330
42802996 183185
42903003 184042
43003010 184901
43103017 185762
43203024 186625
43303031 187490
43403038 188357
43503045 189226
43603052 190097
43703059 190970
43803066 191845
43903073 192722
44003080 193601
44103087 194482
44203094 195365
44303101 196250
44403108 197137
44503115 198026
44603122 198917
44703129 199810
44803136 200705
44903143 201602
45003150 202501
45103157 203402
45203164 204305
45303171 205210
45403178 206117
45503185 207026
45603192 207937
45703199 208850
45803206 209765
45903213 210682
46003220 211601
46103227 212522
46203234 213445
46303241 214370
46403248 215297
46503255 216226
46603262 217157
46703269 218090
46803276 219025
46903283 219962
47003290 220901
47103297 221842
47203304 222785
47303311 223730
47403318 224677
47503325 225626
47603332 226577
47703339 227530
47803346 228485
47903353 229442
48003360 230401
48103367 231362
48203374 232325
48303381 233290
48403388 234257
48503395 235226
48603402 236197
48703409 237170
48803416 238145
48903423 239122
49003430 240101
49103437 241082
49203444 242065
49303451 243050
49403458 244037
49503465 245026
49603472 246017
49703479 247010
49803486 248005
49903493 249002
50003500 250001
50103507 251002
50203514 252005
50303521 253010
50403528 254017
50503535 255026
50603542 256037
50703549 257050
50803556 258065
50903563 259082
51003570 260101
51103577 261122
51203584 262145
51303591 263170
51403598 264197
51503605 265226
51603612 266257
51703619 267290
51803626 268325
51903633 269362
52003640 270401
52103647 271442
52203654 272485
52303661 273530
52403668 274577
52503675 275626
52603682 276677
52703689 277730
52803696 278785
52903703 279842
53003710 280901
53103717 281962
53203724 283025
53303731 284090
53403738 285157
53503745 286226
53603752 287297
53703759 288370
53803766 289445
53903773 290522
54003780 291601
54103787 292682
54203794 293765
54303801 294850
54403808 295937
54503815 297026
54603822 298117
54703829 299210
54803836 300305
54903843 301402
55003850 302501
55103857 303602
55203864 304705
55303871 305810
55403878 306917
55503885 308026
55603892 309137
55703899 310250
55803906 311365
55903913 312482
56003920 313601
56103927 314722
56203934 315845
56303941 316970
56403948 318097
56503955 319226
56603962 320357
56703969 321490
56803976 322625
56903983 323762
57003990 324901
57103997 326042
57204004 327185
57304011 328330
57404018 329477
57504025 330626
57604032 331777
57704039 332930
57804046 334085
57904053 335242
58004060 336401
58104067 337562
58204074 338725
58304081 339890
58404088 341057
58504095 342226
58604102 343397
58704109 344570
58804116 345745
58904123 346922
59004130 348101
59104137 349282
59204144 350465
59304151 351650
59404158 352837
59504165 354026
59604172 355217
59704179 356410
59804186 357605
59904193 358802
60004200 360001
60104207 361202
60204214 362405
60304221 363610
60404228 364817
60504235 366026
60604242 367237
60704249 368450
60804256 369665
60904263 370882
61004270 372101
61104277 373322
61204284 374545
61304291 375770
61404298 376997
61504305 378226
61604312 379457
61704319 380690
61804326 381925
61904333 383162
62004340 384401
62104347 385642
62204354 386885
62304361 388130
62404368 389377
62504375 390626
62604382 391877
62704389 393130
62804396 394385
62904403 395642
63004410 396901
63104417 398162
63204424 399425
63304431 400690
63404438 401957
63504445 403226
63604452 404497
63704459 405770
63804466 407045
63904473 408322
64004480 409601
64104487 410882
64204494 412165
64304501 413450
64404508 414737
64504515 416026
64604522 417317
64704529 418610
64804536 419905
64904543 421202
65004550 422501
65104557 423802
65204564 425105
65304571 426410
65404578 427717
65504585 429026
65604592 430337
65704599 431650
65804606 432965
65904613 434282
66004620 435601
66104627 436922
66204634 438245
66304641 439570
66404648 440897
66504655 442226
66604662 443557
66704669 444890
66804676 446225
66904683 447562
67004690 448901
67104697 450242
67204704 451585
67304711 452930
67404718 454277
67504725 455626
67604732 456977
67704739 458330
67804746 459685
67904753 461042
68004760 462401
68104767 463762
68204774 465125
68304781 466490
68404788 467857
68504795 469226
68604802 470597
68704809 471970
68804816 473345
68904823 474722
69004830 476101
69104837 477482
69204844 478865
69304851 480250
69404858 481637
69504865 483026
69604872 484417
69704879 485810
69804886 487205
69904893 488602
70004900 490001
70104907 491402
70204914 492805
70304921 494210
70404928 495617
70504935 497026
70604942 498437
70704949 499850
70804956 501265
70904963 502682
71004970 504101
71104977 505522
71204984 506945
71304991 508370
71404998 509797
71505005 511226
71605012 512657
71705019 514090
71805026 515525
71905033 516962
72005040 518401
72105047 519842
72205054 521285
72305061 522730
72405068 524177
72505075 525626
72605082 527077
72705089 528530
72805096 529985
72905103 531442
73005110 532901
73105117 534362
73205124 535825
73305131 537290
73405138 538757
73505145 540226
73605152 541697
73705159 543170
73805166 544645
73905173 546122
74005180 547601
74105187 549082
74205194 550565
74305201 552050
74405208 553537
74505215 555026
74605222 556517
74705229 558010
74805236 559505
74905243 561002
75005250 562501
75105257 564002
75205264 565505
75305271 567010
75405278 568517
75505285 570026
75605292 571537
75705299 573050
75805306 574565
75905313 576082
76005320 577601
76105327 579122
76205334 580645
76305341 582170
76405348 583697
76505355 585226
76605362 586757
76705369 588290
76805376 589825
76905383 591362
77005390 592901
77105397 594442
77205404 595985
77305411 597530
77405418 599077
77505425 600626
77605432 602177
77705439 603730
77805446 605285
77905453 606842
78005460 608401
78105467 609962
78205474 611525
78305481 613090
78405488 614657
78505495 616226
78605502 617797
78705509 619370
78805516 620945
78905523 622522
79005530 624101
79105537 625682
79205544 627265
79305551 628850
79405558 630437
79505565 632026
79605572 633617
79705579 635210
79805586 636805
79905593 638402
80005600 640001
80105607 641602
80205614 643205
80305621 644810
80405628 646417
80505635 648026
80605642 649637
80705649 651250
80805656 652865
80905663 654482
81005670 656101
81105677 657722
81205684 659345
81305691 660970
81405698 662597
81505705 664226
81605712 665857
81705719 667490
81805726 669125
81905733 670762
82005740 672401
82105747 674042
82205754 675685
82305761 677330
82405768 678977
82505775 680626
82605782 682277
82705789 683930
82805796 685585
82905803 687242
83005810 688901
83105817 690562
83205824 692225
83305831 693890
83405838 695557
83505845 697226
83605852 698897
83705859 700570
83805866 702245
83905873 703922
84005880 705601
84105887 707282
84205894 708965
84305901 710650
84405908 712337
84505915 714026
84605922 715717
84705929 717410
84805936 719105
84905943 720802
85005950 722501
85105957 724202
85205964 725905
85305971 727610
85405978 729317
85505985 731026
85605992 732737
85705999 734450
85806006 736165
85906013 737882
86006020 739601
86106027 741322
86206034 743045
86306041 744770
86406048 746497
86506055 748226
86606062 749957
86706069 751690
86806076 753425
86906083 755162
87006090 756901
87106097 758642
87206104 760385
87306111 762130
87406118 763877
87506125 765626
87606132 767377
87706139 769130
87806146 770885
87906153 772642
88006160 774401
88106167 776162
88206174 777925
88306181 779690
88406188 781457
88506195 783226
88606202 784997
88706209 786770
88806216 788545
88906223 790322
89006230 792101
89106237 793882
89206244 795665
89306251 797450
89406258 799237
89506265 801026
89606272 802817
89706279 804610
89806286 806405
89906293 808202
90006300 810001
90106307 811802
90206314 813605
90306321 815410
90406328 817217
90506335 819026
90606342 820837
90706349 822650
90806356 824465
90906363 826282
91006370 828101
91106377 829922
91206384 831745
91306391 833570
91406398 835397
91506405 837226
91606412 839057
91706419 840890
91806426 842725
91906433 844562
92006440 846401
92106447 848242
92206454 850085
92306461 851930
92406468 853777
92506475 855626
92606482 857477
92706489 859330
92806496 861185
92906503 863042
93006510 864901
93106517 866762
93206524 868625
93306531 870490
93406538 872357
93506545 874226
93606552 876097
93706559 877970
93806566 879845
93906573 881722
94006580 883601
94106587 885482
94206594 887365
94306601 889250
94406608 891137
94506615 893026
94606622 894917
94706629 896810
94806636 898705
94906643 900602
95006650 902501
95106657 904402
95206664 906305
95306671 908210
95406678 910117
95506685 912026
95606692 913937
95706699 915850
95806706 917765
95906713 919682
96006720 921601
96106727 923522
96206734 925445
96306741 927370
96406748 929297
96506755 931226
96606762 933157
96706769 935090
96806776 937025
96906783 938962
97006790 940901
97106797 942842
97206804 944785
97306811 946730
97406818 948677
97506825 950626
97606832 952577
97706839 954530
97806846 956485
97906853 958442
98006860 960401
98106867 962362
98206874 964325
98306881 966290
98406888 968257
98506895 970226
98606902 972197
98706909 974170
98806916 976145
98906923 978122
99006930 980101
99106937 982082
99206944 984065
99306951 986050
99406958 988037
99506965 990026
99606972 992017
99706979 994010
99806986 996005
99906993 998002
