1000
1000000000 145507054
1000000000 882906271
1000000000 810509656
1000000000 719166734
1000000000 52892757
1000000000 637495389
1000000000 504283304
1000000000 983982905
1000000000 283719498
1000000000 687683837
1000000000 261333206
1000000000 504620542
1000000000 29011923
1000000000 387840771
1000000000 37648334
1000000000 757752139
1000000000 424422876
1000000000 281121337
1000000000 242295431
1000000000 649221086
1000000000 997944961
1000000000 892686517
1000000000 241604758
1000000000 806142250
1000000000 273331169
1000000000 749353147
1000000000 633552159
1000000000 578684812
1000000000 775275546
1000000000 739728790
1000000000 948031858
1000000000 875718987
1000000000 108598681
1000000000 68175659
1000000000 506639621
1000000000 980229583
1000000000 808788223
1000000000 44992474
1000000000 600795565
1000000000 791107354
1000000000 853085634
1000000000 762722175
1000000000 610350621
1000000000 944342869
1000000000 150626677
1000000000 90927039
1000000000 598577452
1000000000 292432418
1000000000 236062865
1000000000 507440563
1000000000 381394625
1000000000 437992968
1000000000 794903316
1000000000 386443786
1000000000 132200149
1000000000 821075795
1000000000 533150766
1000000000 874893622
1000000000 791801078
1000000000 400365640
1000000000 721967631
1000000000 79730944
1000000000 518521218
1000000000 572538981
1000000000 699506700
1000000000 383039356
1000000000 599195902
1000000000 735368507
1000000000 42896828
1000000000 946099502
1000000000 13225841
1000000000 301637200
1000000000 274844992
1000000000 808473195
1000000000 53754699
1000000000 822695757
1000000000 56804143
1000000000 503945168
1000000000 255306850
1000000000 365109093
1000000000 6437014
1000000000 668634263
1000000000 714863458
1000000000 64067921
1000000000 917126873
1000000000 111532629
1000000000 560905070
1000000000 760678551
1000000000 695001135
1000000000 222593507
1000000000 377688362
1000000000 781207510
1000000000 908689436
1000000000 416034157
1000000000 836692937
1000000000 133612497
1000000000 55536878
1000000000 774431833
1000000000 29998193
1000000000 129576569
1000000000 241680529
1000000000 447489720
1000000000 3689823
1000000000 77849275
1000000000 581436379
1000000000 811809213
1000000000 433180792
1000000000 764081957
1000000000 969723273
1000000000 294120233
1000000000 230804755
1000000000 262794922
1000000000 185500368
1000000000 973826374
1000000000 812830942
1000000000 901466392
1000000000 707975377
1000000000 492612462
1000000000 662870583
1000000000 955546734
1000000000 804742274
1000000000 84478857
1000000000 191149166
1000000000 43728006
1000000000 173241554
1000000000 614211634
1000000000 597090811
1000000000 894121545
1000000000 862865797
1000000000 342988237
1000000000 336039400
1000000000 910654512
1000000000 389646654
1000000000 274523221
1000000000 85255901
1000000000 366955292
1000000000 223158649
1000000000 77755626
1000000000 38768091
1000000000 972749641
1000000000 528760828
1000000000 508871275
1000000000 571723790
1000000000 136893709
1000000000 725762444
1000000000 808176572
1000000000 69041034
1000000000 63649611
1000000000 185509939
1000000000 901487643
1000000000 56446065
1000000000 921691987
1000000000 817179132
1000000000 826954876
1000000000 126677345
1000000000 96056327
1000000000 441628296
1000000000 33281410
1000000000 514121105
1000000000 998993361
1000000000 365786849
1000000000 506908134
1000000000 440931776
1000000000 922808921
1000000000 390266369
1000000000 7458115
1000000000 951179549
1000000000 92224538
1000000000 26793483
1000000000 633922625
1000000000 152225075
1000000000 968064404
1000000000 991403068
1000000000 962835177
1000000000 733527594
1000000000 47956856
1000000000 698233082
1000000000 320002040
1000000000 260112753
1000000000 746836615
1000000000 571142966
1000000000 738533738
1000000000 937718841
1000000000 843064178
1000000000 511547056
1000000000 647199609
1000000000 620895571
1000000000 209688555
1000000000 913300958
1000000000 178862388
1000000000 723663978
1000000000 105845088
1000000000 261113887
1000000000 24993059
1000000000 401221525
1000000000 134798362
1000000000 507233321
1000000000 818325414
1000000000 862057533
1000000000 298571836
1000000000 157624346
1000000000 51560244
1000000000 316271436
1000000000 54012410
1000000000 250014648
1000000000 349936107
1000000000 187949436
1000000000 157045258
1000000000 552376235
1000000000 767476198
1000000000 669617935
1000000000 944876983
1000000000 87604259
1000000000 546912686
1000000000 77219395
1000000000 520581960
1000000000 367788018
1000000000 279379901
1000000000 842864899
1000000000 221989202
1000000000 115561500
1000000000 307566382
1000000000 237644133
1000000000 418571658
1000000000 931561007
1000000000 876582227
1000000000 773114746
1000000000 136839915
1000000000 1310921
1000000000 89267475
1000000000 245464327
1000000000 695581780
1000000000 914920221
1000000000 740303873
1000000000 951120340
1000000000 171902807
1000000000 462271569
1000000000 19207614
1000000000 619774551
1000000000 642580870
1000000000 912523150
1000000000 77676964
1000000000 798080849
1000000000 104083867
1000000000 539168
1000000000 728010159
1000000000 940971663
1000000000 52919374
1000000000 41025651
1000000000 20282535
1000000000 552896858
1000000000 678535440
1000000000 868440031
1000000000 617184358
1000000000 332766944
1000000000 665463945
1000000000 740769905
1000000000 472087612
1000000000 117299596
1000000000 269300154
1000000000 410320529
1000000000 406537075
1000000000 460668985
1000000000 991002848
1000000000 27217598
1000000000 356548564
1000000000 452837099
1000000000 821316701
1000000000 578553057
1000000000 643975066
1000000000 948261022
1000000000 545076
1000000000 323871734
1000000000 603406901
1000000000 864151046
1000000000 21644943
1000000000 226720998
1000000000 79667239
1000000000 164691053
1000000000 29313730
1000000000 390191291
1000000000 672300183
1000000000 811758598
1000000000 92177401
1000000000 294427836
1000000000 657247159
1000000000 829974501
1000000000 118733596
1000000000 390271614
1000000000 292737349
1000000000 646943986
1000000000 548848900
1000000000 683050165
1000000000 468540815
1000000000 750848213
1000000000 648395847
1000000000 233877153
1000000000 596521382
1000000000 21472707
1000000000 694735783
1000000000 496937682
1000000000 743797965
1000000000 761368419
1000000000 163064777
1000000000 578890386
1000000000 783395781
1000000000 219204352
1000000000 113247663
1000000000 155933977
1000000000 149686619
1000000000 360750283
1000000000 579214329
1000000000 750867061
1000000000 707746248
1000000000 69365904
1000000000 877000864
1000000000 825361949
1000000000 275612701
1000000000 469355936
1000000000 995014978
1000000000 761064045
1000000000 282503003
1000000000 119273804
1000000000 743759075
1000000000 771353252
1000000000 171833788
1000000000 218009955
1000000000 279489106
1000000000 301347541
1000000000 909161123
1000000000 319722499
1000000000 809384915
1000000000 896872268
1000000000 147057520
1000000000 111923924
1000000000 315697047
1000000000 76850324
1000000000 27511276
1000000000 844251741
1000000000 147472344
1000000000 426785099
1000000000 667474516
1000000000 840320931
1000000000 451876732
1000000000 452963858
1000000000 42542842
1000000000 960404527
1000000000 561784842
1000000000 987003276
1000000000 332303166
1000000000 660042760
1000000000 254243570
1000000000 921271649
1000000000 48130708
1000000000 119361160
1000000000 261430027
1000000000 590871024
1000000000 588376841
1000000000 399672482
1000000000 44831228
1000000000 62552786
1000000000 496815055
1000000000 455496508
1000000000 964094428
1000000000 553109470
1000000000 915636183
1000000000 937770900
1000000000 948335665
1000000000 145234221
1000000000 407190251
1000000000 225117114
1000000000 435659539
1000000000 503269953
1000000000 206042416
1000000000 358055337
1000000000 969801566
1000000000 178918110
1000000000 313280044
1000000000 314965310
1000000000 797728941
1000000000 227528724
1000000000 272034009
1000000000 729446705
1000000000 605379063
1000000000 451171468
1000000000 573773917
1000000000 294710399
1000000000 639131543
1000000000 735215712
1000000000 854254961
1000000000 14163500
1000000000 574110124
1000000000 80797411
1000000000 229251162
1000000000 778310858
1000000000 226356262
1000000000 133903393
1000000000 435756585
1000000000 572032756
1000000000 647774992
1000000000 346772447
1000000000 679454525
1000000000 294460813
1000000000 712213592
1000000000 393312247
1000000000 904783611
1000000000 355839925
1000000000 80703071
1000000000 140814482
1000000000 583458545
1000000000 41387878
1000000000 808925330
1000000000 799717922
1000000000 876379300
1000000000 508432147
1000000000 956858216
1000000000 347231352
1000000000 357274884
1000000000 860884949
1000000000 319012675
1000000000 349985164
1000000000 718438750
1000000000 584911043
1000000000 276904066
1000000000 336109432
1000000000 62198086
1000000000 680120527
1000000000 771883010
1000000000 146179375
1000000000 7976319
1000000000 606688409
1000000000 362982199
1000000000 60392066
1000000000 771852101
1000000000 836100571
1000000000 66830598
1000000000 810753519
1000000000 432482785
1000000000 66639796
1000000000 601965720
1000000000 3495004
1000000000 19574915
1000000000 197000328
1000000000 864722563
1000000000 730712778
1000000000 959592664
1000000000 991713926
1000000000 283316037
1000000000 532816677
1000000000 194089835
1000000000 892544549
1000000000 281055591
1000000000 746903605
1000000000 409344788
1000000000 528873445
1000000000 975805225
1000000000 404627720
1000000000 868099662
1000000000 381201767
1000000000 108702299
1000000000 315621417
1000000000 311490030
1000000000 210052727
1000000000 856691384
1000000000 131668450
1000000000 366349901
1000000000 640756881
1000000000 195370717
1000000000 526692079
1000000000 362572864
1000000000 31093173
1000000000 130786602
1000000000 605123217
1000000000 880218787
1000000000 213885141
1000000000 45292505
1000000000 328654686
1000000000 988028526
1000000000 919699151
1000000000 225741683
1000000000 218152768
1000000000 591821366
1000000000 566418608
1000000000 955521986
1000000000 844036022
1000000000 841101338
1000000000 900677024
1000000000 269858470
1000000000 685108769
1000000000 68384964
1000000000 520649073
1000000000 353303983
1000000000 247155969
1000000000 920253086
1000000000 91011263
1000000000 267012241
1000000000 902938149
1000000000 592369949
1000000000 961059316
1000000000 111525069
1000000000 761844065
1000000000 615434573
1000000000 421946906
1000000000 918782117
1000000000 860125606
1000000000 917880197
1000000000 152035891
1000000000 722166595
1000000000 949171014
1000000000 259126544
1000000000 957517925
1000000000 958334308
1000000000 998737776
1000000000 435603815
1000000000 995438219
1000000000 712192656
1000000000 90352047
1000000000 6608765
1000000000 550705315
1000000000 902723977
1000000000 449502242
1000000000 386566147
1000000000 157700728
1000000000 262163672
1000000000 994956180
1000000000 910765548
1000000000 509361093
1000000000 237250351
1000000000 819179685
1000000000 147759879
1000000000 290810009
1000000000 697818540
1000000000 184057443
1000000000 405520045
1000000000 210819569
1000000000 536646755
1000000000 511072001
1000000000 20230382
1000000000 804592195
1000000000 234202985
1000000000 560862299
1000000000 978162108
1000000000 112869918
1000000000 163396325
1000000000 497632065
1000000000 408965589
1000000000 102497574
1000000000 209815925
1000000000 221338478
1000000000 183995437
1000000000 440828449
1000000000 596076473
1000000000 722585213
1000000000 277601885
1000000000 764585639
1000000000 519069593
1000000000 66499213
1000000000 679068496
1000000000 42866774
1000000000 46422793
1000000000 294852712
1000000000 27221522
1000000000 4243526
1000000000 133683863
1000000000 765566655
1000000000 25827337
1000000000 798216101
1000000000 234721212
1000000000 497562090
1000000000 677685396
1000000000 92421310
1000000000 113196600
1000000000 131311067
1000000000 260781283
1000000000 736035980
1000000000 427535295
1000000000 198049685
1000000000 275575223
1000000000 867330712
1000000000 289494055
1000000000 527756008
1000000000 135514334
1000000000 871225980
1000000000 96712798
1000000000 949697162
1000000000 956362678
1000000000 207748545
1000000000 987513924
1000000000 339559577
1000000000 417441059
1000000000 406398406
1000000000 597061233
1000000000 510025679
1000000000 798049713
1000000000 570622729
1000000000 566232928
1000000000 788716501
1000000000 835172249
1000000000 176229210
1000000000 126941695
1000000000 840300967
1000000000 301662332
1000000000 295134645
1000000000 314874339
1000000000 465932527
1000000000 83603590
1000000000 901975987
1000000000 695535478
1000000000 957103723
1000000000 62375415
1000000000 433177700
1000000000 494942516
1000000000 989322624
1000000000 116674973
1000000000 39358623
1000000000 306548650
1000000000 526307932
1000000000 969644440
1000000000 332269075
1000000000 488862346
1000000000 791380173
1000000000 223604337
1000000000 957109070
1000000000 23978518
1000000000 950490271
1000000000 422830059
1000000000 974138860
1000000000 856063862
1000000000 20564205
1000000000 718981660
1000000000 402744953
1000000000 22093464
1000000000 147362201
1000000000 521378199
1000000000 602541146
1000000000 788803962
1000000000 683856870
1000000000 810961153
1000000000 394172893
1000000000 642169295
1000000000 2834434
1000000000 690551792
1000000000 19270558
1000000000 174989123
1000000000 764099063
1000000000 999678622
1000000000 525706996
1000000000 228430871
1000000000 616589542
1000000000 878383828
1000000000 975870727
1000000000 100142404
1000000000 790292294
1000000000 293955544
1000000000 891768621
1000000000 992545757
1000000000 665887046
1000000000 173473228
1000000000 570250827
1000000000 2982174
1000000000 521745251
1000000000 458277972
1000000000 914003606
1000000000 888078238
1000000000 410160309
1000000000 75336215
1000000000 331134283
1000000000 647175035
1000000000 325127110
1000000000 698745595
1000000000 426290558
1000000000 921391822
1000000000 681621461
1000000000 83315495
1000000000 885772437
1000000000 41256535
1000000000 301947345
1000000000 11125943
1000000000 853559533
1000000000 706802301
1000000000 42871965
1000000000 631262856
1000000000 680949773
1000000000 32994725
1000000000 727370552
1000000000 736843028
1000000000 130311285
1000000000 798578714
1000000000 41936742
1000000000 817825529
1000000000 226977060
1000000000 173913315
1000000000 781048182
1000000000 50623901
1000000000 955263455
1000000000 569872745
1000000000 99891609
1000000000 898647432
1000000000 770827098
1000000000 623074807
1000000000 444920429
1000000000 70485454
1000000000 713883726
1000000000 42260202
1000000000 783296560
1000000000 885949975
1000000000 582190578
1000000000 365663293
1000000000 126006011
1000000000 68977876
1000000000 781064945
1000000000 913945337
1000000000 64416867
1000000000 112167846
1000000000 100576307
1000000000 90109303
1000000000 997856323
1000000000 150755403
1000000000 301673239
1000000000 677714534
1000000000 517320069
1000000000 920160028
1000000000 956859681
1000000000 680138249
1000000000 562062730
1000000000 696838210
1000000000 913032369
1000000000 193680828
1000000000 889255538
1000000000 183119308
1000000000 140398315
1000000000 200141043
1000000000 570554094
1000000000 921876648
1000000000 556922268
1000000000 196156644
1000000000 477490415
1000000000 473181446
1000000000 756369697
1000000000 434755932
1000000000 570118696
1000000000 176139885
1000000000 304183304
1000000000 79889043
1000000000 659161394
1000000000 203732408
1000000000 116193006
1000000000 614158623
1000000000 664464551
1000000000 51748349
1000000000 613818614
1000000000 645217336
1000000000 89754871
1000000000 80634620
1000000000 182777836
1000000000 488429083
1000000000 500322101
1000000000 474535508
1000000000 633466591
1000000000 677921122
1000000000 843911973
1000000000 795979194
1000000000 78592920
1000000000 15242555
1000000000 667845148
1000000000 128339228
1000000000 478708771
1000000000 996034576
1000000000 265369897
1000000000 117214333
1000000000 166131681
1000000000 882772288
1000000000 456022804
1000000000 4581081
1000000000 739712269
1000000000 30753421
1000000000 123328373
1000000000 874436928
1000000000 703739871
1000000000 605777853
1000000000 707625795
1000000000 323513490
1000000000 147461284
1000000000 630414875
1000000000 100985125
1000000000 665090396
1000000000 545407220
1000000000 704112158
1000000000 17832006
1000000000 168347150
1000000000 768906016
1000000000 135677975
1000000000 539631807
1000000000 784592215
1000000000 357663834
1000000000 266381123
1000000000 106568818
1000000000 714481294
1000000000 643174010
1000000000 680739658
1000000000 424752849
1000000000 879952357
1000000000 230420297
1000000000 984640079
1000000000 491270058
1000000000 443371030
1000000000 435990585
1000000000 479451244
1000000000 263442937
1000000000 165714680
1000000000 567181469
1000000000 994790197
1000000000 104295662
1000000000 77585312
1000000000 897978264
1000000000 609726132
1000000000 843099837
1000000000 162252941
1000000000 742151246
1000000000 521371020
1000000000 383076768
1000000000 901353422
1000000000 769801320
1000000000 74285682
1000000000 112946247
1000000000 763203155
1000000000 344250647
1000000000 34591303
1000000000 862095412
1000000000 61614104
1000000000 267591650
1000000000 559177260
1000000000 747063546
1000000000 69881429
1000000000 26257069
1000000000 608550036
1000000000 747141727
1000000000 173780247
1000000000 37298985
1000000000 698937445
1000000000 584581372
1000000000 795523755
1000000000 580520095
1000000000 461529287
1000000000 832219724
1000000000 391447748
1000000000 532495370
1000000000 224107294
1000000000 218898726
1000000000 282728308
1000000000 405773938
1000000000 872683244
1000000000 632845904
1000000000 5256538
1000000000 183491270
1000000000 508598636
1000000000 8552820
1000000000 640635505
1000000000 246238992
1000000000 981292187
1000000000 33427939
1000000000 11447039
1000000000 142277208
1000000000 538421683
1000000000 111173157
1000000000 230872707
1000000000 476685363
1000000000 119798622
1000000000 552127369
1000000000 181590580
1000000000 75677622
1000000000 951496804
1000000000 766578675
1000000000 549903253
1000000000 476158366
1000000000 874648468
1000000000 439450260
1000000000 230663089
1000000000 308159625
1000000000 44065099
1000000000 287266103
1000000000 723661329
1000000000 18868147
1000000000 543276112
1000000000 828395513
1000000000 488081287
1000000000 506279635
1000000000 45812856
1000000000 50165888
1000000000 544973464
1000000000 878800846
1000000000 49651332
1000000000 214486320
1000000000 85740912
1000000000 711639390
1000000000 272054758
1000000000 839317862
1000000000 858460367
1000000000 355165354
1000000000 203016626
1000000000 327349009
1000000000 636207227
1000000000 870408968
1000000000 230748450
1000000000 42677854
1000000000 32161522
1000000000 628882511
1000000000 38572325
1000000000 190199639
1000000000 312903084
1000000000 254593622
1000000000 812323726
1000000000 116336848
1000000000 726879314
1000000000 97728909
1000000000 140474196
1000000000 338601263
1000000000 518710004
1000000000 944408483
1000000000 798711794
1000000000 735938297
1000000000 976892678
1000000000 66780739
1000000000 120955502
1000000000 103667377
1000000000 15810792
1000000000 845722283
1000000000 242068765
1000000000 57366691
1000000000 903760019
1000000000 796702906
1000000000 640057829
1000000000 250482794
1000000000 895013805
1000000000 86142428
1000000000 842893669
1000000000 158662710
1000000000 363434006
1000000000 719831770
1000000000 493125957
1000000000 988310731
1000000000 217219795
1000000000 566151261
1000000000 711552173
1000000000 32219128
1000000000 551862262
1000000000 548147134
1000000000 544569209
1000000000 427517646
1000000000 146181216
1000000000 930873057
1000000000 99566063
1000000000 508245605
1000000000 783803306
1000000000 271997990
1000000000 94068164
1000000000 727656031
1000000000 757627262
1000000000 244581959
1000000000 481520911
1000000000 556048989
1000000000 99140552
1000000000 730434941
1000000000 36995706
1000000000 180064212
1000000000 247363583
1000000000 598500484
1000000000 518747496
1000000000 377815640
1000000000 644114082
1000000000 18766006
1000000000 32810498
1000000000 778188166
1000000000 233013271
1000000000 650598132
1000000000 449735834
1000000000 229893637
1000000000 103111119
1000000000 977658880
1000000000 916010757
1000000000 9873689
1000000000 633522751
1000000000 286274435
1000000000 91565860
1000000000 56628420
1000000000 778926409
1000000000 236163030
1000000000 941258966
1000000000 582138664
1000000000 529777013
1000000000 99306807
1000000000 598668667
1000000000 545317763
1000000000 39722520
1000000000 547448118
1000000000 649245613
1000000000 52432996
1000000000 781955562
1000000000 997607777
1000000000 810349722
