999
100017 100007
200024 200014
300031 300021
400038 400028
500045 500035
600052 600042
700059 700049
800066 800056
900073 900063
1000080 1000070
1100087 1100077
1200094 1200084
1300101 1300091
1400108 1400098
1500115 1500105
1600122 1600112
1700129 1700119
1800136 1800126
1900143 1900133
2000150 2000140
2100157 2100147
2200164 2200154
2300171 2300161
2400178 2400168
2500185 2500175
2600192 2600182
2700199 2700189
2800206 2800196
2900213 2900203
3000220 3000210
3100227 3100217
3200234 3200224
3300241 3300231
3400248 3400238
3500255 3500245
3600262 3600252
3700269 3700259
3800276 3800266
3900283 3900273
4000290 4000280
4100297 4100287
4200304 4200294
4300311 4300301
4400318 4400308
4500325 4500315
4600332 4600322
4700339 4700329
4800346 4800336
4900353 4900343
5000360 5000350
5100367 5100357
5200374 5200364
5300381 5300371
5400388 5400378
5500395 5500385
5600402 5600392
5700409 5700399
5800416 5800406
5900423 5900413
6000430 6000420
6100437 6100427
6200444 6200434
6300451 6300441
6400458 6400448
6500465 6500455
6600472 6600462
6700479 6700469
6800486 6800476
6900493 6900483
7000500 7000490
7100507 7100497
7200514 7200504
7300521 7300511
7400528 7400518
7500535 7500525
7600542 7600532
7700549 7700539
7800556 7800546
7900563 7900553
8000570 8000560
8100577 8100567
8200584 8200574
8300591 8300581
8400598 8400588
8500605 8500595
8600612 8600602
8700619 8700609
8800626 8800616
8900633 8900623
9000640 9000630
9100647 9100637
9200654 9200644
9300661 9300651
9400668 9400658
9500675 9500665
9600682 9600672
9700689 9700679
9800696 9800686
9900703 9900693
10000710 10000700
10100717 10100707
10200724 10200714
10300731 10300721
10400738 10400728
10500745 10500735
10600752 10600742
10700759 10700749
10800766 10800756
10900773 10900763
11000780 11000770
11100787 11100777
11200794 11200784
11300801 11300791
11400808 11400798
11500815 11500805
11600822 11600812
11700829 11700819
11800836 11800826
11900843 11900833
12000850 12000840
12100857 12100847
12200864 12200854
12300871 12300861
12400878 12400868
12500885 12500875
12600892 12600882
12700899 12700889
12800906 12800896
12900913 12900903
13000920 13000910
13100927 13100917
13200934 13200924
13300941 13300931
13400948 13400938
13500955 13500945
13600962 13600952
13700969 13700959
13800976 13800966
13900983 13900973
14000990 14000980
14100997 14100987
14201004 14200994
14301011 14301001
14401018 14401008
14501025 14501015
14601032 14601022
14701039 14701029
14801046 14801036
14901053 14901043
15001060 15001050
15101067 15101057
15201074 15201064
15301081 15301071
15401088 15401078
15501095 15501085
15601102 15601092
15701109 15701099
15801116 15801106
15901123 15901113
16001130 16001120
16101137 16101127
16201144 16201134
16301151 16301141
16401158 16401148
16501165 16501155
16601172 16601162
16701179 16701169
16801186 16801176
16901193 16901183
17001200 17001190
17101207 17101197
17201214 17201204
17301221 17301211
17401228 17401218
17501235 17501225
17601242 17601232
17701249 17701239
17801256 17801246
17901263 17901253
18001270 18001260
18101277 18101267
18201284 18201274
18301291 18301281
18401298 18401288
18501305 18501295
18601312 18601302
18701319 18701309
18801326 18801316
18901333 18901323
19001340 19001330
19101347 19101337
19201354 19201344
19301361 19301351
19401368 19401358
19501375 19501365
19601382 19601372
19701389 19701379
19801396 19801386
19901403 19901393
20001410 20001400
20101417 20101407
20201424 20201414
20301431 20301421
20401438 20401428
20501445 20501435
20601452 20601442
20701459 20701449
20801466 20801456
20901473 20901463
21001480 21001470
21101487 21101477
21201494 21201484
21301501 21301491
21401508 21401498
21501515 21501505
21601522 21601512
21701529 21701519
21801536 21801526
21901543 21901533
22001550 22001540
22101557 22101547
22201564 22201554
22301571 22301561
22401578 22401568
22501585 22501575
22601592 22601582
22701599 22701589
22801606 22801596
22901613 22901603
23001620 23001610
23101627 23101617
23201634 23201624
23301641 23301631
23401648 23401638
23501655 23501645
23601662 23601652
23701669 23701659
23801676 23801666
23901683 23901673
24001690 24001680
24101697 24101687
24201704 24201694
24301711 24301701
24401718 24401708
24501725 24501715
24601732 24601722
24701739 24701729
24801746 24801736
24901753 24901743
25001760 25001750
25101767 25101757
25201774 25201764
25301781 25301771
25401788 25401778
25501795 25501785
25601802 25601792
25701809 25701799
25801816 25801806
25901823 25901813
26001830 26001820
26101837 26101827
26201844 26201834
26301851 26301841
26401858 26401848
26501865 26501855
26601872 26601862
26701879 26701869
26801886 26801876
26901893 26901883
27001900 27001890
27101907 27101897
27201914 27201904
27301921 27301911
27401928 27401918
27501935 27501925
27601942 27601932
27701949 27701939
27801956 27801946
27901963 27901953
28001970 28001960
28101977 28101967
28201984 28201974
28301991 28301981
28401998 28401988
28502005 28501995
28602012 28602002
28702019 28702009
28802026 28802016
28902033 28902023
29002040 29002030
29102047 29102037
29202054 29202044
29302061 29302051
29402068 29402058
29502075 29502065
29602082 29602072
29702089 29702079
29802096 29802086
29902103 29902093
30002110 30002100
30102117 30102107
30202124 30202114
30302131 30302121
30402138 30402128
30502145 30502135
30602152 30602142
30702159 30702149
30802166 30802156
30902173 30902163
31002180 31002170
31102187 31102177
31202194 31202184
31302201 31302191
31402208 31402198
31502215 31502205
31602222 31602212
31702229 31702219
31802236 31802226
31902243 31902233
32002250 32002240
32102257 32102247
32202264 32202254
32302271 32302261
32402278 32402268
32502285 32502275
32602292 32602282
32702299 32702289
32802306 32802296
32902313 32902303
33002320 33002310
33102327 33102317
33202334 33202324
33302341 33302331
33402348 33402338
33502355 33502345
33602362 33602352
33702369 33702359
33802376 33802366
33902383 33902373
34002390 34002380
34102397 34102387
34202404 34202394
34302411 34302401
34402418 34402408
34502425 34502415
34602432 34602422
34702439 34702429
34802446 34802436
34902453 34902443
35002460 35002450
35102467 35102457
35202474 35202464
35302481 35302471
35402488 35402478
35502495 35502485
35602502 35602492
35702509 35702499
35802516 35802506
35902523 35902513
36002530 36002520
36102537 36102527
36202544 36202534
36302551 36302541
36402558 36402548
36502565 36502555
36602572 36602562
36702579 36702569
36802586 36802576
36902593 36902583
37002600 37002590
37102607 37102597
37202614 37202604
37302621 37302611
37402628 37402618
37502635 37502625
37602642 37602632
37702649 37702639
37802656 37802646
37902663 37902653
38002670 38002660
38102677 38102667
38202684 38202674
38302691 38302681
38402698 38402688
38502705 38502695
38602712 38602702
38702719 38702709
38802726 38802716
38902733 38902723
39002740 39002730
39102747 39102737
39202754 39202744
39302761 39302751
39402768 39402758
39502775 39502765
39602782 39602772
39702789 39702779
39802796 39802786
39902803 39902793
40002810 40002800
40102817 40102807
40202824 40202814
40302831 40302821
40402838 40402828
40502845 40502835
40602852 40602842
40702859 40702849
40802866 40802856
40902873 40902863
41002880 41002870
41102887 41102877
41202894 41202884
41302901 41302891
41402908 41402898
41502915 41502905
41602922 41602912
41702929 41702919
41802936 41802926
41902943 41902933
42002950 42002940
42102957 42102947
42202964 42202954
42302971 42302961
42402978 42402968
42502985 42502975
42602992 42602982
42702999 42702989
42803006 42802996
42903013 42903003
43003020 43003010
43103027 43103017
43203034 43203024
43303041 43303031
43403048 43403038
43503055 43503045
43603062 43603052
43703069 43703059
43803076 43803066
43903083 43903073
44003090 44003080
44103097 44103087
44203104 44203094
44303111 44303101
44403118 44403108
44503125 44503115
44603132 44603122
44703139 44703129
44803146 44803136
44903153 44903143
45003160 45003150
45103167 45103157
45203174 45203164
45303181 45303171
45403188 45403178
45503195 45503185
45603202 45603192
45703209 45703199
45803216 45803206
45903223 45903213
46003230 46003220
46103237 46103227
46203244 46203234
46303251 46303241
46403258 46403248
46503265 46503255
46603272 46603262
46703279 46703269
46803286 46803276
46903293 46903283
47003300 47003290
47103307 47103297
47203314 47203304
47303321 47303311
47403328 47403318
47503335 47503325
47603342 47603332
47703349 47703339
47803356 47803346
47903363 47903353
48003370 48003360
48103377 48103367
48203384 48203374
48303391 48303381
48403398 48403388
48503405 48503395
48603412 48603402
48703419 48703409
48803426 48803416
48903433 48903423
49003440 49003430
49103447 49103437
49203454 49203444
49303461 49303451
49403468 49403458
49503475 49503465
49603482 49603472
49703489 49703479
49803496 49803486
49903503 49903493
50003510 50003500
50103517 50103507
50203524 50203514
50303531 50303521
50403538 50403528
50503545 50503535
50603552 50603542
50703559 50703549
50803566 50803556
50903573 50903563
51003580 51003570
51103587 51103577
51203594 51203584
51303601 51303591
51403608 51403598
51503615 51503605
51603622 51603612
51703629 51703619
51803636 51803626
51903643 51903633
52003650 52003640
52103657 52103647
52203664 52203654
52303671 52303661
52403678 52403668
52503685 52503675
52603692 52603682
52703699 52703689
52803706 52803696
52903713 52903703
53003720 53003710
53103727 53103717
53203734 53203724
53303741 53303731
53403748 53403738
53503755 53503745
53603762 53603752
53703769 53703759
53803776 53803766
53903783 53903773
54003790 54003780
54103797 54103787
54203804 54203794
54303811 54303801
54403818 54403808
54503825 54503815
54603832 54603822
54703839 54703829
54803846 54803836
54903853 54903843
55003860 55003850
55103867 55103857
55203874 55203864
55303881 55303871
55403888 55403878
55503895 55503885
55603902 55603892
55703909 55703899
55803916 55803906
55903923 55903913
56003930 56003920
56103937 56103927
56203944 56203934
56303951 56303941
56403958 56403948
56503965 56503955
56603972 56603962
56703979 56703969
56803986 56803976
56903993 56903983
57004000 57003990
57104007 57103997
57204014 57204004
57304021 57304011
57404028 57404018
57504035 57504025
57604042 57604032
57704049 57704039
57804056 57804046
57904063 57904053
58004070 58004060
58104077 58104067
58204084 58204074
58304091 58304081
58404098 58404088
58504105 58504095
58604112 58604102
58704119 58704109
58804126 58804116
58904133 58904123
59004140 59004130
59104147 59104137
59204154 59204144
59304161 59304151
59404168 59404158
59504175 59504165
59604182 59604172
59704189 59704179
59804196 59804186
59904203 59904193
60004210 60004200
60104217 60104207
60204224 60204214
60304231 60304221
60404238 60404228
60504245 60504235
60604252 60604242
60704259 60704249
60804266 60804256
60904273 60904263
61004280 61004270
61104287 61104277
61204294 61204284
61304301 61304291
61404308 61404298
61504315 61504305
61604322 61604312
61704329 61704319
61804336 61804326
61904343 61904333
62004350 62004340
62104357 62104347
62204364 62204354
62304371 62304361
62404378 62404368
62504385 62504375
62604392 62604382
62704399 62704389
62804406 62804396
62904413 62904403
63004420 63004410
63104427 63104417
63204434 63204424
63304441 63304431
63404448 63404438
63504455 63504445
63604462 63604452
63704469 63704459
63804476 63804466
63904483 63904473
64004490 64004480
64104497 64104487
64204504 64204494
64304511 64304501
64404518 64404508
64504525 64504515
64604532 64604522
64704539 64704529
64804546 64804536
64904553 64904543
65004560 65004550
65104567 65104557
65204574 65204564
65304581 65304571
65404588 65404578
65504595 65504585
65604602 65604592
65704609 65704599
65804616 65804606
65904623 65904613
66004630 66004620
66104637 66104627
66204644 66204634
66304651 66304641
66404658 66404648
66504665 66504655
66604672 66604662
66704679 66704669
66804686 66804676
66904693 66904683
67004700 67004690
67104707 67104697
67204714 67204704
67304721 67304711
67404728 67404718
67504735 67504725
67604742 67604732
67704749 67704739
67804756 67804746
67904763 67904753
68004770 68004760
68104777 68104767
68204784 68204774
68304791 68304781
68404798 68404788
68504805 68504795
68604812 68604802
68704819 68704809
68804826 68804816
68904833 68904823
69004840 69004830
69104847 69104837
69204854 69204844
69304861 69304851
69404868 69404858
69504875 69504865
69604882 69604872
69704889 69704879
69804896 69804886
69904903 69904893
70004910 70004900
70104917 70104907
70204924 70204914
70304931 70304921
70404938 70404928
70504945 70504935
70604952 70604942
70704959 70704949
70804966 70804956
70904973 70904963
71004980 71004970
71104987 71104977
71204994 71204984
71305001 71304991
71405008 71404998
71505015 71505005
71605022 71605012
71705029 71705019
71805036 71805026
71905043 71905033
72005050 72005040
72105057 72105047
72205064 72205054
72305071 72305061
72405078 72405068
72505085 72505075
72605092 72605082
72705099 72705089
72805106 72805096
72905113 72905103
73005120 73005110
73105127 73105117
73205134 73205124
73305141 73305131
73405148 73405138
73505155 73505145
73605162 73605152
73705169 73705159
73805176 73805166
73905183 73905173
74005190 74005180
74105197 74105187
74205204 74205194
74305211 74305201
74405218 74405208
74505225 74505215
74605232 74605222
74705239 74705229
74805246 74805236
74905253 74905243
75005260 75005250
75105267 75105257
75205274 75205264
75305281 75305271
75405288 75405278
75505295 75505285
75605302 75605292
75705309 75705299
75805316 75805306
75905323 75905313
76005330 76005320
76105337 76105327
76205344 76205334
76305351 76305341
76405358 76405348
76505365 76505355
76605372 76605362
76705379 76705369
76805386 76805376
76905393 76905383
77005400 77005390
77105407 77105397
77205414 77205404
77305421 77305411
77405428 77405418
77505435 77505425
77605442 77605432
77705449 77705439
77805456 77805446
77905463 77905453
78005470 78005460
78105477 78105467
78205484 78205474
78305491 78305481
78405498 78405488
78505505 78505495
78605512 78605502
78705519 78705509
78805526 78805516
78905533 78905523
79005540 79005530
79105547 79105537
79205554 79205544
79305561 79305551
79405568 79405558
79505575 79505565
79605582 79605572
79705589 79705579
79805596 79805586
79905603 79905593
80005610 80005600
80105617 80105607
80205624 80205614
80305631 80305621
80405638 80405628
80505645 80505635
80605652 80605642
80705659 80705649
80805666 80805656
80905673 80905663
81005680 81005670
81105687 81105677
81205694 81205684
81305701 81305691
81405708 81405698
81505715 81505705
81605722 81605712
81705729 81705719
81805736 81805726
81905743 81905733
82005750 82005740
82105757 82105747
82205764 82205754
82305771 82305761
82405778 82405768
82505785 82505775
82605792 82605782
82705799 82705789
82805806 82805796
82905813 82905803
83005820 83005810
83105827 83105817
83205834 83205824
83305841 83305831
83405848 83405838
83505855 83505845
83605862 83605852
83705869 83705859
83805876 83805866
83905883 83905873
84005890 84005880
84105897 84105887
84205904 84205894
84305911 84305901
84405918 84405908
84505925 84505915
84605932 84605922
84705939 84705929
84805946 84805936
84905953 84905943
85005960 85005950
85105967 85105957
85205974 85205964
85305981 85305971
85405988 85405978
85505995 85505985
85606002 85605992
85706009 85705999
85806016 85806006
85906023 85906013
86006030 86006020
86106037 86106027
86206044 86206034
86306051 86306041
86406058 86406048
86506065 86506055
86606072 86606062
86706079 86706069
86806086 86806076
86906093 86906083
87006100 87006090
87106107 87106097
87206114 87206104
87306121 87306111
87406128 87406118
87506135 87506125
87606142 87606132
87706149 87706139
87806156 87806146
87906163 87906153
88006170 88006160
88106177 88106167
88206184 88206174
88306191 88306181
88406198 88406188
88506205 88506195
88606212 88606202
88706219 88706209
88806226 88806216
88906233 88906223
89006240 89006230
89106247 89106237
89206254 89206244
89306261 89306251
89406268 89406258
89506275 89506265
89606282 89606272
89706289 89706279
89806296 89806286
89906303 89906293
90006310 90006300
90106317 90106307
90206324 90206314
90306331 90306321
90406338 90406328
90506345 90506335
90606352 90606342
90706359 90706349
90806366 90806356
90906373 90906363
91006380 91006370
91106387 91106377
91206394 91206384
91306401 91306391
91406408 91406398
91506415 91506405
91606422 91606412
91706429 91706419
91806436 91806426
91906443 91906433
92006450 92006440
92106457 92106447
92206464 92206454
92306471 92306461
92406478 92406468
92506485 92506475
92606492 92606482
92706499 92706489
92806506 92806496
92906513 92906503
93006520 93006510
93106527 93106517
93206534 93206524
93306541 93306531
93406548 93406538
93506555 93506545
93606562 93606552
93706569 93706559
93806576 93806566
93906583 93906573
94006590 94006580
94106597 94106587
94206604 94206594
94306611 94306601
94406618 94406608
94506625 94506615
94606632 94606622
94706639 94706629
94806646 94806636
94906653 94906643
95006660 95006650
95106667 95106657
95206674 95206664
95306681 95306671
95406688 95406678
95506695 95506685
95606702 95606692
95706709 95706699
95806716 95806706
95906723 95906713
96006730 96006720
96106737 96106727
96206744 96206734
96306751 96306741
96406758 96406748
96506765 96506755
96606772 96606762
96706779 96706769
96806786 96806776
96906793 96906783
97006800 97006790
97106807 97106797
97206814 97206804
97306821 97306811
97406828 97406818
97506835 97506825
97606842 97606832
97706849 97706839
97806856 97806846
97906863 97906853
98006870 98006860
98106877 98106867
98206884 98206874
98306891 98306881
98406898 98406888
98506905 98506895
98606912 98606902
98706919 98706909
98806926 98806916
98906933 98906923
99006940 99006930
99106947 99106937
99206954 99206944
99306961 99306951
99406968 99406958
99506975 99506965
99606982 99606972
99706989 99706979
99806996 99806986
99907003 99906993
