5000 1000000000
0 100000000
102015640 22834252
345656876 372811751
779435842 208383887
152075687 773517273
173999861 588776615
767115632 23930350
215160366 319472575
383284859 579251582
530894971 252921460
287356689 998296973
683196672 369405529
184050512 293730648
390417140 636662133
95877545 301339344
957557281 930395840
249970529 225327385
398312296 14795434
25311505 54481673
502383930 26555285
255423270 449750449
78518304 355126870
296327777 650110157
142810932 247503543
598139992 407231314
651413670 473370616
41142259 12469223
588607032 829493577
923141617 647358828
336463298 999504466
122061152 679016302
957817263 474119083
793667624 279012017
391823742 753370980
581479297 839994286
521597506 166563199
362039416 862678290
416890658 637552753
239132782 640979003
448983514 625858981
41211800 638964159
96936760 13039097
584417153 1455589
183114656 828203582
806796164 568495402
948110216 591806396
4996435 285747389
259711996 825698476
236960626 708173571
546076444 665361596
900510652 679305236
830720153 269827471
36104668 881941052
713041468 70835002
689795542 7119994
187916383 156389576
263337085 278328581
673077873 862007479
71909881 257462723
802646902 275300728
667507275 269031632
944017029 464275955
107490241 474301181
333407049 955428353
620486528 785101390
787611265 935647985
405741571 985548411
886606464 514556932
157330326 987742575
27848108 47834351
132148442 148257740
24345859 225284192
573530948 13508452
427403410 178698354
121756574 314617282
24920060 691179320
800946309 497582240
653406458 56992056
255462122 986653295
38307796 370555884
226605713 318906578
506147309 64739907
131071637 561261347
683031093 542236958
437446113 49821420
885202357 55815123
808005560 222491758
86186502 608200878
522597423 774640414
91817946 27065194
109911214 317543971
259636082 912026557
966028402 392263898
942388517 420629962
811751694 28023121
623354336 188760748
22147813 729427664
702065568 311325426
573480370 893385292
750459386 531010845
829839616 695799538
345948820 561379876
127457458 703354018
38338472 543812080
272100732 176199280
935113353 565399521
728186216 947853093
158285846 310687559
384617555 701724092
66476871 995203049
528536685 340419046
21759402 990999170
437022397 752033927
765085147 175881535
619383706 784326710
8956942 122331202
824982322 721673665
7786634 125469218
332252679 527653031
861167147 881517672
520295789 369514396
467968735 783945748
57633806 202784008
56763945 944509462
963112551 564013960
818105250 683968470
842333000 276511339
703655796 673823660
290477143 732789303
621812445 843321704
765859469 647350562
62829234 568181452
450069176 607582105
5236695 67333133
979965432 242662589
219474380 860022870
354972226 895285984
32885020 988610116
11128030 911365132
532819437 39017579
849668334 727846525
526430836 714191
505351134 578406690
380965245 891899500
12519925 480804896
735708390 814188463
973032652 358637903
905719844 436239611
269346257 296972475
714739901 95330341
17475267 932707620
314949325 254920184
474483257 757392510
140574082 21956785
596208668 70803057
996154271 725137029
876843560 331305691
57694715 69791765
954205295 451226186
523918853 615488257
569882070 342177411
33379382 199686228
664173718 331355389
920807078 978423567
310008509 270081382
270980986 454903467
223516330 997611036
738652012 452431248
40294803 570276021
133471310 189924765
651909636 288999033
24517505 228425892
266666070 123038947
593570428 110087403
941007676 710785571
991889228 425578924
244989499 126017951
904544526 721451925
873182252 441749613
101734519 762476873
62396348 470258138
271495245 854509534
618677228 447824870
544722411 154472285
603309202 411556806
669870529 482725701
333156054 858094177
27545553 606231304
925370807 314872019
233524 319727244
828630659 562271470
33849235 366142123
4671842 178324916
275810221 343239092
23361483 29278173
52840408 40317415
627610382 304063063
777192824 465816574
760499402 904495809
397995146 747232159
398701427 895709680
870916124 132392938
405436629 238407786
730471121 157623794
1243786 581776109
680648546 65081147
442928262 821466857
730429720 18101311
278805901 308373250
684411988 786815728
1094584 43929487
767833863 379623212
422249204 788587294
238256442 71023435
743313282 230592238
426352007 932528791
51115640 26514802
394901918 55429069
23512638 722179285
248028865 940016032
253036306 61769585
279765576 396791607
146772869 693558358
256828957 277976234
960446715 862063049
983148865 15771529
450910255 898771907
629860422 32377686
547380653 256583790
862981587 989249030
124693078 47293611
220951332 22907522
795726816 344770703
510587015 631416621
26647378 843502561
452902367 178867796
50292621 577340061
200483621 754937536
839858622 994296180
620001506 874272298
332052973 574894666
561838262 825714624
185482609 322666679
706305492 713808036
493279609 798885511
27874692 781499502
72678277 364986426
983351200 793895333
109728235 1773956
876035863 629341770
422184019 747002318
533568109 5169741
151731258 192796851
235301945 42677782
737443187 928932484
68789157 703443710
434130593 866608324
420697330 106492884
775532991 876231341
454023666 454541144
287304856 748343721
14874762 766926531
144777551 657333722
157193531 558037565
302036697 612064915
612654991 428721508
49353086 40612572
215226026 644447180
853089115 730529266
713344964 921316730
739220707 239410116
610212008 346446696
622847321 472606072
23285300 653648901
33833816 288228836
940498654 43546032
493538635 48242197
126811947 653954373
435419637 934820299
17843765 90893961
997263594 105649147
452283437 946091196
136723220 16441675
833803478 80239888
839473968 254846618
353337351 146562347
134321742 278497654
493177386 921026471
791225428 812693668
148724928 430772371
604782716 45534876
548744922 511515120
65565137 252657674
645690785 688025653
502047670 671043662
156394703 778718923
209423967 170808828
589971251 413484177
376041302 61165405
40824113 832974937
406524407 588236524
558309185 379653481
896083957 788236250
650865259 860622844
295530963 622273162
407960785 85987774
301086571 24428822
346311717 647417428
641142890 231132104
21661229 577564625
439057618 950230434
700728136 249621314
784387447 885065942
683913953 821144867
995810435 540666703
24698876 664999399
386897394 868750119
46821298 523847285
166154262 973746990
405892012 209337509
102429716 247408489
653759146 804143047
693565030 638044560
863762688 555719965
100179799 463967631
241891603 567981147
877667209 172269063
168195040 963499054
736070770 715477194
929128821 401172147
614101211 989006690
731918710 23064059
2522464 771358603
221903770 19189901
991644915 577136564
691470380 621770212
641896793 570919809
276002954 12006125
668535723 688919628
20966824 951518859
80499927 894546336
51466382 367765011
838596124 495127997
834193623 548592080
762892689 813339159
983745841 70003071
533191326 477264855
203378144 964384980
85892738 507789400
875892026 990065651
514137292 951009707
830315051 68215287
733310945 865194771
274942130 42006895
723142012 590155145
274877026 939412190
609330985 929395770
290037474 222293303
952931018 318695684
142267502 390990950
26286354 719417597
42815059 207252937
444827661 760596717
311859064 714454706
932810646 826821070
190656209 729102567
707132895 763698515
681864169 55821601
806450669 939311710
40295777 247138705
817410585 218096008
766620522 160721495
103402640 511799709
702787661 913797641
241457107 727133213
367880420 266419250
77154104 511234493
764564767 655584208
577611623 910081764
245772416 256845781
154543838 866471982
105949855 286910375
859565678 294164204
642443175 628690848
754436539 65592738
572444887 959831439
374710208 59552391
879310082 941204789
737393481 122093065
202979599 540105928
409035639 120394567
28317817 487291252
224445504 803297429
343946704 720837589
623224556 533522940
804158263 38243454
194345625 301680567
951093988 177309813
797453496 358156983
571555748 367713716
7178124 200698143
187366740 606820266
428907699 843287241
606654824 774765496
927967638 777334207
462119784 957257141
476386295 656415427
325236078 829166698
19030124 599484871
512898217 245773846
810267869 849352310
101554653 42253034
811000071 418014377
370973153 377267088
883635965 160863475
865625632 316893597
383955874 616884502
959118616 373051426
403306289 56307338
479251166 913387040
702385590 810374398
467245464 263144718
952210 735084239
849728001 530849110
696148474 514206099
392694761 683717333
830455672 391696528
10874547 494334303
152694889 890379077
842359253 326795576
943967101 518066656
310316379 57186715
388486715 49553862
129935972 906518328
258030970 501019150
490775459 998489262
624827881 164464646
816023008 313742101
150903944 366820269
655933556 441705591
806604588 625114167
715273681 803621457
912422143 378954893
794139639 451736087
125796094 856924106
10038528 2894253
267577465 634953150
375793558 485112815
913760151 992253807
847716215 170876202
490126799 664331155
98082296 134604705
722522223 393714455
495587966 280619017
483684633 99061148
408654599 874150413
511962690 472876533
601943199 985068747
747815857 418963114
29197291 287467348
25942277 66296951
350848418 993027376
827837488 253596878
921560847 255337176
242202101 32935505
354662033 961634874
59718766 348780889
368655387 110505785
485841801 367698546
103606708 946072618
19981190 16033499
235871224 530034265
510510458 135113484
784542357 70787200
565270991 656411433
125716687 985035095
464532161 656515983
583415292 52935680
840103138 726635343
196394504 411895958
414384024 738822829
724830707 168740520
316401050 41244063
759251022 30823351
15788917 566719062
774600130 407930809
464687630 443785646
802352521 795611545
963779350 226299836
384444914 366551989
56468887 699233864
808897761 843706463
884753520 376359759
36994636 917698141
130293968 722400641
207380161 461970794
786440893 771608769
274265051 587637426
367782288 470516393
189902032 610620761
729060470 934027011
958816486 522265333
838556401 540351569
88496633 372798479
422606165 824023109
133489910 862673062
523818315 692022345
193409635 847021229
971615826 437555705
430147285 342891656
134958649 519788452
277068664 449630610
177685926 477291728
3247755 182079130
637132946 123473586
264946658 954463329
726658762 876281017
717002082 460613150
698965103 779361541
906621832 647718394
122198647 395307240
226727394 791150997
585226027 242645356
152034196 367922815
20888742 515107788
166001621 989951679
680049501 934581753
264996463 955733328
91803281 738757399
375305283 673800863
10868958 950136829
977995714 703639822
498924208 336732089
646954357 5238643
140408009 97525770
163384438 322254747
760975549 91416036
322352885 68553919
469293429 569567727
946924212 390016535
791389103 820743432
36827531 688196932
54664315 98258111
567488997 950606051
421848001 828393431
243269441 26392321
59744438 142381770
712260274 36522913
73117290 869489730
809419615 254035256
867746366 115958176
671168260 782694705
352853605 526791545
615350895 624232
941509227 206817812
155828740 286213044
578821035 29499373
371946041 25255510
10882518 974051382
44082713 15139467
523922291 555278161
70601159 35461632
743982682 797746007
535125745 741917784
13451320 270321300
728387937 63009193
827958030 845143560
410338673 730790652
669993393 705410536
763982480 430057168
82925644 372925978
188384194 40084885
142001369 279393981
963659806 904319030
59125676 619697311
17328462 119660681
291113961 265475524
857615892 590856670
413014024 108105190
977155776 850647925
347121240 93303536
464638394 677439239
652227961 684904833
45697533 479087932
800053473 167874927
963166617 810308147
806547800 675695170
769888816 950833662
850343292 392882101
67580794 839109923
25247804 924655160
346795459 992511260
153365346 841838449
920356456 414410968
100836354 97255094
958350429 4002104
564533004 281785748
615870122 732138898
435017664 719534156
778933992 876920881
367743539 65612368
871131593 910199508
119718863 186041034
15011726 2031914
315212753 507982102
476011662 806627165
50863049 20468035
502518198 456567428
3698718 482947222
185429251 617165103
304461959 104555015
9306121 527836639
692947091 242295490
169120369 472485259
807446562 422629031
53624435 89318428
608205801 13032137
682861920 35703025
935345650 659348468
870211098 566655837
979764761 299697952
592015257 246949668
183149201 870369791
270291304 166461698
272023645 71720309
190004262 773501731
983983063 6251546
49957382 989731244
222802221 991891129
795895631 680742705
790234335 878416084
145134301 39258428
72342594 940270878
56618654 176932045
260836864 92791295
376446998 628245204
455430805 53564435
134119643 210687160
711138516 531997869
46440218 166262996
851395168 27897932
860655120 994526965
488993843 215544109
758351506 494218462
255035162 863423930
409491333 528448196
14565942 486750994
644556390 39351760
69103485 461737867
261062596 639760037
9132088 241688876
406435777 559710673
111558532 297036337
505453205 137951322
387041490 894975371
764275979 36796475
24239206 13173085
513457409 854492388
927102938 608679298
980779500 830201781
280084635 873952259
681315666 797898884
501161067 331893153
606096207 717641756
1874398 728860753
954422033 193107643
187574493 176989625
148588379 270981266
780739367 389357495
424576774 5610057
647374027 90681563
672542075 674680185
904803503 373576937
148726586 464635184
647838988 525016409
174030422 28406385
325178351 430003670
598504183 660697266
954913722 961181890
694457302 460382812
253379489 208597936
184263365 290397518
709103661 580336616
401944869 208643929
611226556 5531878
220811373 327516869
244379391 8674012
704582314 734546636
701837691 65737004
229858042 472883226
685167113 914642160
479297039 951444819
954496854 548636530
758690482 899107724
322736228 237618356
37685308 43134673
374488327 52213224
829942048 774292126
654870120 522645496
354883421 282562150
435545989 209901568
760168717 6896143
614573487 927881167
182980313 186722931
382073099 214458986
683523712 990440929
462292242 43141257
279692120 556365978
47718673 636476696
148977349 684699989
309620905 856025527
153032900 852118971
526666832 874279738
939024483 950632171
790329806 685461034
806476869 939453943
549401793 898564930
224518947 631212134
510166810 442827763
41014342 685841584
375452062 850144992
899442703 517785285
13179492 8051298
642633839 632040582
316606302 636807942
440772975 799771210
9963721 679437323
315898281 515510106
334526396 604770277
169640653 662112886
270244000 139797180
945005085 15375437
711676336 62187757
553648369 29980169
293966208 979991431
674944307 128487874
575029620 97567952
804188644 239862534
687291973 1247933
25009557 283001175
714580095 29899645
621180144 415956652
907465990 255225840
43632430 419464175
33241995 932032553
864357022 288349566
933941532 640940528
495864611 957011882
144233619 596901186
3168949 864406331
865665826 133831374
870597600 169261545
336940749 987195513
861222465 804698853
518594799 972752346
346721036 224343886
732046004 685392063
214090633 315455164
96556445 667519399
537858962 339671993
100072447 859846726
533885462 745779267
862409092 186097669
794884505 674193995
753439657 567014527
291608754 963973177
440588862 330857989
24332426 852231526
628015082 643702299
997216101 175916704
4100259 261989368
212172050 634343082
396297275 83554570
354156408 743578297
282194639 316337519
315928853 588482296
917578069 2720380
446919542 266566405
821168151 530653499
493588414 613639794
687514930 721208038
895805221 842534213
992105750 239305070
995619702 610837624
804420362 23814133
601823120 75284089
30191524 892722007
614973414 80644011
271481686 241445533
565236480 335205092
484969181 285742985
579531255 941618669
962984911 364466445
261622012 840791557
38820117 745490899
927870930 685114462
779018094 197565623
460577360 476990110
735572458 138166600
107075808 562825055
759146093 326078539
675424515 614005424
20139057 56760375
12045257 889004690
384826948 565658042
908175454 409356155
262454277 49529907
919627897 637720791
397693356 633268790
173108459 700619138
133337279 438478348
749288470 261626959
249911454 818542128
388988018 381096068
570650360 843192787
365655305 215440987
922200147 507123032
607739388 292492163
81649800 851707609
323322109 553295773
226673477 999475872
906963411 674586816
782754954 691793839
390489818 526221302
993863980 813071417
913217920 762518972
480771924 828047910
219961032 326717061
6462720 648414099
473307083 531883832
860179074 485795663
20298290 686365101
112830205 839269727
325374141 295788852
637895915 469439356
153142208 325533454
898121881 949459344
622379424 302434034
529572521 612455996
730660698 919534474
765479055 444476244
529549564 332331763
699096341 448326241
138895914 253328193
123183319 435927327
42921114 369301240
356336327 955565565
4184730 409102740
908429482 57855136
291789701 198114306
575424409 933718624
495214673 920846628
815770753 358990536
652089860 75227730
671077540 895743002
994214969 519510995
410859029 678943689
827717024 326461800
16944703 517679870
768245884 25032897
580148320 392842004
816390947 944089094
495670791 383881756
713705601 501366352
54602137 656459609
433559701 110541869
391214802 510195653
806295794 370026016
6946108 782047882
56939326 238312222
764713145 15219593
772343736 712438034
91535359 57108439
928995755 50815322
52223767 644042812
759567356 941032776
525545437 194129331
123004834 622551713
30392963 660334572
934589991 470370337
981192205 296743372
140501548 681196022
45326550 148858859
6483938 461909569
109406474 14497045
287143314 500111768
904940843 981436107
192928790 200133510
505795724 582848959
491581278 421796617
181051353 972039771
374980332 984933139
791966093 51582266
902614616 455331594
397018745 990077869
63196108 360183624
581320260 398446648
412832394 947441052
34903014 262842131
773760866 301029831
76768812 684123818
550964540 32359935
649170999 268022813
994448275 368819055
741429757 944381888
784265463 745279157
21399750 35797403
413492107 529644643
601307056 713913835
263250309 956282240
347791403 41378208
959027634 751664132
284863102 770778846
640369647 483561311
320069185 728457596
954352048 602515698
473115360 586761095
298651261 690931859
91832350 32882623
83689584 994087182
423016080 71843866
391436472 864023711
875612190 127522365
63513625 558707065
786192518 245367814
144763754 28562498
245452249 240745988
18475541 615138965
58650362 686029308
749686939 474437503
324095527 885064550
5112078 470899714
252030312 202711022
664757141 573819285
937884449 602194932
272905451 240999586
785827975 727127821
581918944 83739910
287886370 854984832
124084951 445129364
568552016 468464585
876410438 112251283
989695425 256349465
27236153 531466043
111300603 27018195
130536143 494353980
7107032 608975122
67266491 621278008
51304963 549031966
99464901 463155524
60465023 60153594
616235846 32534123
380636705 840370393
13777327 394737706
634340113 215424164
857293315 98742261
780976972 521255286
103107673 331765680
795909669 367215392
529184092 544779831
557127103 66133156
856941770 654449623
939890580 313290430
597571576 158150355
750781682 32317015
811070027 604383200
238340985 27872528
704806337 681236137
442781086 26079166
808450918 29083212
532912939 37967080
914695135 39907289
645429692 78645580
301594595 53410011
563723588 315384919
236306621 162196424
678588550 612485295
171204812 529008783
935153052 947998892
516060163 870453011
988317300 522108122
176046185 705926569
492100941 294643834
666465946 888956316
596806975 288001534
697713220 976988074
212206256 246012816
558475947 31037060
994436064 426235787
190464805 327826771
655944030 379720960
618736542 501461038
368641680 12073011
147415318 229235876
489873967 778816284
353295902 788943928
717430473 572482022
402721631 13261023
379253565 555224947
92307475 968174469
4180289 314452438
876647049 396809350
437741537 668655320
587577509 518751285
49991157 165189748
99006558 595127640
898523315 302330202
462202943 69820840
57327133 147880304
175226854 403058775
637985678 755698252
102987912 628719235
502268977 52980667
15020906 161036228
67936647 746424382
184052843 694483107
215836137 109244808
3480692 278693151
364247293 303101185
190509071 486688042
570911808 581042245
893362638 832213291
580493700 362141094
163064030 837537402
711343470 292130982
181311358 87940071
802725879 218102398
295667074 568020531
370093292 517648026
999981263 542178453
41884270 341872410
532696546 380362038
540658548 286820690
199424073 2287541
757244996 904637003
166146856 307757989
926643965 275055424
755272118 479162634
601582096 301162018
654565309 385501408
613149378 254001685
629129758 5614995
944285100 115951601
925140810 248300424
885018427 836124353
955367370 791370131
395459632 425762887
192411320 875178367
529549857 924800374
270123588 262771337
771594231 470567671
776709168 965533669
802262638 532796837
550877780 586618167
250787991 398321424
185581339 831490843
729508953 379523582
371513860 46029726
485933804 862478053
374423586 921509571
563036 414937202
941925532 80279295
833655053 471726086
901773614 343895485
343975986 490175027
336920230 587276250
99041876 756114244
673752424 759216682
493471953 29106609
609402346 594724337
427838298 395660463
763099449 608978283
416589940 477873311
945666418 4661318
461571575 186379162
784740937 81584162
207133074 271112172
483678598 264846616
303415621 490214038
641181571 709622319
682355686 134273994
57943983 744722920
41865629 832290674
119396622 672412340
832863336 902134185
723279543 480283513
421798040 572140352
635928661 835741713
641254737 895082043
130775719 992681418
294468878 648370769
539205632 54216679
679505435 884984176
715081927 516772894
509668121 28598838
75469815 137322264
632347517 471506554
701986720 40984820
291746833 306932673
986390884 77998532
42333553 900527049
147957500 757214734
58619537 669769474
737380017 18897227
759605554 366486287
537720803 436890732
18590831 50892104
705203077 480859729
834245942 52418876
86416543 544482385
473033927 23656232
406327499 550104245
892337464 505816707
853469368 466240828
3643377 398472306
315629738 33355159
880764975 162336338
823353591 328644080
774785925 967476276
390102668 128837468
664730198 311957340
19366245 595911788
983335005 733368002
739653402 465947553
698680613 401169298
806010702 593384946
824763537 22692779
151007293 112931656
550016854 851613733
707441975 252557058
16687482 714745283
53669661 763909234
643796192 510082437
931174122 782134111
248831412 133658393
527211046 893838465
786505470 540639075
965463921 43963399
148990229 645852413
636200190 724707349
836989991 800810161
250239764 371937599
585511094 36258816
511231119 748946192
303837207 512776096
995776349 316468869
338255089 326700023
241372418 253200530
90342340 7976352
263885588 20876442
990980959 594564078
471419840 136776444
18019175 324755299
302620227 818606466
86277849 127671865
925439858 361573359
202594429 657901786
627464754 125550202
386527095 537919079
4317184 623144013
315198907 103713077
839780715 37493253
881285778 989688651
825327253 21721653
589816603 478538469
224452534 484884453
679736005 18623732
82167193 586058508
715406294 547290013
568037916 567703321
755322855 128913078
527339700 91707247
433416294 989535307
387868391 636421603
322141970 611900190
905598161 584793920
208746114 775852323
971392416 110907331
726864543 700852225
920039447 831786912
827228453 59787155
605210383 224898940
751579686 610958445
829618673 138237169
845463687 480467023
614581565 402425613
505719425 62644403
46270725 93383379
482941474 128529222
666004340 2478008
23606216 731832423
658715968 946408487
145944749 996119466
511854140 63744510
640512855 141866583
250905545 130114319
24671267 352919019
661705566 754740640
32497090 187351190
425696008 447944939
764391868 7204794
905712101 970897823
371301607 657694323
328392871 7956061
915383281 165650954
985829911 79627323
437832155 908200577
465326991 409903940
825148027 842134794
193103231 738700022
850766586 531131023
153787370 973952708
88314452 717276204
186339046 977470098
811586011 26795952
340564767 485508923
365180339 326050848
294261332 236709646
849179991 400938548
51786199 13699660
684227603 507493592
334415122 39603115
269779337 614602156
990200318 361436375
260370988 928307588
210189738 367971052
49372615 402706665
353950394 588827389
240218616 754022550
582075364 333297296
988475053 945010172
433695860 831787040
77804206 393698238
317497546 995370906
825672211 168656438
62676182 825743072
353556681 23631854
383200932 664538697
613843729 935329320
213832395 576631070
223643137 258549079
221243644 941638175
391157761 975091107
39805561 32019963
239135055 674951017
567573658 946541020
852229244 73471416
27738441 457139162
869060332 482338006
901994375 136795011
797856090 373883577
891626470 474844249
24405585 268109710
119290125 52393043
27534004 270139446
948443192 294193243
876561465 521075907
421282229 691865806
715385318 782312703
10327399 602732032
380767898 155032806
472023879 109829301
228800901 154188071
55872478 16197800
21309101 401179559
363729100 456491785
725889388 893030398
532411716 749906680
39729390 110501880
140283534 59074059
531438772 777132052
100787332 363555533
769864468 719668233
468533781 535123772
103041974 42901819
527701445 284503369
424032279 479802700
87925291 21288283
554738698 613604998
914521713 405449934
427638322 496319601
776824536 991891053
33042570 65423426
515562802 755462908
647948510 31110506
507091302 929991600
830583119 856064517
483084783 23357620
65116370 395124583
557950045 850929062
393423793 290886811
243451346 524084760
664566793 250490075
818209670 973513232
582253130 46279703
315640644 279659144
591699386 576803700
457159659 243502574
826957043 767342026
834756078 132801701
192050784 47026725
743605205 226184578
945555652 517519942
75799225 122966609
534412211 698741535
347824843 408300622
741357591 818474330
493471694 157532332
861155501 752662483
307728793 17179408
674085509 878624281
803071126 682828823
332805509 988728561
405213766 470014412
383386855 411952851
946878906 134004787
846682038 417294442
910669851 340448194
433897813 308837656
617539875 974895074
191701496 97510257
33044386 660595571
838590249 85983675
3027961 705273157
235859012 587450996
33287330 592300191
656220924 705196236
88865960 48333243
80899028 467496231
10640423 171870792
810071718 949211548
845640405 400426471
28539166 232713849
532209784 981272239
463714625 240404156
88639340 207219113
809079264 816534683
345578783 376701781
913657638 385654269
960465557 3396130
694846735 40455934
639769828 749583610
891498989 878665841
716801464 567790517
802711269 432846934
273787856 534050721
456474737 644801127
61571455 36664832
764915420 973587088
742811437 246615689
592481992 859689841
227706836 279934950
400593323 248998623
406769027 10009139
658306638 251547233
91148255 424877447
386470221 712873907
530173596 929108579
132064666 67332422
398995976 674542148
780668154 694022846
584407937 56998423
356495494 448710003
514672121 831426750
619925804 435812593
66399352 66161039
914595883 29630327
88947868 968602327
738305946 620006012
948454159 255762001
301073121 902094629
804679704 26965934
143288127 890272464
496834060 34066713
888241219 697575309
605451223 412657064
981599314 523215008
869041528 999434730
7179046 774137600
809280642 815634018
620830799 173368794
490043548 464027141
987532201 445114127
337098754 438282942
909973996 396580786
18233346 640961003
607511328 871423115
678776192 35186909
260873507 173815447
869072243 725696860
838464550 364017541
121961829 363091489
761705262 803374650
517473271 788127579
221199508 423555918
865364314 704349994
258003589 129572238
685184983 296187431
905719682 42818679
26365000 611987418
540176097 729986753
495429277 934625090
732415306 304190162
49430615 580563793
498174267 922812231
365481745 833514349
345508741 419296623
418595059 569816048
13942733 806791118
530084157 607924904
643020043 883840670
139712194 675881816
632479246 784790602
638926441 808051766
226601462 222697970
895257517 728519275
864152761 87247850
427673886 442627734
367499167 955747899
568101087 962265417
77119942 664717600
389059878 871241610
309100703 605420937
281178304 540045140
242028654 342641052
296494986 33143827
85380302 957529391
773582584 371551019
160889131 8565839
948901522 634335346
118315334 142687677
924305522 563471026
432773557 693468012
546806215 81307688
815106144 823335684
570714965 16478983
903978244 685131874
732207603 815877621
18305460 127609877
105971468 317782157
265309012 830664674
817119518 248697820
119034396 57788736
76248126 43373795
17977370 207425502
602213010 20415260
138337201 276385306
778179797 429256941
481246227 15572870
47909078 230378551
693208523 588465519
782504955 337275082
53260598 658927949
650438583 107435758
372784389 875453778
826252823 483983323
513595068 6264033
407902266 828772929
704074549 60865300
188967123 185286338
546666270 472235319
196560042 822297715
381063031 634275655
584925976 101535070
634214933 57440892
515403407 732470019
230440482 395893179
391914768 760742610
505042075 797964322
9862833 870333107
661569744 980266369
690929698 8877439
880007400 141728475
69256989 810930052
190094938 306183914
568528632 123013893
921667189 135781016
866496280 64101559
404001496 690021767
9313146 966494277
53112826 580997769
218015533 893455564
192192420 927196200
197951700 659923296
407477619 777146656
65994020 397197702
710646615 184219872
633214827 547162552
720680982 193783822
264579079 843031524
684736970 817409280
134998251 497910765
559709790 215153731
62237213 675574824
301515797 454042903
31706684 652308960
288842243 516412912
887715571 556063187
807098514 179515639
462735751 18291378
593191422 808300679
611200334 812413862
882854617 913628081
49433651 69198533
2412680 434588345
920507705 36314528
537496517 860322711
492583150 414575034
561730843 116881015
844561916 754545415
704823661 473743928
464457629 545102449
650319983 478095600
571971616 99875415
693131051 982010983
911565161 135081227
284113021 566397592
48479086 482253139
4014998 763081268
725413565 8294121
7693950 673384222
353020145 965030652
782338699 311039727
561283392 588037293
418103531 858021236
811202288 9503122
634612000 759576875
288029661 420598327
688513918 543666122
2753781 441296536
78825902 258081464
732818107 67607208
312833839 263197586
22780359 457489101
363323856 11540647
57447236 629809250
850706999 182493564
636173681 740351540
842501213 656632649
871695394 122862853
156153871 771392890
22937403 833406988
722065774 785204783
167126332 591178098
564791664 253857469
448886704 886232790
803446366 836853802
725534652 188845515
974992468 647446453
10810519 178102357
934086084 548531020
52521994 293376368
740168691 918478355
86011129 10270600
678141817 699442404
343786450 807955202
339996870 874119882
3724574 787164850
61580951 561079684
229793274 832499811
977571974 759966217
494693011 203637586
948110200 715469054
78060204 408594098
955729452 857195329
804904989 694800938
931723187 505431650
885803345 116806227
642875890 6177060
776556999 812217659
786272801 852733952
581862034 674006756
996860239 572729763
814408409 116186565
136891613 634540907
66959448 383235912
14578941 529016302
335255517 920544331
204498750 575570291
663242188 99796384
550716152 567317110
586868379 373856396
182121949 698058281
490471255 680989515
988803700 475959022
23854108 794186122
53375637 992688350
505922209 436211948
543440877 884248133
52622506 676412806
189910141 16073250
880379541 92819043
300423962 712337068
702478798 732230145
948697071 561847753
595684187 245992146
592543991 63477652
222843472 266042300
121798275 331630305
262949467 956253337
597101498 526404529
754476090 67347638
50106131 458763196
646497856 272812377
80708317 141526256
705502420 565802548
778079672 105630700
113662705 273663476
70347546 850628740
717638311 18244788
724902859 282104384
674393497 220190345
303175273 946775261
42020221 885015544
576737252 221930699
62676127 449713788
971584515 40399276
431818334 132211969
736720349 200979676
997330861 898936939
172843105 435397093
370714516 566521872
922087119 61083398
42076077 701394489
22637371 21511604
38896807 768832677
835492114 954837785
87813830 5930757
515168654 429068430
910639712 60356994
836036672 647855142
286042210 279214388
931500431 216490787
56392904 247434408
462681394 632406142
15243049 345343587
847040184 98646371
109070635 923947864
179342849 356094386
256810759 614750068
97599426 765718655
8820749 142285331
972178949 40367251
708661538 902414984
450486438 259070185
10342714 453305498
725517784 277735730
792551396 25613056
906726046 11273810
944046012 987332077
261921618 555645664
693943542 400935807
519996450 148332458
518269914 272861262
791824782 1181229
885748545 863031780
141070571 160771874
64314652 128847166
289822947 904542958
651605742 893215568
941621746 648540717
133595726 966987134
608118507 464177199
904787302 585495076
790381937 770845050
21416822 315461903
631453310 383766596
564028754 170180609
292746975 64757497
585349599 6090032
169459638 396101308
446142106 685043145
240807671 894953439
621621266 34358887
627589100 7848041
715653737 351275932
136926129 198676634
757072343 41579119
309692857 949319006
482220839 613492956
12312134 156864731
899449911 27432013
457725173 66855656
619207804 368272424
729341232 643787156
908041596 684673090
554127034 698954140
139778899 930085731
21356583 898367221
191452463 775257548
66595168 494907208
89282003 260201390
16376355 195111024
525788184 653949359
193080450 938249470
995050343 79966569
391862624 662847670
283558976 13123050
237749495 870464783
316302518 99678261
783330644 439432631
473448689 627696575
429561049 309529868
631362474 836897523
717990586 785422500
42534579 583642031
446071680 47330759
645141357 66611652
654418313 312684016
842576719 317853051
84233606 173108047
155197542 639482891
432684796 24195912
784655824 68044836
5360323 744713463
722731071 79527014
18895754 395043235
952913532 543683050
963965011 312120654
975098337 181103800
881546480 633772333
906870494 375982159
920845451 883550759
497966454 532886561
957418018 763286872
426195391 10321940
345893638 6499473
506537061 188659971
27833691 513166038
181863207 229594426
36442781 28928223
221671768 486060285
389522454 990888344
259829855 677911298
641007464 180258465
762046520 348893426
673522953 57858765
831895537 531860461
108856001 463886504
446699054 179453187
73595950 148050666
679543205 245078459
804045633 180464901
834797986 382130320
459669695 12709277
12449413 72056174
512347329 746904841
954219071 960730682
533100339 22866391
65605849 739002183
628793433 998268229
120121581 42149858
792273221 61560264
549612587 894037703
386253923 6835595
753590229 989916842
982928878 826317542
321410371 999121583
747787383 973965546
462662239 190155506
768829797 942598620
202922538 780310784
782602608 90486196
229809462 608037979
403082532 118697631
431086122 972234490
484897125 92198267
787899970 647127495
325554149 185577054
255006156 768223519
370978735 193910031
70032555 189671766
759928224 325575050
754630360 638722864
2972905 55333503
323309788 193724521
237641614 964461525
143067223 854900782
807366378 83500833
189602940 143045538
563715113 147989552
880195219 12421722
303648972 693824386
745779830 865611489
45428007 654980299
679980820 71018803
291631847 96123764
805826289 909806919
237218182 5001495
697895076 214557567
6216405 703398920
813098839 436840758
906742139 424427463
833198923 407030586
9909103 65308047
290454098 817802318
42193023 591044298
399970387 252359079
716299470 129194906
658595785 10081647
965877070 936793938
945877572 34424135
913603658 395021562
538589414 375847614
784179167 392182735
480525543 240446426
583404669 734043072
717758482 426653080
58491754 205283827
589360454 84628067
497904960 985929022
526039286 126244511
255180395 317469358
661918122 326860065
743469996 556343811
654262395 856228788
785287320 34798130
710793626 722458518
318110233 161617378
604282058 644944377
12177131 846395375
968566242 693290115
23668256 352419818
433745228 207197647
585978270 653127319
411801737 72606696
620849820 37304942
353180330 394064597
377421353 881275931
653108440 481203465
16378276 375159550
323839693 716467182
665190213 710984107
169779033 293413475
344251027 77455978
728235230 16462650
364399851 968737721
343854548 13167545
79152127 374246597
894173510 359463451
992787540 503327221
764114770 797832717
338934212 316875103
839393709 188875057
899289082 78296913
971174941 424010142
555743993 669835977
868951294 366389341
230033301 895455741
54803902 737500653
146951159 287194837
98761569 547684033
525922334 971133803
546176765 103303101
260114009 4841106
348016190 927355581
24556494 101947468
499000291 445088526
149170422 90322514
367726656 762757618
774367774 536318096
603220410 400493344
66461159 913970598
806948174 118507841
715220936 128978793
560852747 286851701
491633800 398702432
588675731 537711820
792415940 528456519
831079325 624902862
318862702 59888015
802162294 344412147
258645579 331939292
80083068 662531372
11716212 307635590
5695649 683324760
566706902 51237913
146911214 119306703
495442099 44306389
265810430 822124251
671524383 636591662
272313726 931645498
533158531 556669005
312548532 970216861
922730269 926306189
990963189 407482156
618106750 818315774
505584685 802152960
514368011 465493734
507580251 487394471
423583869 308271931
283798802 128818083
303599713 177034795
736833786 899438060
547679128 755764628
983950668 642267498
260409560 885252748
458011481 903980923
36948521 368995802
69518340 144367987
138827626 765879419
281342020 38603542
983798474 948489247
391463331 733919521
147924302 311820201
97600194 567867839
271189329 42154417
122003410 888141076
549226751 857025286
823203612 301959094
243826394 911248165
941898106 428304686
180295221 952615108
776141532 46585979
84187068 54016584
121639620 117446798
347041258 258903635
642002122 347618511
705068432 729304112
856156441 183846296
126078549 216917093
924134640 14959284
51544881 774998825
50938658 991986154
257041137 424060650
466799766 719697773
215068854 58194630
804454599 492650087
592614518 379346196
347913797 886494071
587780985 72181722
194276147 262495023
769267933 154190164
254813639 995896981
681479698 976510579
685393102 806533027
878707551 63735641
229451813 329309640
798648412 456793570
64280896 81871461
64965236 968973848
265354151 787434833
555835246 133281466
699501940 610928981
48237017 316808126
979040214 45207729
628815265 789374155
549449617 489212309
90648195 663499198
59595643 812855976
202195600 895328039
275597058 498564997
151448236 50757832
87641761 769508664
861864722 500705309
692626542 483423942
852808653 824517839
279645839 750514595
823568704 831364415
218165695 21912121
856145056 305733889
717021646 49825896
972778613 665880414
912491039 170640384
754369821 387994578
164410920 312283464
166877512 227863180
559948277 914574715
521628284 60967663
962165413 836098886
201482643 782980632
855942891 764354379
184588089 7783758
33632143 317426849
38988911 15477396
562036714 648642898
493466378 423711006
293795438 743043804
774465076 920263634
471844124 290319024
371700457 613276622
582787595 544920246
938266748 326655202
861095912 24856518
808593680 366588946
632145520 640219185
388223519 642978837
11051768 29162550
161436919 925364696
661899493 807290509
980731704 159217916
248433205 656150240
195408727 211439700
978153460 356927565
799396126 86584936
26450632 221191654
312151593 14250995
496595814 950746928
194897515 933843562
38510872 336624807
368512167 924281964
634784834 829862969
308503287 30753874
299178707 66686406
273662793 520544427
614597843 854853543
521967580 420521652
479077086 893768484
660325320 820282083
280742050 881721596
202398579 456952670
912270691 946863585
334572829 729001604
771880055 432987896
447027541 180840291
414842314 41333853
168213377 932594239
896722524 442525598
459367002 211988754
103370942 55200315
548591726 273625095
26346392 705525805
367721628 199309822
844995623 600235613
975940251 717229323
544127671 549492008
822702964 565559030
707053357 766470881
734569987 506241468
664186752 579172942
446834555 30912012
997012027 498714409
637508575 200702412
807612156 126134945
800906889 210348179
491112184 488640471
476531366 127956012
347295093 67731553
612324279 579776280
400361551 624820427
766930450 53610763
352665716 276741393
741361504 557028719
746660455 663586086
197316381 557730782
39625919 292460912
557158171 541761704
33960105 900253514
595809279 148346706
294125668 65637247
756458946 365322516
919224258 692764887
84807729 563773786
785804969 260622466
813284206 35584067
883751318 206391982
194696301 296417575
975180823 443052279
723862903 39230218
756390224 11218160
92192426 558440745
79969400 86738080
603917943 602946933
385124697 679423743
472959523 584703762
893465812 687767677
286180935 553125591
307707226 235120508
11310415 450784210
792025972 992688337
64964606 503443394
275530300 194186310
31365609 670655387
996093922 891054363
998775802 230595589
998428200 866648704
178047723 720229853
798843622 12646940
949920718 419621555
520638599 954035851
162014346 782062922
384722570 177505240
960794199 113149468
260833794 367789062
62041666 269158355
426802710 361822604
924906924 604435408
314340482 900781524
217178827 643380904
610422292 926653884
184105255 738993314
124232496 455370261
750553630 717938235
304278604 362717223
347376993 807535778
226230901 157398571
92948853 549568060
305131464 182810575
593038386 69189920
772345849 732157622
22341958 36052892
287801552 223998709
487441588 275303088
54289063 27930006
598005583 292181646
550103277 392578842
655936320 635339040
543472295 834631664
494883461 763457153
536060649 261431550
232802671 971941762
972034401 481162785
158719778 233250343
581233357 814855332
753634841 613122600
225323392 432725963
698311840 10478960
435899873 824560971
383819096 63451297
160177899 888144335
187795382 231532430
10121389 742120821
32208515 601243072
907671245 303667279
780384863 531692274
749801726 148803299
432150072 654880660
470069133 358669995
789334995 716061003
602812889 574149270
328999499 768743280
760959189 184557445
727775371 357011341
394956681 798257359
708435414 53073890
760019855 257115325
758708801 538988007
574930326 744233230
467781428 781395648
405240290 919824244
292165612 234436555
737837257 1798677
234549756 135248151
190369592 907730956
804009415 196482025
296476461 645573093
889886472 875378489
762366010 166024740
64283978 408501299
225849352 390497727
18733679 570317495
371002065 520933536
324695343 755248601
513289189 778596900
801852814 783599714
908863014 982238622
399704429 620435789
829488268 334140116
539532027 228827211
66214049 561785473
632685375 631206464
125684999 603476690
249035408 809340355
223220206 18416617
345661725 108232610
526244255 383513693
335433573 773117788
194879219 381547960
657817280 958032805
483426267 687808759
115540436 752611045
533339610 400773901
861818145 827708345
816991879 49117537
636292982 140837233
272735244 438611531
168483449 218716304
16979369 558933404
50843939 983762767
747892786 993847571
525492802 10216473
283244172 22649575
363461878 61395986
896420404 151372869
845864244 687909769
680260537 851516871
248074822 296232585
77579069 695857154
900370760 531225422
29701879 734227963
350719404 687061191
890695093 45357995
914956727 915704601
433918802 86293123
34309890 201216028
182576452 586057186
94117627 910384092
94482705 942620576
123407201 593087769
456089301 679775367
513414859 22598087
762020286 38707413
354250018 632896399
877475983 703577276
274342946 16554571
186277409 218921185
45618141 72652942
95095261 499835616
617742136 920686108
229367875 370371015
917671020 22219369
131543910 47192727
152571271 288939303
20837230 388902086
246585576 768081586
612364053 131784383
895775174 650216095
923821098 776381024
125812906 296729142
510877713 870619515
353049584 884826868
763424833 90726998
620716106 39653639
966795972 235451435
780458301 42903000
940431035 985484200
439892386 101892218
588602583 92317552
191292454 163038779
659974113 143627417
827360202 596862235
419482931 430443308
543683684 500933199
823661885 759847592
865073949 506162878
313613314 33072767
895405809 347900805
405963160 326611607
291238194 867024499
680864427 369983434
222418436 775771789
346296570 969029735
171662562 819339
10508759 899738799
237443352 12919127
998963372 452239193
349497928 626736278
542247794 814522894
692446437 189191449
656723768 368624109
116263611 869000551
10981026 785138697
49566565 154489407
517020774 366621158
30653140 296773902
170578896 410613247
447273935 780985467
57941823 969033795
73172078 595312861
317295271 37003410
855237278 634446015
561729550 23161669
54780063 868254051
34831375 59615653
966642058 866352956
81071194 519213168
255532484 456223346
938842673 889066071
795606924 516352866
888900332 187689090
54349682 681604891
905941110 401377033
274305245 404607971
854424013 22926204
641531525 151023024
113267590 682451293
998127351 581630639
482859079 28128416
353297172 795045824
635744588 404394034
454060178 999343352
365528803 517455472
974496377 23150621
675045615 791671211
208005543 34720558
777181033 303570603
188181836 689816793
599069402 923198249
133520239 529524995
199204066 926184019
762992999 691647300
392069300 551178571
156585059 797855080
286276504 175498153
486896099 417530863
325483880 772065268
926697533 665782925
94550291 206013485
354338585 567021739
555386141 402686533
193030132 68836323
47874588 691297442
942472865 600305289
720031037 946371229
991584707 428025885
92728510 568720647
934699861 482901466
610620530 821492383
505288995 689614122
32859200 858197150
13052749 283114031
842527395 327527212
398634699 480212028
536861995 38277095
234224100 843123289
305260794 168830051
46417589 72511427
956592968 790817445
995625905 155144298
54587872 51786662
57248283 982996337
998359969 672271320
43002510 474741169
762564862 60939673
460936053 200289846
320240767 637264320
952388499 402247360
167371581 993888792
641966717 520087108
276884842 709425119
842721562 922469225
186658502 73707078
379566634 478731531
295638827 579129590
710513340 706971323
72807170 209738886
444857014 393016637
695253964 274364166
732462418 6591241
304789658 595343991
50753947 883860683
135491221 831720272
936153844 248561123
38494583 936178938
744384913 326206693
583377936 672814676
797803260 412829722
998717634 342711856
635566737 888660477
468075013 570054612
986829315 924151231
634127076 74925947
436672981 614681539
720613245 22894290
815720929 28505635
304713093 992317819
912632276 536257833
76342466 76411276
58777519 906314711
583876496 3699216
330500681 49932895
40860509 771140998
328168905 532636844
856041773 33191519
499525676 440414936
192527894 740427648
39831492 11805107
61327811 691351236
999624119 920313154
1076981 29033338
789790332 953519933
219189760 356393700
926380641 711426960
203573575 764132535
877702664 775298268
320835528 435220381
635587301 84482291
991702418 310277558
199143361 889791839
557670983 591831314
267180346 956416988
871962014 530425913
916697665 933265113
140040164 492454563
416103579 45346299
926331511 940840256
614828385 510495385
41961545 476475122
656048513 279041089
41109091 455922958
487325242 939836722
450995296 80043999
210448803 728635104
946746605 206661410
639393573 555210356
365725264 854720139
771056636 500975945
151294686 990659135
759009210 746135920
414138755 596013911
726617284 483230252
422983230 722003044
787880146 186340471
303526562 456996325
128994676 793045883
723600983 470868690
518862984 873494810
565448598 250682645
290325701 375706214
100912048 839842316
266891827 210469930
5535624 194801417
159375024 896513887
507265045 487431634
466460269 266298808
669352673 509210913
213623919 969465367
28267660 20416804
195394319 930978069
997626698 13151741
983043194 49372542
701166433 517459524
66679088 586757330
792109996 722728833
499894922 176992198
259877915 978839219
383883053 326337
812898352 669356748
338468760 207405663
658532227 71484210
401890460 846358513
228331071 276016191
917662174 776242683
521242019 21158850
408059478 10123956
507407490 175666556
24261843 675741323
34650051 841105315
614573173 626996380
722039521 734920547
556849 746935103
544952428 3201879
682212434 606258809
365628039 577686037
530300147 256040584
934286184 256539296
391153798 80905308
24286684 477484275
47350607 786578968
439207360 298349693
312291561 299991958
973996168 807186079
37991103 468017888
395492796 76521264
330650261 4663991
483151734 62817529
343181054 15671569
614298341 755723833
316641251 25572243
73426636 903263523
493653250 180469786
53218821 19563098
797122667 396384056
453610488 83778428
717035269 272632495
708704548 963160981
405168391 287556088
780538270 938501031
830233216 980213439
770764684 616568105
846160848 119681380
740248490 92739717
836782636 745160060
662932933 615889304
52690974 13520462
514010435 19065397
524297731 729439062
492069273 726892707
372007564 461061317
302031571 749596699
135400253 117420031
719485456 516200779
646814960 848964635
994451971 210932949
38910546 8226407
684423028 22251984
107918950 129984226
547502524 600181318
32198397 865471680
349018957 426459060
118897477 714859242
23274024 834922382
380984888 40966778
969463908 429170617
552291623 553832771
39649965 371491598
342918713 666939976
398090947 142317021
460501733 249998912
72591863 950272616
617541754 179809817
197214130 686466404
894757015 509202801
569715695 823978620
17185204 991114014
941381051 567015630
207007640 663649703
400257468 797486956
359451616 789991369
740916391 640250331
90185342 416805107
378452935 604161175
695856696 656561610
208047485 489568654
880161061 514323622
8601530 650456224
130274611 364571155
980677257 170184742
79747236 194080081
934835328 539658600
637547148 125932757
24374608 880221476
545622869 4614854
833338943 816655374
218547515 188338560
672503968 263257931
422270161 328841236
862347873 417834229
13461882 432348870
75994239 595287195
255354352 981330829
259433870 563434430
678045888 42714262
948107830 866234964
441656524 805697219
160146865 59733832
907299272 31886372
793082446 672015608
826424510 493041285
47783920 265338294
253911178 58430431
19805841 885723208
300691038 32015078
203289273 393499753
873094719 877220219
465326600 33789765
693624710 453590838
966216112 330594304
677552480 10235876
697106682 335655984
1073486 207055366
521081281 233505886
451052967 565304142
979376371 858802314
204304914 126168359
232036115 127075492
224424972 390867242
722673849 337194259
88320359 879062442
945118992 575128369
20392135 189723177
228941911 63731660
544599080 417979360
438286434 130177448
156087636 968532539
288649494 971341305
241797741 19268442
534956784 299778282
504048745 414435473
704597374 746389528
518396305 659315433
258811876 848650518
425727489 8071069
962879833 205135339
684786731 464409758
799857063 469901711
885198164 326419728
904010159 38138994
842111509 750775755
816903138 677378293
751475419 639793626
320304329 334231535
405676135 252854015
329687934 34110762
690865231 656802349
700584497 177538020
923623803 89656333
316522148 192312142
616701097 121834874
532759215 466512656
305446122 140825604
163894461 121888706
360633379 559697521
269686861 289376116
9530764 791306551
485047922 2889256
343558197 577932035
852915795 817187411
50217339 381376822
570076588 822692192
99259288 833236066
88678731 605604908
37894161 172608721
130465172 752196491
19308101 407162623
835342077 561339586
923701732 724092955
44152978 111980043
950316405 698667658
936916595 318018324
6916303 415916644
510270033 969388416
570127266 726460917
336699381 54989667
122268140 415321661
310295481 293729739
501293188 21258608
674559244 799478067
237357970 52797302
36502770 290814477
539816212 2039918
589287554 466582337
754876762 345591076
615830887 484244648
399818635 15619485
684822112 235204497
257604126 37707155
349391296 533859133
384734050 491776753
979950574 219273570
400595447 902093398
215146469 907088555
984756563 761635736
505661365 65063734
139921982 190574143
612449537 328429333
326445910 728954374
123818367 696028878
698665355 894910301
885849979 745798619
212791460 467213290
50638931 688895275
869235640 606732035
69862652 485237663
351559094 891003445
159143038 165979789
905820638 778402241
412576881 290975809
100486213 131922201
313987973 392540791
47962196 951887719
194134526 774937314
211788619 652149767
305044531 152903592
44099767 503462664
103117582 940678115
282257152 251996591
887133328 716586018
117564893 388543220
54764105 1732837
497830109 256959491
82605029 66776358
121710560 591587516
493581211 905256651
157464475 820334644
294589116 13975349
505709080 797057329
580630570 3314611
491581236 520404658
388512477 424736271
764583199 60772963
274588256 576097537
38125278 252855086
657864530 966237367
110266062 333260199
297772006 650989907
313887511 680477850
274195556 703829356
290079293 352134025
586139557 378171019
780269972 757009703
105562010 919611824
889214918 944580572
960315846 923326411
924575055 545512005
166623168 414685764
1795330 698351538
722878386 769867635
226065538 815819942
289438940 475279144
270642377 853984090
403257362 684992293
900831909 494311483
794791993 175130527
968468277 607479399
281344718 95842241
56659567 556389428
15731295 267840040
816451999 2293160
58488592 981723496
732732382 402377474
42308376 636605573
802815648 231883057
233749827 29104506
423340072 676325976
245251949 965446583
558818832 753219663
291154700 745192604
675261893 715617060
94609830 336587775
103757065 294268310
780754775 907637419
611244656 296061338
535743309 48740574
516054500 41077974
63494219 14496457
748677409 302826793
660485418 67363603
309225529 14103327
277335379 324135256
449360401 180338818
451942726 400460452
398033122 444166342
492093206 9799671
738212537 750823831
381911787 359803597
474679800 33647446
601753471 978552715
679265747 590533017
8131744 641994257
753445587 890061733
921889205 615912497
194306902 995572984
424151602 73329712
494493709 639504322
713073186 309526859
733937789 210842470
299295910 502023213
822283135 876747005
999749231 46458746
580024256 543412179
106978886 27075143
28083266 688617961
946029957 84213408
885268697 443584625
17317531 816554497
683484846 472709205
674535310 548318685
975986879 544925361
125740657 852597274
647652445 460821844
863612401 29446545
96483757 40126275
787528653 307597460
181064744 316677430
197170008 180895073
227990299 573553177
404233721 436263088
469025319 880261004
330836908 684550186
317075906 469756515
758350719 952003822
71628211 544306983
120505366 258334734
168163227 773273235
94442535 697859857
594621288 220129816
588423934 917268591
40584160 551010393
232749307 465143832
581986588 787687856
225646607 54561260
246225673 784661671
797764675 443340869
818061800 545352320
31638064 407671914
746782414 746603438
963135881 891004697
72702501 175803481
595661197 729565957
750878251 818733278
122658197 659661653
698239854 196258381
283931532 16996385
459294038 15849704
708949616 12092153
374577307 555461291
541935318 698149727
662023625 583199679
274543460 219910984
632766916 231198470
492009814 639865758
188272190 814858386
752915706 13237952
378454594 48874541
751559219 261213953
872352429 356211155
539643130 178147110
784427696 131346995
883282392 57069800
708813903 170046258
532205165 670243192
592802021 569986152
66036204 900596725
965790110 986323872
506076573 548270583
7438331 22091611
987284826 82916872
413738577 752108880
859693074 87591462
291227722 308144866
850286665 910560323
291435363 671307184
64056470 303958724
142249837 304225802
635383843 860299525
682166028 507114868
702765873 403219411
659898426 170654501
402287506 766402033
111011013 326819979
479401261 599989396
647101133 244080068
34814076 123079655
510905672 99087910
404645138 641196936
502703229 561417401
617141774 976872201
377540236 365185207
98829993 477175408
745175013 457034259
473514158 7576247
809292748 762457583
610416380 932821581
536024283 307454756
470623750 10694545
809284992 695488190
792216660 83622751
498602107 55197822
762544895 535979388
104352097 7124822
119742009 369233192
167740700 953513456
314310082 369947541
889549416 723412776
436430196 674697833
808428120 868635277
793966008 690452542
983183567 208396516
181795855 222639395
718257415 319844516
801641354 737908505
940421646 425114235
431560018 318191254
193290052 2784199
835311905 560321286
429318366 16952607
200066503 725057349
51828838 18363081
740733350 610180646
49326903 347186497
332272438 336604911
158059782 207328184
382501250 268560859
560038997 801526417
953975976 68248213
92915455 84037606
315307613 663336644
68568750 532854785
68905062 12250234
899138920 949873124
307222306 45439684
36674046 206158786
303683068 477622815
383536282 48271235
11113465 533693180
615755067 522073924
652597807 513604675
230553136 899590612
709285450 933486540
506721439 740394809
706243337 359561447
230818049 13200681
615928000 965089493
147244963 425171857
617579988 263693133
26272039 443738385
916819778 156330745
161659649 115476350
625674521 6544886
854577147 651073630
71941370 587203160
958279857 922980720
652821663 645644963
851827733 539914530
560014930 44862035
179300332 907985689
975669618 892023381
18413903 57322156
623469809 210877836
888016171 45480297
749025752 2235212
890212546 568672143
644633538 889877986
428853800 896234643
824236380 228227851
619778246 897653147
964177132 680508537
761976282 688023557
125344967 709757521
237239541 481002977
331047897 868047279
544605308 576490098
615217697 629387552
26391591 408343218
868529458 726459687
96982918 947693003
450279604 251962553
901083768 798271903
155367136 337237441
999722417 15392064
20578568 448545181
444693821 395911033
486762508 186519967
322548471 565817156
473197798 146021261
360158993 464897105
955629855 762609185
958804111 628859269
88250200 219614601
67457995 89961336
271074242 5672936
485743860 927806710
319073446 942688723
153117833 69313408
650709726 421583573
425200606 550568904
20478554 510224876
557761439 364279352
975624860 88842762
472522311 768252779
415006524 5045909
509749415 770492595
682635365 846391271
241209958 337349777
395246422 847617999
638658172 515408704
435409634 374373902
7784885 466025259
416219120 98467034
351372597 2845042
648012283 381588830
14205166 116272745
18855314 792816697
650826284 410528280
8578779 834162171
433925642 970236092
279993865 800652203
511897593 66154309
445342698 626542403
969216064 584880087
925794395 13907505
773858935 487157321
281535696 400043993
79802890 579407016
265608401 649045519
516502205 609384373
275123832 66653084
243863842 863767395
526387956 65274050
952456996 679413594
68904200 184825264
39284351 309850999
934302606 362257166
729377607 778228809
640011758 147098740
888393821 643772309
532856999 829687538
896363517 418308307
339950542 261088649
950251058 674545071
1827720 692350384
205982559 288754314
196944532 641706961
423158969 186334966
885675708 854761417
80560328 778803773
660739431 735000939
436851690 609486810
559704586 277456126
988174543 501306366
52469937 62791098
428652798 323137549
753571451 942951503
966296910 185173791
604461595 672538463
962084462 694788735
1350745 10580478
587918686 125279791
541356174 29924921
102927347 309013858
681106732 856424845
411286871 853356289
119946292 247036268
532895366 7260198
22342589 523182523
577320659 588057253
152817268 196331862
556757089 42781565
440867862 391063690
406995115 200920427
531825144 738991514
142530812 46632793
546247552 775338299
146077431 666267366
899386025 396204824
518442256 772569832
107698306 449879631
562576145 510906854
245532080 241358321
549377687 104335005
725181160 539449734
396510098 780555388
800524661 276160903
628939976 464331816
58174392 895824866
252292178 341794809
115848611 101769338
129446942 820942971
12959038 768920996
48531052 848394479
325239586 663688363
220507729 580815815
971096832 551595597
763029558 969920301
225874971 627765052
245115482 260020604
313104841 303223966
808549708 283921861
244466679 272539789
538158194 7626828
605839266 420923032
999233157 20865288
960771934 12888127
950126099 276730407
609747923 162898299
926628347 145389704
557460539 71113523
444429813 348259391
245126885 467347913
704328455 764457749
860047797 779232652
989587472 75513605
189143714 328325955
565584450 987714239
491630647 766424744
714386848 555486761
399839763 688060650
460524932 40767704
912820584 113767722
21232410 504893596
786895231 813309183
727150567 715123187
650221619 320330994
814688828 152488081
809143922 39930114
615139779 39209438
262654143 605624609
394126842 836381559
145698738 591623606
30519474 23410090
864632950 728110105
50680975 306524671
440524107 734700314
206888845 814570411
502623746 582616954
369960822 911927323
605180035 817981552
81380973 957516143
194582858 871271461
419139942 607943931
710779877 722601017
187112106 549560264
306475896 553560636
901888599 70079250
511959866 533228597
102983390 132952263
149235445 738519327
903208324 143626254
117611402 135093607
198482658 218585534
797566826 60855662
634299237 367406307
662268702 959179790
157424591 883086140
392233408 352109326
29845426 718472639
681873792 210670508
722621437 292651284
179924000 532936988
124238696 135883286
6651768 130041602
72041222 742851157
889279987 841655802
164958395 412822679
431482640 74088465
932384194 739623250
180795362 652983626
767668007 425374515
18973071 408506394
512822859 39106970
834200534 149033452
660820324 24839965
917508482 31171996
839607290 23900160
681972984 990373377
504397675 708764867
32640686 969625181
837321576 447697045
796721073 544701162
339680886 923257817
771824158 126067545
221202029 106544808
793502121 74129737
260505852 29214029
125508634 22000338
168164387 362387147
574656971 37636351
10352312 752117075
2039340 879284299
766703843 740415183
1066558 761958699
727342242 926775130
382458651 881429124
614245958 600029125
267982445 965433392
246623475 947221012
65275122 402104189
709464868 879934974
18734335 576342958
213782309 511677809
190236411 897423993
828408727 474040588
278470111 330430599
313714671 293520547
278065596 134622711
195559671 123806654
862470197 294476507
15133004 464819738
311488256 379241401
302442975 941986855
236276841 537292299
315695732 293888904
701489103 476515519
209846822 788589462
850266661 727170232
117936096 963631582
737048179 817140044
440500965 310744734
73488979 802975940
121744202 874088780
329909876 787398879
428583543 392572175
528336666 571368272
274070442 608531779
685937820 513737275
264686707 678724090
24220644 378023099
439952696 383001718
680912627 460407647
293167539 245642159
818629978 704951464
260463 717795539
752981186 26460044
709433423 419904449
624548197 694043127
669714184 960911246
352687763 69711684
83747746 80740097
797640494 965642954
726018554 32751381
761288238 725028426
326962242 626056574
565026590 68614783
49336703 23768859
393166493 1839514
919453707 201114250
917566174 151040957
424739346 791359123
835832873 160197498
655761940 811971766
985820503 852933727
508461417 631477161
4562009 824289129
463297207 406775252
858825394 313454985
56183422 875660754
329940473 989982758
852043661 62879986
107667544 505554331
963095434 414672316
838664463 64433589
438365039 68106853
603864306 317487671
345055239 590784347
46284005 611082070
910802549 960609724
748333160 518451260
873193645 500359646
554291719 430680969
185302521 978513352
437156837 135100365
707687285 885907383
794793530 748679184
592174227 657493658
658966993 343507019
611203992 512372374
333383816 443732460
957477405 575448451
945040852 845547606
325257616 59453293
908422971 13960029
495143856 876270356
40099033 539864527
314813204 645047916
586265052 805357031
552074149 866935582
868496647 340475351
291863327 201509637
874670387 51760198
983869844 762600626
467930569 626541776
960459241 589223912
951414601 103391360
826319447 210014753
324143046 839884378
392672492 751344391
482996072 540433876
40069127 32551164
599563497 155977047
68495071 606307731
295564824 180448961
181518845 753586708
804401241 302523366
178190269 644955132
898629923 265595659
779308241 46434683
467738240 861774698
293188798 454305268
8668560 765178290
5114461 921826944
882396423 15561347
37607515 462421612
367636907 46509813
713617849 587453366
407223000 216123156
832657997 461759380
414062843 546102874
376078144 783156973
506990618 4816954
125419406 280553181
659171402 514602653
341329033 935473461
54748214 19565658
650029653 453713145
431850400 392748481
64616557 976469729
2848215 477078291
361130525 746565081
623255622 629982982
999589639 940865409
127846630 32717125
621218718 825812141
63067334 134417647
827367854 563514854
775304842 746524948
429353170 930693095
485550312 165052731
569593596 24274464
14722348 828288991
313374960 396525880
758130102 707837165
964917961 250255235
679240311 13371462
853581939 473480592
773776760 73183300
992380463 29464733
963090771 233933357
132595987 702377248
48224695 935670466
690313095 239350593
797754857 511285427
848742857 659749722
170069310 267653927
753166954 591733374
744018850 110788153
249988814 628872943
840339475 747906934
55580079 230124710
442169126 655133280
468578716 123371983
879979393 695196910
249498995 548172619
356597344 279735306
601964779 705863980
343392273 108120082
730304268 492241724
299540599 745750871
605616308 216337783
42082187 262452385
718001427 453665932
102108630 595339176
889879088 959832672
68230392 87209372
296793442 792259211
285278244 117558175
843846616 713428697
465853602 57029958
12759313 359891914
583699020 945715484
580227430 913925394
827859985 715752735
102299260 393169434
616654965 285977408
532466642 886123133
967633423 126381543
826838328 888967819
559124489 178625645
52227924 661694410
515925668 984367008
259279392 202341745
739229618 652596803
933068136 576370923
665887514 551510411
692186445 12093018
161746775 396837283
228882628 867228945
549259769 990732841
645397527 623645720
400556066 652457647
925030755 196495020
54785802 373229371
905728280 565971132
900795516 515247303
93268604 617442157
499337047 866180545
903228457 484102552
723957774 827927180
226518154 729289799
4136744 813419006
455885410 588969787
292429761 556209632
246218054 643427689
239496200 775624561
440716829 254717303
987138494 681214947
468383655 506730052
317100221 979962076
243670771 837346142
449803630 575531254
53539816 99266954
18845521 917563456
578202045 976999232
769993594 821790907
899006336 578745644
467605775 14358237
935139475 490312365
566775243 662570514
793732394 856930906
93521022 450141494
253778639 41605239
27991433 819000092
531938527 418090373
10188646 312883978
814069002 371359409
139296032 940368186
289209302 63861855
390461139 712734555
318034204 483503785
871111733 275607822
293389450 68087770
727735565 10367082
76795423 800478449
38955956 491577977
422327986 511617060
843369883 930687928
313086060 981614426
785169349 975545498
874610505 142368944
852579144 496412165
832278940 520713974
365630928 580052436
693266568 635999791
688175644 362931028
619802759 490524692
484134016 441295815
584477158 751294609
771596129 46757091
659587399 992967238
447482812 355613525
367212574 221993736
536478112 449362743
310418740 756256862
57777838 523892894
718263591 428180484
173592736 970592782
124252904 27385450
988377536 75474691
621944892 772406583
228097389 516080746
369858109 874308544
676511385 960340261
188868054 424264594
123144781 684501643
630427721 4587245
846626852 30335206
252997548 65550149
978557643 996344820
474378088 510321090
34096775 447549286
895489209 413674433
913048496 638617444
126474033 22916946
256344879 544445703
42073908 745240505
10476292 209646301
65310846 974280173
905065666 937208169
207564441 640976156
990677009 242817952
620566887 530128676
827382570 901931885
241116062 656859419
217142111 803831342
496645446 925286344
439522704 119523636
628315197 847498280
179074743 14306887
664960180 470575082
176585821 420405280
235981232 363776500
498838819 91621102
739995018 666653404
89764154 13286609
131037807 271135087
750699243 503872098
724335328 432690989
517697296 598545193
30019634 999701706
57877913 788161061
605822224 72166574
609884680 523322952
749201909 867735928
985134069 148303608
28678066 501706356
71618443 821131407
244271087 47722023
546016777 273209563
743472033 364627659
908686914 514300831
60192151 868654283
537666845 639299345
499241717 259515207
582372885 506396762
633625003 634875539
695782330 255207449
493589765 558731960
196706351 31956191
480177184 149325809
439322027 480686517
43645548 932159278
874721016 179998355
423078449 458737301
615471094 328630502
35866884 18224123
134252056 7961618
337982549 229464945
949377254 357556717
39682020 21151666
75549306 401111873
824027207 713644725
715341827 121473099
388647782 603512865
535947845 481413950
653799679 51577298
481555991 988389056
72669473 967120474
834800868 688624236
665458358 16660860
633840938 369055567
187966450 892994735
444637950 598735979
139153125 981254560
972867718 977861431
50615790 264939695
735835774 595104796
689015877 776709488
311508147 766507770
56321136 814312236
279034507 392221601
491998928 28203359
367284091 37781081
941636627 348631096
885070735 780350554
327644094 604345627
64554469 42510931
86219436 939091746
759746355 1720041
27851655 919987096
132030014 61088558
405180757 1396860
543597665 864000813
926878695 901788421
216218635 959264870
577825896 262045720
761893696 674177098
827366357 512222419
962616342 826890430
13386621 429361414
348147002 499279006
376334218 420404660
760509033 312619063
227638128 495808919
536399096 468962764
883822207 525833625
635257933 197138
882176598 630346076
163702371 446570676
625438061 629483442
624556105 5650639
792294283 702098214
636081828 700191095
881864269 31089265
449357353 648410673
40129957 951385350
157242404 426267511
167729241 347625351
185132787 974922551
572314752 513200205
842079883 568109396
271245320 815983588
932701427 503644195
428384563 236046732
797773508 192148719
482948885 37480377
120875951 969520246
854585880 131676308
163718903 380159850
414309496 944080505
767391730 552951537
532091592 46049399
708747917 605384997
668626027 732104402
338773957 993109396
543585307 330624900
59835950 477401537
291057765 123124408
11430512 743064994
748895275 365870925
963162053 413181984
660975393 813897562
47744635 9296281
456414801 306033828
143844985 160703074
794115223 778716457
98458547 54333757
167805733 676718489
788425397 543813096
161450496 309276631
611184414 15173006
101607553 898136956
330925600 911968084
433731029 538187349
616627972 426916558
864231806 30237919
787749797 885262982
784063440 888904403
915775729 41415802
900157045 296217493
838547307 25426078
706421993 820531907
382376875 55781719
383755518 974771884
792567516 285555201
686741337 498882261
928970558 78510439
817135603 481353846
38428834 976341580
726492825 393925371
661622000 874350567
332001132 629101700
936371364 847195233
13711713 876942950
993826636 371719514
803752132 783772071
899415052 199788642
446901166 744432518
874758683 71017855
5926033 682316273
580776259 411534767
526924469 36356109
681818725 978598748
502810800 30329521
249763826 311909097
659716336 707396843
744144499 720114989
320242742 246590586
463166722 74571250
974564376 855666258
940027343 990353525
395801470 839613211
588568220 814814186
848111398 762276786
294164801 3299317
249640481 78247335
549278761 965820722
648829524 341471165
870109907 605449646
729420024 31874156
421817938 170654059
260662042 885162084
924974541 209554145
386498075 430207744
32970496 27256182
828087345 365709015
949395129 55773198
441760996 71609392
705014108 96028023
58305938 548970376
43658079 513930487
88269292 52089869
557677007 381820106
408525942 149596711
883563209 680732829
383411979 141107179
548234753 193930771
93510487 870635942
728069439 124932417
625097563 116532312
847471837 259748146
198892013 558433333
680158283 631866468
96457525 771967270
437163659 100711753
57494320 316371782
989282997 432262855
884652081 661546854
2263666 851019960
772908892 880571274
648752262 241910890
35508008 992355178
85868864 560046368
185489383 70247665
214208264 711594128
593549878 926809281
350181593 231912291
322120588 974637741
327268547 950732216
125379761 401006141
584024169 201776033
920187971 813095726
239135105 272182692
317257522 796143088
668833367 806925627
24371525 196022310
629203530 10719059
498414995 240672042
102171213 910420690
26971915 574862982
54897511 604320011
386283757 723941499
816563509 719406664
822515534 618069630
622663267 855131208
757129112 177158070
334039350 309084349
478880008 103484288
806775301 10590669
896310574 661065195
27453369 293540499
203419761 589464636
751457878 950845340
342887048 446675307
54061930 349455210
719025922 717267620
89625247 48454387
634484159 55301063
763903023 960936483
787735412 103236584
687650666 724547670
609677867 782066128
486150962 869321951
29340097 10025082
874008191 161307525
300378214 72128918
863918300 965497088
666254112 796365835
405299944 710250368
529049161 412902509
8893653 666151718
678249996 440876427
63639790 899970697
358805228 5114596
320114697 732159795
916133437 581500716
180393496 401775137
985303721 212871371
228835486 718544967
404159660 744478302
233169202 701266697
39619864 160746292
574553598 719380675
232187795 89015251
590979650 400204098
480237332 552454769
276037330 964944456
5646441 225893243
37785746 183020556
190431924 47077906
150033154 345490872
295499241 519820424
369650862 266396138
502044498 224925927
361100217 303471411
825202700 908040555
287288411 70448794
792569735 890151171
18862943 136081947
404839433 423974868
698347172 668601633
156543787 741611446
70460315 887253263
117912154 15667381
388438480 827351997
223858520 191577489
381540187 650296819
697829561 69492285
913585515 161105903
462210663 962985573
71257795 607706597
51384349 712570337
828766780 172143738
995809264 318112067
666913599 333378888
3522242 73599566
653910604 552905565
55046349 319830140
701435254 611286972
189758494 290500984
323959013 930792922
16462615 986018209
605728595 885315618
137204972 697573005
933538447 465486962
557483558 961013124
158413821 4128411
304634147 906715137
39343380 667623142
401417876 334186548
230758366 818453130
531920382 773291394
921196412 701142071
135870010 237066500
236544159 852207246
711525877 993776132
368304656 201865893
736447537 293368451
950512938 826172551
385720514 555391926
87606874 22234545
16530128 363797124
884688294 328858520
491219804 628493321
932579107 386271264
446042548 143430167
180497277 561631778
809314302 942823344
353036403 150708205
896059827 906454412
206252376 714579397
636864032 458213017
582254483 33464412
867481830 808516726
6986015 785314658
531100283 183616504
718357261 63480304
457289895 926689701
901637630 102323994
833136392 626716219
616602281 915716198
955602831 561756970
375634011 143772751
191904513 317564694
486633329 623404737
148257143 56756822
604367327 913466785
529822430 774677368
489733037 986529091
504059767 394398651
902964085 538334449
197890136 733641618
336435943 653144938
182073321 646831912
471316293 234355553
15524456 39369431
31231974 85342202
145389157 794288047
138719416 682686801
720229703 317386741
174818998 82788595
536990662 248689570
887645302 553401954
417661551 275954912
151584926 306469781
277300771 672193680
229605482 397711734
621396119 672392903
210634792 23360097
956336341 205834060
392829883 97863853
481440698 688875035
358207260 556453659
62579318 583064549
403064532 611780968
676650256 751367822
954861699 250726081
948676320 284691886
49795419 349513801
864529171 52911376
165542055 849227157
281666346 578579255
188566590 139104560
352455034 77490644
72891151 16821014
861262253 822128209
928298401 676454206
916091200 639575113
537445512 158500362
848754692 207047693
491252975 48866004
28028572 891797280
605884183 164581485
806584582 577930428
547705042 480109461
823976714 364557899
592350727 712760194
74566860 660960239
370841905 74959967
626307393 637118715
970738656 13077449
662208689 29808246
729245494 269295445
541339961 640182688
824427627 479044870
403576652 481987685
262788426 427348951
56725037 547884524
665089202 472380982
70905974 4684554
448759574 586477702
860086421 301760207
956033790 679234972
824238410 929788664
904444291 54579523
67531817 281446523
636049111 854857402
587842591 973629951
57823930 933767472
189811173 902457952
11521797 421246031
89917583 613103919
113996324 938782382
877085696 65660720
59017620 211521628
312329074 904346331
209879146 846925660
151538 270980316
243595724 994028580
14316770 858662035
306593653 169283101
763885175 698657940
263872565 921808934
329845305 261297960
786782830 969039122
157176197 27630282
354274456 498924581
807373325 342404779
978154942 16540569
697761878 327946030
103679486 30062368
417335354 153129580
898481933 902873176
734545252 215665842
126510258 291921753
739263447 458097919
852786502 415855916
413720679 892598662
586146362 56594512
116785470 111408178
30758544 284908344
202284632 374976284
792537441 688948424
771332615 22593302
30397014 704725212
485583216 607095333
946972207 39109313
882904332 238041087
897615168 932561849
90560809 616020625
665523694 965742459
630230630 275501180
60275509 33035952
178504250 403968914
724080423 565022072
714184558 131665245
515049315 401834979
620840606 545725336
508082593 431494777
881456828 248194229
351386158 584194227
670393741 712285269
831065704 886688639
595517482 35229138
201086273 577313215
706022272 341684922
310949826 576529610
781745361 321258314
57008005 722673898
756589105 384130807
335968570 363626973
203160329 466890474
575582500 155907924
97886359 751703166
367019929 777173367
426745452 445652419
190062469 699016543
71506669 989481471
756340967 536488346
52154323 810376744
413102418 15467179
460804779 946637164
197309550 443369351
751119703 69065129
434076788 871056921
162023050 373817333
690504374 831926207
422779472 724854040
937558036 67521481
2933380 667782668
698604936 92288514
306990936 283299972
479605915 556373792
192638929 174151522
112517102 710276434
286681671 513537855
453696434 35894458
992666857 226841319
922236464 274751473
632880696 603115482
393072706 179970173
166802823 450583245
372108760 738938718
528032642 50246182
789419636 899121030
94732964 505855108
221496750 501290075
884901822 39967029
542731185 200302135
926780023 759810238
973618620 445384424
722435527 557780823
853431970 595578417
181450875 809952107
399124298 316053064
58114995 323232284
525088559 35635286
932492648 155194301
649573602 464247034
210568415 50869846
930174595 97227974
669054775 14535204
338659916 370482368
912721376 531502104
238810886 211659491
556421409 408085075
581979281 389936795
245766290 819483312
532309088 483389772
738755488 491867961
299381243 275796684
47640587 313740464
958071676 213743076
9929322 638947079
107319826 924222676
772762791 871513577
548233857 719320524
410908285 258197807
842528160 750540659
753256446 963091820
38010585 634547556
48294414 538781794
11623597 655006892
427526376 637906314
20858670 877602893
544390296 826600080
683819139 399293886
158802303 48171988
209340264 26642279
560611538 368898283
14172074 351095595
832522523 119980315
442571951 64469206
689739447 59264995
988516844 7736499
232393814 3035505
652317549 976115194
906083199 961077034
578594385 814879065
154066185 963169317
386531659 345895794
162470307 683788720
2686243 395067229
633545293 610851786
554259763 102540065
282826972 496311719
28194794 734979135
618514554 14702128
875374412 42603046
190721572 629496960
569125231 266552513
786780458 77745255
551864576 206623974
875359154 947194603
283174332 980790500
996172598 60857026
12473592 140219133
693997825 543670489
464179738 508526569
955603638 401537233
510148381 975141711
338139849 561920381
344503568 307972176
896162052 163481957
498164888 26632701
283235076 570155846
987285098 967034844
94786745 929262223
596089810 54513766
385999081 306409445
588857134 726894476
766486957 28539807
39811698 975701806
555636979 349627468
518613416 448096162
145565947 504520489
204953446 198748723
351128794 643344556
621228382 60286366
820291834 711108347
646837971 73807000
726096791 93034613
961622811 12342339
666703171 688998440
107707939 342628029
404799843 458363481
348540136 164428177
35828911 58027774
777949694 883167299
848357304 581863496
226766349 459153097
982199130 393399059
303476815 233390092
483292494 281284468
53419282 150311531
82683546 191576883
46593596 557167672
741301790 20555340
821426628 916295737
181063945 172769650
19833395 799308328
287994721 138557061
25618729 15094067
690581631 25665824
294338520 577711742
62597519 110117133
186304905 250219932
338673686 78690510
933633047 854658330
359176805 627102229
225497200 641968372
59323941 897126988
885941015 312770845
87601367 343285519
359064740 655861243
74319433 733246125
728922690 321107177
2249504 766730411
620473905 168871091
227757400 492071489
119509058 237576734
151843515 488301275
458073693 66706525
993658220 107701402
612740350 227549597
140280415 147723472
479963059 767355770
220799965 288110727
963854752 861043592
134539780 957421818
977534460 744794059
172487493 38727193
20639376 562722623
830121189 4576523
449115712 421236304
681255805 185974948
247235962 577956707
827693946 586023411
566030024 690778956
894097822 490949303
542487876 275140053
525054844 68317667
401270558 369168958
16872959 656734754
468712984 38042038
640901093 927273550
321687562 86285800
838276669 294399480
217698143 494383466
738373868 345577443
511826838 809586763
400638253 594317449
134308290 703285901
969991180 883618452
570920203 220330663
671177450 702064485
313902890 236134915
601125885 782068625
184404208 900732287
991806157 537027423
199555776 216742380
828582072 1586507
868328720 267899026
823962991 389787783
327020781 697078698
83109751 525200757
198359156 908206818
419804328 519603758
848176985 254984157
69075633 250661118
70541667 511335088
419325843 751498981
54899951 959966822
66879520 440272920
561301354 57322877
374135430 73711741
418503127 454458983
456497855 318280755
262342478 192825354
492353309 530111496
671190905 141069888
904933060 889412096
509093657 828268119
161991727 374967765
771954816 485034898
299756970 241162609
51866132 735460262
769727958 112883062
430280915 611533630
10072615 657470903
653270218 366006904
3124073 22107068
850886045 50360678
894061625 699942211
980467970 374819982
743108998 457346233
36035909 481022315
412495125 173679045
833716677 143989481
661132801 36688829
973125493 34890731
78601014 798472238
38916445 601163210
743070709 944119641
494284055 40235212
55251027 437508272
118473554 595672241
959857082 305710941
684984402 61794602
826315623 210847420
667556974 790881888
865262314 450485980
965364880 687197547
646334633 871483650
25125561 40349912
266821726 991642662
908478074 9018666
506642836 255375732
239988092 353853786
970539054 571486412
911612921 632260431
511462625 394794306
225703233 52257895
9757620 753584543
719969334 714220533
548996743 673352926
726639569 881057215
684798346 251506352
97423258 266809984
962652097 644518905
694199347 91568229
12827014 968592209
571721678 48773008
579335 702771587
105198259 775730840
472819907 79078929
736538555 15750919
929544210 606982062
633023703 725877210
307750811 362934466
144120714 64952835
894729179 151899114
950116715 622213868
564523940 139401334
49827491 337604843
180695195 912590569
620159093 408783311
396292026 380704124
493452722 479944538
735089100 473347228
769198912 38396866
954872820 14334823
633862813 650670132
397219878 614771763
461841493 848694602
692968876 889047303
830253197 413193113
11602338 468842527
593469308 528238118
330325882 929921132
460823021 406763754
877889913 411067922
266400191 566312278
303534392 177966825
667347556 870178505
53127205 584259325
682172773 850407195
363577343 387706126
731401949 165094166
686617438 495718160
444028410 263405304
246529576 329195180
893035903 816222963
879756828 762234301
522840133 575997869
345043787 754510548
874284469 518388416
799807642 559723957
633270863 675294010
231697475 773579735
550293542 323974686
129405009 442035432
978673506 457106145
403925798 672790343
620314301 19084781
885395448 864361608
774601734 423333667
807663440 438664691
57734305 573276754
573671306 707078405
67419140 205604801
434597208 428985325
2199100 179529386
376390719 93993489
36781159 310012859
140775192 969982087
135967031 630171031
454361232 63766683
108883829 640725332
96539560 880072273
428481660 840619771
618296374 724515032
37982393 97465867
457455459 288404251
733919282 667927030
999646251 515135030
945963772 467701410
961825760 232208376
388408771 508062954
574337703 433649510
550988358 655316762
527943672 106598712
28706263 893332854
55223585 782206042
281132000 572867252
72701894 483214956
820738650 16019068
46687832 690653250
576736852 739093489
35136160 560056933
499438194 473084448
305836607 935117200
487631210 802333841
678907171 980028212
818675337 11105213
749914641 314094068
491902508 211748246
279520548 207192618
994887 754847226
348656200 614510176
19375329 35829056
426710462 566412248
851225239 247133365
942697628 840396549
975220502 43493651
621757770 324472847
690185633 972387087
398608390 31366995
558564240 112726477
22390112 803889632
615582414 658983273
796143808 81391100
859839065 164286320
966325467 611221405
804589254 392955748
509403201 40882927
236909243 127405884
716139474 603261653
111001460 993893346
246566212 714379617
354774335 537666995
56583582 263327835
31394302 464971011
499891137 700015551
414309293 60183701
744485082 519510079
712441042 32620584
69160177 618393533
44582669 87084262
400999774 121058769
212071316 522787315
27837772 931030089
678949292 777444068
35319360 604280740
875531056 884473412
804163215 390288278
521011983 990665232
420665823 521279368
711475149 8150587
368567215 5404948
920976385 400347949
207966159 405916302
431769302 249762365
609535206 123648887
972674186 91412026
154330347 223744263
901390066 248841703
857478573 765122732
258790900 9931385
941758796 43099780
588324875 231222299
629503677 482531813
595241671 708263531
553235018 706163158
529435466 901192954
300275216 622473620
260304588 794556368
312527487 205083919
706878232 817623014
699694813 553850218
33865485 825164715
186442180 795458942
718869278 286313344
562506143 486542935
647875027 754714171
529853745 3912630
451072069 957412775
420842511 68730508
235658918 606964482
609150752 962669446
747493558 53863294
53864740 836789116
372178511 72193217
347234090 195941377
860351450 706431334
232628505 107512279
302279384 252095865
994347560 101853046
195039834 813378302
170180965 575592844
833271689 35911275
430789170 34091383
54832671 154135337
339776707 615875534
711022828 66350614
280127138 898666711
17074770 60363270
998781740 249548046
512079049 894628416
138005521 120529828
751692636 497176314
712085975 741295356
93794858 93973477
390818903 166755120
397352677 397714594
244552511 975621770
338938199 783205192
738993806 996604428
601263064 818306272
10819355 275296233
605688793 855375337
868474639 658845193
747881053 609298134
746326630 146252425
472472698 17504395
47681395 257810488
777227228 233828580
957347673 653714203
408858434 461870893
20253841 329458922
782662400 291338411
812979563 19382674
299460987 20714770
11943557 438856625
607714224 41147148
669276503 661434652
114805166 353588409
992165543 924749660
517661463 221062185
666010901 201938989
582549410 102158308
975955856 349824510
796557212 497344354
324515806 727654516
637156451 930170771
695359256 466342118
270870761 135604057
292093483 871483106
238731831 678253577
270292568 445041831
202067944 819475950
865952181 778202025
43952809 477492421
879801259 767394065
662310592 879293506
516684150 628367930
634677378 51716234
64344744 675467573
132135131 258017975
854194598 235471173
705295306 536171863
986889257 990440292
466414306 108818668
856605630 790934204
217595339 853616750
218967622 488790319
49126078 244579781
762377847 166233040
366923533 532928079
223095897 868290407
907093912 883128160
593919434 26735857
958112089 380031677
360058619 976846365
791079385 96740128
828777201 60049872
2961337 1707702
781259781 704323746
289162026 926045605
923147364 794892639
833750645 255392383
952430223 580586887
276835956 239502033
56808411 50697166
963171095 362590614
324425459 298452638
440455136 142396867
656631890 756319376
271578215 64005308
78420682 459016438
22166230 57579743
141318656 547421780
604310127 290400757
575548652 21159138
269743106 618075587
519077469 289853196
525943 202568319
954348916 194029042
476224842 43046226
837099044 824778216
880196361 346095323
875438520 813232886
61401559 177592236
492876 344638809
51716588 469974219
119092308 11666432
684997652 721427506
295470354 432923410
825318956 124051792
329848095 964676707
401866664 973844870
208412650 292907009
463104016 403732651
319152435 413376173
775240062 504481160
801570192 639805530
849903905 326104669
31027432 409706672
31987645 898446682
310577404 77196172
943444521 722355494
844880345 766142845
175800784 58577754
110611047 62684232
592528689 613799688
541235933 726752101
142288990 24045871
18544458 210548864
134747520 30455108
751767566 712225785
764941650 862577588
37913183 36544869
67376544 682233947
482873541 843324427
77609939 604260109
30106012 702704487
276017501 187453454
7962521 538228650
427919435 576244890
16519231 319524408
369433020 260154206
96062567 257439273
558592099 631356668
513456829 59968199
686962952 938774667
199172164 27353623
573244165 892928021
318288593 166325577
117002441 183469336
533385611 111259975
460355672 278539525
770411890 285440300
989352904 989717956
971178453 606917833
763937222 392141357
980122843 475798817
82703887 248028817
565147643 43613932
33757688 826502447
646799492 100110618
33078503 152777407
366293014 53517125
864982231 908045035
730354982 569847879
341282519 283135185
874212222 42574499
905490316 368035715
900940986 647858458
191415211 421678726
560480460 714153240
43357823 13481558
210007674 340684099
195703913 151707873
834841563 814039027
709076827 250903047
982621917 495616436
918244189 602211361
273751490 580041158
694263048 683488375
898822046 250990238
324670477 823926728
660180187 560732771
601392047 782513861
106735541 928108401
895830852 607752854
138609855 65219801
588732089 558010708
820454236 260113119
635105035 82330254
328480326 55623034
967596750 156476357
474541066 579271384
182046378 384969967
552798090 228006872
725954009 531770615
985057402 897936526
262183594 37942844
656843748 421054147
347166465 894950158
831048868 800997490
210629845 988052020
605326316 549642315
333371057 459234152
20244929 43328052
790593588 687922136
79963516 570903491
802993808 184773287
760315467 294392005
569700622 283284843
224119725 7931835
14195081 228451501
613770745 440790616
885726447 989104237
18964184 768261636
404868035 615142555
685148614 478416987
75664029 465669534
175920277 298767279
673600169 834798800
923561962 36327298
588775972 5847807
586303422 846723341
745897186 513871599
793529310 121280444
68178633 542500308
992610411 467122607
297562712 86043609
20104282 567769146
242898202 835866267
585772023 136416358
499794996 389776301
38513498 709047150
820188893 628266262
823762169 128475971
395214047 118275534
739089430 48287497
493178651 610457157
733883211 685587352
789950466 785256669
64555781 3286011
127826973 871106155
805215237 542354932
630196870 953848505
754993121 282750582
139279725 494534919
438417793 817790506
894132884 128747653
576251299 630939115
89187284 378968283
764240728 317631305
968214421 501151393
433656965 425174282
430309721 686598120
19747938 500727716
392073778 103461039
748171775 420645316
30617415 440803182
293151930 780968139
603190356 996960655
53612233 200176971
769953831 344823792
342291895 272605071
239339812 278709090
667742431 992773136
359267265 231596333
896984563 608307200
104719627 416767882
437174135 976262595
863761183 808522279
330346310 168325489
619685297 257322663
187299596 243064150
79216265 33724703
624558282 119737970
344424961 64583321
466863958 397635834
719308681 229395350
525995736 793132245
945117731 749458565
71869261 932633119
349120743 163083852
511091464 205723049
348538751 983001287
642695981 973743479
646233772 13757764
236399669 101547328
929606848 351341316
556617836 24455409
555759138 969055165
283201141 179712812
518800845 395552794
229956037 415827394
182394321 527799353
681308964 913433148
589182929 913972268
10561327 125457495
388003203 687186041
506255577 999370883
485368115 633225882
406357478 226793571
241319488 23908734
698065774 176639824
241838493 26904070
272823392 560717526
910395986 807735176
437152764 971410230
180359673 912978000
41208918 332437474
964857153 9054746
36734682 778198021
507495534 682080921
242635461 930555640
268315607 707160051
171476390 46953677
911664230 485252418
695021026 155251400
649333788 950179605
64906035 806802401
160652938 536059885
436885799 405861700
130229593 868981953
643921822 894751441
67776194 781724026
914670413 761875357
40521752 126485880
210277950 69037165
425288250 500437003
137570382 875349571
319280674 736728314
406546349 311705290
413057880 46262528
864756065 568195303
186221182 219436618
444561860 794507060
679792070 446421242
539243777 503270011
960442744 861186983
997904283 33831997
87641197 851256282
548693734 707953968
288776342 722820755
578089356 856899002
604681078 278904002
454150154 171697782
333299364 752889807
500432176 998877879
459780170 434001426
808683172 737947391
926137256 90236763
186496351 552920456
182335890 10004331
607157807 259437244
240556269 29792889
56576050 862413244
52272951 360279984
104712035 785246429
830896380 30092715
758042885 823361062
770972257 464134399
414369849 641989587
639594397 195690672
279053422 776705238
911236475 81908922
956711914 473651537
111251930 136897162
324707398 31998236
809509932 794388867
130968303 691487301
715818491 9449338
914333095 390881675
15909727 158096698
281111298 71209186
251270025 38578945
978772714 39371763
112605499 966024449
850788123 350534298
30566733 115806175
105315239 997923174
16334123 107762999
128122739 121371675
889429842 470491159
282465464 497488947
944394198 51623806
211710339 132173144
299590367 193148136
128651318 166609388
643287847 557219002
165582853 32931714
892496509 54054612
931960185 260217698
502297157 83710216
985334512 46077705
761762806 27057051
878813467 330831015
855769498 18745290
900308863 563960735
502906450 665401408
19862773 973090058
580665039 349387169
339789867 672393268
663181786 215538947
941443104 200113950
988580046 259497583
456578219 969161466
265222168 993022308
846272244 556945586
54683582 948247892
576891385 14121825
699259861 758827557
814904075 128033497
604708105 932633777
18874446 73740827
25771800 832701255
34009918 724451811
248918872 13404199
542467365 644867866
793761069 322031627
762667941 38734688
642879124 651186841
241755956 199471500
711915163 13839089
413390234 537325604
642546662 785162790
994839157 782154212
98571563 898713020
813248438 131637309
196362679 209126446
913696290 386114002
774035943 546707819
284966354 701595389
16606638 537512788
310116019 66720839
215252759 221115968
760430854 545472757
807841465 434104697
219469281 22642038
817061957 180392892
935624620 346080758
380555517 577961916
924318373 635742415
899582521 349872288
162977116 620538130
27124196 39743104
477796664 994627842
747981564 992334572
196100849 243912856
193132054 173794662
743705364 270705152
62177752 158136291
492273282 341442075
818046 994472781
551249648 831856891
775712598 798589956
30947688 664788586
67684675 773330520
660934855 249759332
210355518 699867921
837395006 263035288
30172623 5341671
141150673 560909803
337360537 670058507
801214683 301392629
993331404 637313180
259997832 347752065
932300721 915324211
52558425 437061905
497141538 34174550
861610147 778576473
245931534 637383689
927960848 564364735
39861496 207423034
37378332 909838050
44385913 851924303
51923610 411831823
380673468 2540195
870522414 504732877
542553853 764793095
449967569 213459538
726641170 32666423
33639246 704290828
738884321 590638704
72504011 306060825
814162917 865689815
238405946 403435471
496608942 76323851
318410980 726452278
874933342 400600992
201803750 143400585
509834797 246022043
632482483 808968888
85614054 612262134
948370574 635306472
753247848 850789920
176128017 930167537
460512294 1143161
407584682 209994463
79627688 39987673
646506009 32599922
6120455 264578315
453666547 857795999
112100213 31913035
504641314 221966861
908630962 188986060
60511587 309723545
546455704 6610995
15554757 659567570
541352592 952219933
267684657 224854397
896048923 39286165
476839389 717068562
725442890 721083296
556545496 418808636
89182790 361264562
258298498 16534876
885201353 617094453
595148816 608616457
361229987 883701000
104558604 806227846
866383670 19263485
909238738 10069074
409860602 426319194
953449236 779476381
533618170 455918938
332148824 156393419
360741717 904467881
238452085 524282099
441465789 907550188
970960409 200471907
291343100 410442806
76052038 268383257
358160234 625121684
287431376 807258955
902128248 326932098
420538849 476507360
10213160 874940275
359252853 529906421
966061203 629498190
808841694 373849177
458768994 241104363
34818112 775790866
147543382 557539482
31720214 764843734
139144640 665141917
604282542 35089810
747051528 359190440
730951589 409258982
163540778 601107048
765787507 994423719
856070453 888672506
70521569 988026460
65515978 55349102
853807243 470497729
396894883 56226893
407749987 258501703
176308746 888666898
658118446 818547090
720013150 646461608
669350661 241389306
885963153 708889075
20757973 939884555
980199852 989706312
169876704 375872260
429257546 320643058
581021242 174021980
954993945 264199342
356882764 338122808
220539228 470156848
4267860 43668726
642246251 609696924
113013731 712329638
82628401 295159054
168846686 630726028
931015597 208729620
722064766 440696223
64968561 143389742
321257936 173834508
51599911 399883860
97852470 715562420
746305032 96242288
968438627 34204842
320206948 980480480
971336547 281984694
348163100 639954422
253724177 71743188
957596202 877438072
824195999 403665078
37166103 115278880
70654225 21438782
170269828 965980444
76344002 165334789
669902754 757449103
996253918 901579992
485241786 445696526
609274855 365105205
168954278 777206308
478843697 652559825
757323094 732793039
68709732 964400661
636765772 400699649
287349505 545452445
61538336 762707488
756718294 685178296
436312829 393062534
35305096 410491114
511865890 882033154
302844178 902180717
231296610 581890645
999264576 382099372
415613604 298779573
187845171 945647303
435748964 528564046
