5000 1000000000
0 100000000
784415894 23161409
651635678 313054699
764886982 757819267
186140886 802369984
353966755 3890323
95654819 72375129
162420545 681231703
678293037 487857249
126370038 548664281
737485018 126643680
987910877 287896775
472043800 72447174
4339284 521583091
741869527 157643882
213406078 575984849
857950220 335787777
42081217 62144764
263828784 250446886
324288074 54509234
888949182 581128538
210497157 645709139
508927416 322846336
863674534 246044134
735722787 179525728
195261475 922801555
646483591 185592613
714140726 452220970
747194736 146564319
941157983 74543771
91192559 750438402
379244768 35614076
511092250 55305189
859830592 94244743
784717447 943151429
44122312 701167640
61762261 23137983
185443594 553159091
887705892 58945369
414921301 188212348
14442392 140691707
35014210 881914046
282442457 749201646
368774186 994507109
625855638 606433379
395232685 504813187
707250686 229416686
645978412 846735311
854542917 418029319
256569424 47947553
521923877 413505672
57681538 351034103
642584922 23202097
968836976 399495412
210672421 900393256
915348878 979650651
49905865 11026289
6719122 696476824
368845586 108317307
574673912 910147512
93347786 541494419
398747004 606508268
763493442 777776239
160045987 528481034
397265359 405783972
861733938 462106380
467342921 442025263
403722933 415559311
737829518 13011952
566271737 320922196
140847357 151249194
706130834 407836867
471938043 745829637
713256022 100143203
18646130 311800589
344073440 805261923
745523277 725656752
299448079 784440597
43868413 820470723
752322948 357932653
332560887 315923710
546778663 265141895
2371380 124789371
289083554 695466526
64275375 108564027
741455076 990694677
730720235 726234273
812746144 18394354
816058474 58383604
515715788 437228382
29102646 724272610
299835427 749050023
420285278 322135033
55810466 906403390
16759661 393181228
495506447 1739065
243003389 56628818
941139822 69714641
118969636 168571819
605168010 454624486
23203838 741614930
573723250 397664375
422053167 781956812
650175736 820026410
859608408 977795713
164560180 367676618
365586339 173434428
527968000 273824195
713584189 104773038
941773945 303466407
244954837 68410601
146631812 737047213
248185122 851512037
990013767 730470701
198403419 743259135
632587948 567629350
110267069 806870133
753041634 288664504
341044745 85654251
170091227 63421866
990590980 69896937
20781773 161930213
899097589 171259738
577526455 522558711
536933930 310560015
915845842 990972049
196739699 955581754
999654436 82891273
4552868 608720884
175320306 860103385
158956824 408075959
188907848 298349854
800488234 809762532
358746483 800128538
3231674 15094846
934891656 904734898
60023725 584987501
687391451 627482609
668880493 619256957
534518920 27598722
412575845 639597916
325740525 152473659
656160135 405972064
590416942 390160014
484084166 699417278
663481264 387000597
455702940 406650644
702321310 521251087
663163013 718837728
80868712 457664220
534779777 337548806
748863294 594621571
382233494 15156557
525381786 961067053
398353484 881948900
21808050 784369320
325765679 255101398
129834251 877022693
870341969 602746266
212907490 251694970
417033157 957875845
862707392 923855649
6794788 371916885
916618223 500300087
25896460 39561383
72388094 471348542
377549470 283333506
100663360 141817948
955754236 389478859
285247307 896336857
274244305 860778447
51660152 398990245
798777543 4688827
749747050 348172496
623232785 44698151
624194176 944675855
922828259 681647752
791936866 325249086
119887349 473859514
112410234 36187352
531791621 666638972
23401078 440662145
657673810 693428210
15770827 18172797
21072672 421269028
254337070 703898166
20004155 994075774
173130521 14370233
743158126 977833039
996338764 581298234
235700232 693635914
970650441 61911435
510432607 778782215
6831317 203939754
934391883 345412227
254778239 540396338
508322474 105601692
939403794 501907428
890689499 798183063
982875681 158680358
429304644 139601818
182948995 117371523
674844365 109476401
619710931 15370791
681050466 948410573
217389296 907404133
565564789 122193472
935668092 806806834
373147513 546666563
452619869 561959079
684188776 156461553
624432190 739842947
672366654 398638665
510361615 254499495
55344251 364769967
806198657 35189399
642162341 184082795
358530443 481006592
36023491 792794153
866813160 692449837
597874149 79668856
445049494 120574352
859821208 439728203
739460697 919621696
93645169 893415547
758705974 864615029
361172874 613683011
38871031 972268813
204012800 977440962
963225518 908515338
888400242 771055484
48138794 435210514
437019781 657430233
531444869 454747629
142654562 798021029
347030 430436107
15739445 219127951
27099262 773104124
902548145 71292074
65321760 530117622
865128584 42707439
870253217 40197202
420515571 813319609
778771948 38429966
967556656 736845127
840346160 989661005
220990462 710502461
586724192 978108884
201814563 51897124
989008561 309102475
865803494 563388901
569498912 372271105
846225813 530100818
774463978 585368551
14580480 126209693
207206674 378554260
122884605 50140638
269312478 775206272
780402658 388272275
735506778 202162377
69312269 182251288
294899924 634271665
790008161 487170099
984321118 451362334
861437119 617587082
407974224 851531801
170841488 64148009
733920451 50267215
611541827 712656642
108632599 35921042
979931334 103340389
848474477 668303962
133858064 65618827
48399918 924190014
822099864 582202130
189621635 411771260
226124507 355881334
16786650 515504245
500360922 942070428
45281383 400561456
656341401 846818637
149301664 205027031
928801697 591046578
42765248 607464246
297041535 3784668
61821509 918780223
45693762 38299713
61822324 66015624
480753921 997322293
763341008 26198219
463924051 28075635
32488357 931158118
839241942 689491872
159149955 769628377
15036328 231779002
405582010 760733259
511352305 842178988
37260002 250757893
105055320 119334847
508234072 502334453
424867977 29845029
834294200 638757676
143364533 503590513
751769188 701319776
209357073 142605594
285524740 9586026
160850005 822070268
618525954 487337161
478091327 77886678
338147853 996157470
239073038 271016908
943382168 929984686
814505736 169695719
137907289 185523172
570668277 87277457
827029706 877950412
980342433 175277850
384426923 63744920
520069469 461184821
991110526 314476063
49823358 483292539
244387338 560723033
904903645 670861543
691491545 491660772
470179414 100109400
706956730 257684867
909167690 290068755
73498943 843277210
343142941 5763390
422865216 816685235
364786360 396284518
11254614 192784379
338222599 66541562
133741409 672262597
959821692 483585486
463139843 108987910
974228619 243126937
658834211 534255320
3707179 744368758
605869675 744950520
532318300 724836711
881734601 301043784
930293404 56237518
747735026 972459597
558943344 990085874
31999194 267333810
210926305 410944384
610127933 663617987
631247868 14203398
40679449 184587506
709681489 606375290
461714226 825114966
638921333 330158002
10883469 469199911
375380865 675558378
179159286 511107908
918338448 309952322
15592314 188893101
891761476 947258684
454714862 178817033
239280962 4188738
863221862 418638625
295684785 32732702
783301310 749021795
234175935 571045504
305504532 79338592
627436573 328413563
670323788 518778702
163493758 41838600
245633163 367588231
548805147 634349698
839521212 664598024
271375666 971419945
724786190 594389747
845995907 582951584
146208372 7972877
845900753 908870254
56365859 467300161
268869479 773590400
6219289 518162715
206037137 47667877
34174864 224341837
33921821 759090449
235276431 3980589
204327141 286217947
66359641 768404534
368456765 253676415
257036284 469355140
992612995 67254363
162328772 580094296
308566167 341084471
310807237 394855833
82402143 585754295
361860181 147037264
317175363 387607783
512275342 577160491
69007279 217947063
426888400 24343290
639408534 323392378
987513149 336740407
880948202 360748905
270644540 600036726
289376036 777166879
933607159 799877112
651509953 566001180
18250973 819229214
405605314 62669378
900346912 737638382
484239148 748155483
140762935 802165136
90311814 386693009
776881246 995182036
660989534 245163252
515828754 199783593
838473412 130775032
999665557 331059623
702320077 99837172
561764208 401436295
229814290 764111268
539314667 920065445
575507758 46736807
445598103 374289541
652715587 904281859
255968197 971249227
828753014 425115804
143503116 18787905
848715631 672354496
886012360 230863445
577835994 903127454
648775829 302826904
341420520 753675722
28834519 116634304
861711311 948320955
884849462 174667431
644844613 384363341
502286874 630708938
481582345 330555968
60659251 992272331
28579163 706868407
476891893 493828080
430237823 256240825
657429780 214962593
94612542 609180595
388789516 500888046
804933476 281378037
710429595 127655687
542826563 80324656
221491780 433756865
941761327 593089535
721885646 458747160
378943744 344631387
640121027 269450919
623400339 70375203
942705139 661996338
196216393 774488223
978000622 314143773
213420166 344314355
359197325 50600690
162213939 98515883
444897130 263793631
790715965 227435063
48537187 78983221
152930068 830741099
408414491 412057835
62029612 479079422
91778169 181997849
960893824 814834700
233396007 710756477
717872138 13481877
781733908 56651257
134342221 874411516
637355250 903979539
566401483 255200137
609863865 869984627
701261967 652497895
603488802 662620009
520471972 978320550
695216685 24766565
566340507 893089722
736074396 791927932
805155593 440598010
623963254 957178346
161495303 354165154
173483653 144818059
18729903 886567122
730889175 386248544
432202407 236955661
17322048 50944272
266490255 91747514
86116567 259284069
824611472 25020327
950539893 155872203
516410073 86652801
924571706 369686228
493329176 839873373
887830535 702964918
290731524 848839986
189862661 638836427
583206612 206316636
814802972 519875345
169207748 436918299
406263421 176559784
68544663 776841746
995929113 374272086
775398672 493430985
149046311 636490502
182102904 801897003
35204001 960266309
763851548 10646535
621203913 981600964
254796492 706674836
10154653 885461209
175138652 464436454
418978150 839730941
70602790 4255611
901111087 26120783
570455943 243644592
34840388 637629200
706323806 650645323
61800891 735280933
870500752 489390835
549082090 661580952
34107527 737054387
943358185 460729367
711197613 229178236
206635034 117838708
708366326 66160799
7532956 469178403
577903700 732258391
256440538 488151487
4982335 991544893
786859771 611794053
865610296 275357138
85261679 295097304
250578491 699345657
92932713 532044987
939701326 719232634
499732830 604997722
30400251 268855424
224221579 873846402
343867853 126655259
639339629 867516452
27520982 880139455
878986311 194343382
7957033 412936900
257944224 123147857
304563808 653732836
289580738 467022068
234726678 37456063
931830843 359041088
364361838 153292891
725530976 773333082
834214539 211998365
825234885 200525196
357610518 372386513
37478599 658253509
184005307 403277863
193323011 414089236
143626156 721146419
381582811 264394033
732309021 951375725
442427384 820526068
498162118 234480559
837500355 466335451
542199140 350970554
43353321 428941192
26257720 927175345
763816417 857219393
941945222 680969884
739195487 792347503
665578775 412268774
5926364 956892192
216898488 222260704
900670490 772964997
303971513 624862780
809212314 345913716
186180974 34431378
291842594 971786726
430221234 440463582
100568382 947410298
967985247 868817152
572907195 641132785
899384791 103859515
696413485 718763696
40267391 81512887
65687145 40408897
67094334 289912320
68154892 228365779
964788738 357382020
35485683 201406134
292406331 90049560
771557571 642274783
636550495 180749428
898837087 578994025
555847012 367793842
580753011 637195282
155253577 412057811
210425070 594998202
888683405 671808314
475092099 829749224
664602294 126974767
18382631 141475397
359514060 443647325
846961304 689357599
265480923 45696596
482435793 714787815
429863796 226129673
488799382 820060595
592347949 151026513
671654382 181132221
793258013 723277930
21876898 947173858
505187169 559867250
109017796 426839843
583432089 787531757
588542243 51461160
518647659 920106563
347645400 50458551
655692799 774916671
428386492 798470979
788634498 913531794
736718831 570339672
500291492 531798606
717940307 8967215
173165593 316326252
702941711 854007328
523818268 603027782
704584461 604294698
661052903 206983709
958650747 809945709
36054844 218365588
988468302 3231919
64017374 953030195
414566330 816706268
605471001 648243174
435194811 624905599
372152631 197876859
609325712 709695050
824622601 42835750
605517627 22996115
35351908 511021570
474684418 989152724
739422625 713751686
520182001 19942953
876451867 932614676
764885589 806810839
909604789 342078064
16043842 398797504
4441937 328595008
969574415 247548144
395379802 38811535
953459925 774715667
611887419 746317393
521745395 463890940
113030117 184162005
908501133 65585182
298433613 32630868
5755144 588665368
821435116 151561579
823088527 921231138
868425534 557789336
217753234 16850337
35280451 925873855
844264257 857588633
949051649 760082856
152469525 687332148
749067008 237501055
458495304 243424576
419483853 648358994
358645080 774527918
833930871 138974871
773460873 655834132
545148437 862879651
925622880 191463980
688107070 697005876
357093928 645704275
890607759 661715176
544073584 723915787
149909545 126394051
740528523 167017593
527704112 202793901
934971662 795871464
779321933 293139954
110083670 710762820
317084973 677812672
541546496 972610208
623788800 406035373
957464943 70857137
894957562 151737134
31967562 873452880
794446038 372421921
550359035 67958523
659974478 139163204
286295601 379971413
232075940 932068795
730348382 946449571
202177053 370141070
383171642 843837773
136017792 570316585
531022142 98511970
290012059 71733210
955116842 925996563
877213374 21024598
606886784 50979382
930565950 954768950
28000006 26034372
58703347 958325362
146673736 378055261
430159547 569242604
671304724 195061440
871189238 425731816
228671996 983427924
897262600 291100812
394916567 564786082
79493081 970473828
733544256 86533591
860506455 456447969
947136022 39498565
304475891 408928982
478860026 799573220
771533088 421977081
932592853 651403722
862243032 477053544
574264399 524332471
991946263 846822689
241484377 842342795
45866077 522104200
260912804 749735885
853480241 605311462
183813671 229256999
259489945 858200036
266803613 743929061
940049314 142622484
402238468 107200377
300185822 752946024
793565472 909545721
465633 535152569
80280566 288479647
123250883 709122114
576855377 770658888
451452065 403528994
223785536 310699767
271708700 451568861
242018966 180433231
995687640 341782236
574033769 644711196
862736126 134938088
290517396 529334474
50947514 904198835
815753269 681364460
648290751 478062159
160587567 584269239
884472255 591748277
711161257 13068164
370541812 750675776
508931213 917823314
673136537 281648943
234333450 347031106
748591984 55006757
123760402 821110553
638080574 140184238
779184093 7914689
465199178 312661680
353773669 585756873
104747747 830584318
998507496 482365920
595982039 693667531
947590761 564036189
858643196 426071597
159736622 142993594
448625323 234680994
188023619 229661717
837022784 986648200
426304502 13864622
918376347 489091748
394728793 459245676
705483938 103268508
549660868 52520790
327315901 219137405
542580560 445443103
771043928 695688246
298379357 988692628
916324 898621466
690515980 52251691
42537943 409349986
592362950 901480064
812508968 404733353
42260658 654479311
659922900 339555950
415856708 58230137
833453020 668479382
6792361 640461958
512191812 870640615
172780380 49037340
98795669 292629902
406058901 177625614
887771996 736434329
747454164 994527048
36543145 54732158
683187546 641790050
166377873 375858067
417316528 606319127
306702252 893897620
741755934 382435778
395700119 993255968
356068148 395171814
9358707 823519803
300960837 225979049
982996325 397567950
472713447 731215956
40108051 434582051
30118517 388424148
977074990 653022825
619802766 904582460
708068323 882084406
608997267 609732673
275882344 696856064
727244588 333349565
460052854 798220195
714604739 288061741
834842824 768777438
936936967 845297459
646033825 721450454
376586091 761453076
358416963 397463441
663100069 369433402
653478777 9549436
37720367 73263795
24241421 682344678
873768649 586717617
115101268 195035522
688191477 622662921
27498141 132909545
4099705 621588404
117004742 824507670
778404322 708967760
83730600 171618792
164123132 397524127
111596964 666330532
648517979 34329095
637053216 973078128
494303700 771248657
199344644 66458584
514807044 911940587
477770813 524534606
857197255 445711334
189105979 713670307
603998146 884051448
393235570 128922255
193012699 399292475
806372828 68839214
213864636 372168044
6691957 243969151
874977363 798750572
605890238 425397479
68591955 663972291
59326268 616501164
253640630 59653144
401156854 822381435
10466609 826268858
396726266 416549091
454723016 349487899
177306584 326087896
576663609 60383311
103316005 519267121
997259918 205511570
298924793 311730473
985935503 689047743
857524593 417585122
1417805 37762778
570774063 302776030
51559576 437860487
623933909 504323716
765314442 115751056
371901326 252535457
536932603 422204514
229541765 58588388
87867658 702727824
937326955 678565729
289514139 281387344
277167861 601331471
214455763 42309881
123410012 649293386
227843229 386686603
205524188 660979537
380926248 935299623
58672437 65572553
549354599 901649811
571231789 202376760
169125008 136406711
835062028 868894347
790842270 842787362
35280413 761252497
715072975 299580806
642551093 733075838
36505125 361130552
497561636 209488233
547843818 448638897
198145349 714527182
978377765 876437008
452037620 405777932
18998822 406405269
732605714 17977320
50470400 916559911
826175875 887218697
363050505 928949711
903526576 425482874
784429147 546587963
114925318 77225259
610311510 618534716
150766708 62055534
353479196 429177928
884024049 788673920
942522132 352886521
978105588 677285623
370699880 885313164
240167931 694333268
679441030 198044003
497547013 871291
580517027 954439555
702929175 50905908
560567091 616469783
227102650 434274732
66748531 676515051
674990459 390946800
732025055 453772018
856616042 627444085
608133564 152178369
19161755 25745042
880541584 294004241
234123946 170633475
369857700 750958401
897421872 958271080
367814537 446518225
16483917 97219268
480602512 950282984
52607530 796287742
512202064 6394831
66128747 796778339
871357732 764946548
16458943 328810018
427993515 210038761
396497495 1777103
410019911 807278818
22567013 439347169
380742046 274089018
568658854 438100788
256561179 274161518
66902482 92427912
847859310 751210272
194389549 295353088
776238600 302229909
336923130 762969764
505271712 442974520
70478082 877483743
599828401 881082133
272135698 127771393
656625913 828869983
165086073 294477502
53126394 987288043
476879246 790045869
72658045 832092338
826252584 38977738
922083852 866307667
2407459 749687540
125169781 174811791
768091619 825655664
882307913 18983627
333315529 53670244
290106721 586120337
426649023 577866590
411910487 557234191
890421938 561707467
765702153 567626390
20103953 4273535
73230106 895643932
575399764 375359540
827613041 896402107
388203632 216859907
573295544 180669233
420814436 751079149
37129437 464155998
642497711 381622613
750580373 572392904
429624022 160576643
154121685 706340122
784547555 336224290
930433879 936376992
782962657 793832898
639856667 367908557
61226081 19329879
911802851 198864310
900767992 103337400
201366966 6002580
246505151 604812065
101568093 702373190
649630162 602068402
515721961 681836237
406919121 341087726
869713195 823742926
477062754 333923645
921454651 537352723
257028525 53999722
93923058 477081098
471933662 524216869
700643952 634429765
293625511 59665794
30978198 174128888
498801595 345141368
286599821 89183358
856197460 298847843
935029565 84691924
331957678 271135363
324556247 427300380
113747082 471255675
117734476 171140636
863503788 65865939
731938259 349665981
641317725 169490294
672691559 322320780
16365288 63623219
832698439 161372476
964395298 87220545
872162420 487955490
25914588 935078836
565264182 832412344
61790062 5806602
743728023 812785179
795336504 263778464
616775911 910592652
352325656 2443836
56977719 697031154
366419444 532896389
409743326 950642263
50401074 584106118
605231094 4408423
791048003 38444847
383800032 427191796
783872276 674431445
971198140 270105717
675342747 96926381
56232689 16626562
244581456 969251156
955857068 539892569
682869681 548412234
8571736 657484636
101337021 849406066
639212844 725779601
447456378 227202452
242186138 463404065
60246127 662468315
514437088 666318297
854913835 685605464
312390523 226037420
72858556 783336061
548266158 260806447
956049208 886184098
167748864 328228380
470306616 674729859
315206587 677464784
248354904 556858816
579312749 877955020
23801527 94910556
205678955 192478520
957730430 325211455
53437512 769022811
4998738 305954228
486284900 766588196
656495073 778981612
39958871 36429988
762850906 986404473
360434570 663528338
987560692 452853971
66234528 695540166
46554982 365805526
249937411 26257854
282378861 257565506
18964324 97742621
24659529 727485754
855531316 642554663
137728321 392852678
983395627 64362821
534433819 26603088
69829826 374483335
181112997 481787948
303721400 578744605
27233326 245477641
627916945 71080157
352582158 778759808
233642258 583869889
38995993 749251982
577581255 850074982
38739247 155965200
554346365 600633486
693222322 903772749
929943496 937424286
59758593 532877162
856100222 9302816
761471755 578439667
424887354 96090691
24685239 567933784
672617946 331436374
649953402 206898541
34072321 834317905
244316614 87579882
688877463 68958027
681477268 921181161
578815300 23545092
86797282 220603499
727973368 912300895
81946672 390845139
380685414 475096030
890631681 311214185
958998660 21867052
335887456 473404889
26770957 544406
25016663 200601009
957639423 162462351
25718906 906315494
725339677 472374060
245436252 361072464
913892718 542403495
39766548 514625065
71269564 810536925
901576130 956913298
692857878 95370960
853852932 566635022
770156110 264371493
555106943 904356613
42454395 835708839
518052188 613039939
35197817 693964226
704348615 153633398
506500197 476503049
864702834 768747699
458754338 262362800
475566097 896821490
927626199 79946771
421420508 773146509
482973806 11806509
52404239 185923781
65321749 970517026
913848686 124605245
976383681 777001141
441253051 804360829
320074662 573885138
957740862 361867633
73030591 98098950
48002373 663987431
277674830 67708162
487772832 903552533
454595410 944576541
517312804 455326992
212030482 220604878
892075817 256035669
557816218 38706229
793112077 560551493
72119351 452750483
851310767 442556833
414217981 874368462
400054772 114108946
689739331 43791086
767873862 695039907
5051938 966453667
651862800 358121541
692586745 414598332
752683844 809589322
396123628 575035057
490268629 481525483
933494624 966474778
759420221 206888130
650215808 692090422
914286327 975600208
329507003 289068389
718597638 213952632
109170756 28256685
819580781 546915586
291281041 589709114
671935157 977112346
675317213 147002583
353767530 546701263
562259622 311323254
906528926 522440852
503552560 967641518
50716515 809757121
426487552 709024311
15348565 258735891
577704289 162020463
595950096 862695464
990562786 615805912
31278771 816691972
549931990 99918231
477172323 58080911
22677969 871583479
856652489 35818773
22383666 393381860
749699730 929795781
308182422 162563441
733353966 614642738
460274014 178481235
170830610 737474772
857463858 524059491
41224885 581367176
694700668 396834336
628722839 190415628
597801195 32312617
989327351 944204932
614464241 708685512
834508824 360919545
23729989 86147427
971669700 456940244
595273827 701016585
751271624 670718055
888731400 910017772
553993845 48167012
486403255 21522912
654443038 98985828
634601526 950630112
755267740 807846753
818736657 660368009
192660429 537968189
378042133 601247389
960730896 900550713
791457495 642101889
668997067 484539006
44800555 114603456
130005478 68145047
553737645 602219143
880527949 543246325
577977404 810883110
152461681 469192811
265299321 700138901
473629640 339259567
850547789 917025773
612517449 34286559
230522208 753410282
78316785 800058617
21185442 69508975
71720767 452999522
32648902 371983363
368574652 68479327
520787907 153684813
128885613 160246943
446928722 166254748
49179232 784369840
334296690 806858338
923301412 839659397
17175782 807236275
284837200 218828791
987287990 962263498
531225339 41202241
895007146 13637251
539522370 408410754
532923858 425916131
837833670 979319614
752888321 907131533
858099244 68106206
54604621 10884938
81230491 855947051
360789649 72886665
926819393 20514263
579210987 228914909
503075278 658360565
499100734 546154617
207526903 108953723
63727536 14632887
966464500 998382023
19225133 168030358
219380227 405312023
676899044 417400375
311460835 99297552
977785797 571845983
378057561 270443320
7276041 809129720
710524079 372317308
918215850 170056336
277609776 636119722
123678437 18620633
286359981 34686455
857513151 657251879
898145532 917683580
561851774 760634613
762711667 391439793
420740652 701749344
445364337 222420729
532512792 106555051
82011862 264476181
48416596 374862777
927049093 704598190
129329464 355945366
55912169 758251472
57666269 211432687
771177070 183738986
462929827 580787092
57234179 393689039
775804843 270191357
328736159 868729400
574275166 54881986
375039929 537647424
527583460 268066595
934385102 902024294
789730478 166537087
201812446 168383887
64067053 788096220
745560560 936401793
707950104 995516004
988460682 304563305
549454442 192408037
245358905 47910485
407923298 709563985
136434447 918467515
474091073 125265468
229454624 870140401
582983056 362584673
795442436 70069682
83674519 278334494
866465625 802039200
527855590 733714419
186432062 115047101
439587024 672700423
758384088 68637935
419890667 314044066
473540816 60179333
332137618 719069364
296105683 781252526
380115043 809664589
308039442 34073850
709505474 425879331
719860416 219369446
606913620 833323280
331410326 10978378
517141892 533374609
32225361 964785638
436853505 333727559
88360243 945412319
53070142 500655226
279813759 667170363
626274801 729553809
308476669 242204263
28578452 786907291
908738684 694430642
264237799 748980426
892884042 776156367
628519788 838583538
308851134 898207575
128019434 858631182
48711341 214729285
571742699 297088444
611687417 821889145
669867838 176653500
496842751 816087861
466817141 206856565
234707236 908557475
3691368 901989488
679799377 973306444
798461360 1976026
457982834 487612322
481747757 932257543
601239545 717283448
988136577 493074154
189728090 56656773
238882195 440507037
181258637 777401573
601994252 443941087
395471247 341960855
843056605 935714705
390594529 568085760
558954423 263185976
10969350 284855654
986973074 28117119
163640330 470459510
43423527 359733426
2868471 397754047
917344886 153678404
827682654 893037877
934860352 129676361
18872531 750315439
421585550 118000637
868365169 258252649
425362728 237866811
637276243 30335362
35821599 599664390
358861337 505465215
817975364 604604932
312265064 46397893
105356206 62815485
20338026 782721060
70665783 540008290
65571402 124925000
918841856 965407169
282484665 802278982
151984618 25537104
768360301 129054485
694969371 966950764
343976860 974587153
396299902 553363471
54111108 929332857
11870018 915499612
454099943 395430898
122006362 629318680
674048392 611564290
867349756 55399725
973409200 200839318
208116259 538258474
631445675 979921789
370807565 14109887
360222283 480556779
7239356 699723329
94572643 174730487
541019002 305050668
673763149 412018973
332337486 654365339
825867877 323127997
924247176 945780946
191945356 542074777
33413691 272255925
873627814 156847707
875931837 813297742
62097947 773740813
762943016 960570954
75183451 515297183
768603868 925790845
844974163 500472421
36467194 429349210
190810873 184829078
52348907 281880956
165313477 887787214
587927257 341562912
743231540 327750028
241725744 289923496
698465095 712601525
503967270 5265433
225330178 321853712
418353199 606984606
9822702 792239304
136783240 802436355
529622425 41815021
923057837 347083323
983735057 897674226
459848931 954772699
639779948 67366703
637268144 362716828
884297282 961280355
980568157 26439643
59934256 374922792
264834683 158004254
415552344 137394053
948484187 837083270
727656669 135657056
318882964 170179166
3278439 157810439
563095937 669908884
369421989 333286311
182047681 830249785
560616389 97148628
34452661 331915267
487199229 46021639
388358406 549655244
64627718 802253852
790970140 362202385
419144604 433159120
609895848 149471092
469274624 731107913
245090842 18365499
621159542 237830542
864804652 847131087
692207303 382427914
517292885 632155453
653645247 553024013
577658711 95665336
970162096 282093131
54266545 374811157
389515501 29006938
861346862 307873101
845716048 43706937
910439509 834010879
148369334 7793604
356179958 400626411
375299709 650351425
29862563 705299064
830630925 731190743
732739893 224010031
263304268 293858321
85316676 221521214
830791720 401031775
383961775 695559671
922643473 951235989
55034904 213156430
466288251 313611626
1397096 713241950
461409889 3075322
619587913 95137508
38162364 993728325
193652392 510950850
186018833 736136622
33311032 148540030
670332130 107859581
210103281 718840257
440053303 330366301
963771788 580980440
886117150 114364382
559300361 350340662
738895400 66516467
257069610 587210736
300124136 881725046
290494453 157229631
977444215 92067232
809787190 630742018
121128691 896363410
275391227 616681274
490677756 218748111
965351702 430566284
65120820 618038975
121000095 991566018
335374793 393361965
17408111 169169226
268121059 466865609
451519910 538496181
202930997 126695591
491180581 626702906
10615410 957058238
895027989 789416753
701342932 701794667
761648990 94096792
335371415 684178923
217652785 317298321
268056956 12906979
556529023 949484770
255418183 753981917
752746623 238920563
672752705 921175489
16571948 128963540
35833783 621684576
18996675 54143157
709392505 314938094
903741259 71925355
254143323 373918595
149499398 1303921
625131959 317773209
292737792 970263270
860880874 862673297
173547913 822911753
107369427 201512494
369143730 566515136
239889239 618341143
782128338 342106389
565140191 741507930
47238658 66450357
711431128 279054308
535768741 375802229
968452914 56263178
104368859 52475845
76525538 577275395
220264970 794988100
130142561 183663979
831247197 912644909
340760106 326584770
833009219 659162081
61104704 772929259
355031278 827280743
332696997 850820526
496330454 497922279
735988452 292689462
511078197 903411249
132816264 749607572
34019720 297623093
227303586 460093754
460793365 235036041
134143304 327661440
589277279 709453543
208269584 6076961
47192499 258786731
102581401 655088064
201631135 36126296
718541315 883798365
2816117 593034005
385022834 480363745
719589325 439956010
298283407 549872023
641516801 245802116
969615878 659770032
787722158 224286261
417342985 25125309
582566457 970396404
546556107 70046008
201765448 746731673
240909830 807546109
442509124 956993954
936964214 742954186
43153630 479543218
58361435 301357251
116784519 335623692
784738812 146674672
665544951 438813724
49250847 877578429
987642535 236695535
59667601 246465400
755317846 23781558
785828005 713362646
689868936 777689415
896403373 491318382
687165698 372097692
146216323 294714173
760986959 123651666
950124290 21939745
510654783 199424298
596134540 403374174
333011811 63785867
309317253 26246171
84495250 228115967
28003798 103575270
561754471 408371122
925180013 283570220
284586688 100756727
42866104 97275843
466092609 934094786
229535533 36284000
990608847 661390383
379327685 711242272
283303189 780774137
932713852 607975683
146583554 868926467
458026450 957152108
529558857 28176595
420404813 537458339
337596640 78403346
958157300 813578068
60424320 830061326
551441622 8040972
333937709 323136056
656906881 286320579
131418276 32388518
276042892 613123150
594080237 6110354
858429710 616355048
974505941 44779225
64756003 859044018
177825384 476934013
159573870 119233839
121308281 384950051
969084562 930513095
101503520 797103766
26275255 761578822
422176566 34078529
460661005 46270553
251118043 21891001
264414273 779159576
442881265 423492146
81775880 445514104
590227103 555805445
964919196 179939028
41530573 937648433
210644794 743690349
220571055 770312918
826975393 878082278
133804596 458536891
195908758 697696199
737274002 507241417
882198114 385874940
343517381 15880590
638192210 635215443
994569484 138753211
259997750 537797634
546986089 700181670
303082979 441538846
461067554 701976265
616916402 108702501
301876035 575799617
550370558 767282037
427898649 811754832
902025897 316531154
55639479 183898587
99444120 15369443
921628022 16211437
712489778 661618358
910553199 529038130
532436454 548752185
838297343 4595837
427637666 134770367
126993482 65894978
59523675 972326529
225441464 446687005
269527181 572597529
183768689 907537994
800778161 898430216
416064485 200576554
437214920 349334322
691099207 32916676
67628247 375720285
941816333 668296257
166990697 953397429
598597490 495234415
128715015 23804490
740710644 561150527
14492612 679402385
476924375 113506375
860093876 798573792
439108767 328954689
914777455 130783218
504740250 122924938
141890706 568727656
338146644 146920612
21755453 206743621
602582816 14327220
804126103 29016177
548333462 49698309
506072134 88913208
567334672 520621956
23011062 686830793
49622060 65548610
952026588 596778423
206363213 193839092
897931049 291377019
47167514 350843510
860158358 26953455
545435133 170265667
438167777 820527316
884143268 250202111
781813321 729836622
741827460 378687982
770617107 393702755
28495697 578409082
305767177 653946751
365951112 674367665
53096693 848463859
797149670 533329092
339849003 996255857
609167085 973476489
755805693 358850962
679152230 51337721
23921221 967783761
123417818 313494453
869468638 11745677
59583255 646723450
85572651 75123338
523781298 208542383
818184334 719883632
206408319 914340063
826479858 402424523
80323866 488816694
741180482 135129353
183655266 221590535
109456624 302919424
295018744 508405575
553277295 298481254
206451909 285050639
8721080 975677014
666881905 353367326
79125706 258379217
701981165 935932501
132842787 157357627
973890538 975739193
261154632 499877338
295744095 254290036
644243266 846451291
333479431 33168724
72583709 931234636
241158624 72064586
581749867 699868323
557840813 612627821
946661568 18251572
258568309 738450165
511387188 757374272
919551747 627462080
468190948 992119010
816898660 180389840
439225969 206889632
433328748 467821770
24254591 910078432
46866481 479395961
19395894 813629807
137487501 987219786
643289542 789430779
317537953 489431758
466934492 612154522
7152205 415773754
981808942 741905729
854275769 266084074
60865525 482794830
162170063 936600282
679964012 34027007
20559294 127059755
57178964 64600312
1349495 230282405
495552885 442641602
820866357 786522159
528003603 742355783
115309038 198976856
291102845 20448853
297427683 267940049
85878148 75459109
10748437 658201329
241391611 377525706
401948878 480711216
649050940 858614208
359817749 544683436
968045986 37019753
613590330 912244647
428463888 887163526
19093582 198180871
452357993 274125248
220689067 909223637
430503190 533973795
352853866 422010558
611908483 250616222
602316776 885946261
296303010 735993988
30632010 469573839
992387174 296306190
67878389 310719494
583532873 980944343
793040917 326209398
49478342 969544542
64698904 61617794
752988385 515525768
438396464 843398705
282640283 44102170
681069012 44397483
376571262 626879556
399308351 651778749
517318679 864471314
43196144 63923801
345400438 481923832
508274728 590183702
670049711 332587343
186664303 295027628
856304477 482850002
205727760 618854265
104153114 115907104
674446744 711547135
472580104 253779006
821526107 27155555
911257419 707905298
878791663 73049585
552935565 922450409
340582319 420593812
529542009 414534130
115296569 354036830
17085248 959558848
53293808 149694213
467614999 857531084
998306428 435732578
848697015 607926769
26039109 149566708
70206170 665878510
985315579 535189596
713437638 942836968
46576144 147525599
578728890 978816485
27398716 192109800
609338242 785274706
799603961 871430019
633866985 211601278
703252485 550533346
705999681 57063709
812095459 962205148
41497052 631702981
837371994 198076777
478929047 989141108
71473908 329830183
980242507 977244169
76707200 668847577
991130457 739373510
528396432 287052259
209846823 885976021
24802812 135165902
732441501 116729792
788541277 462825162
278760360 29483766
81101971 58093862
48640439 494424909
541813312 9830619
363706177 26396027
796475467 657899008
202040893 722637724
696516701 960302419
624816040 18713518
786005095 711968950
284275203 484269593
292564250 843809710
192581586 68923935
84545646 172725734
571987487 428953201
930289692 337786282
523318004 957719963
281061411 670835308
513391588 159807122
462562631 180444995
164463747 23302956
357634957 206699879
10025705 515157672
644957377 231306935
257691700 221846562
45061872 800856115
255957763 481682720
827638511 679115906
378114556 556702216
30863569 38540909
314671174 549580455
237082741 28658530
815941135 770088108
650845174 867311090
810458888 699455019
257735224 603646035
563263716 772458523
613432163 993994463
136698333 536587480
271182175 90919571
669488942 702738081
691424860 534989713
958634906 498784795
11680076 264688542
80608740 62691020
3523687 3086500
683976532 916908962
405557672 678350642
68209209 703642986
1378635 441638135
187000929 1598808
147511892 945984331
69101987 181944709
45917961 337639846
721535574 419893612
466464631 876849191
40263638 819271789
730590186 50672142
834101511 839667786
259604342 609361986
224889034 542157741
826795120 873790412
792791177 358672544
447882485 745465946
949814448 458486547
901699938 872304317
574448945 786159450
888993498 337221484
948890624 696632492
600157636 387085566
72126868 334962597
511547465 242433715
13118829 540026052
852588762 21093100
8490632 197827310
670632105 37534127
125249518 708482538
787863083 773644068
290955555 386844899
986952605 299236891
224885430 271509737
15185275 953393795
146219703 941367152
554844426 591358964
637850939 3411151
905718479 607639591
32948955 988535490
223929622 672734584
63077681 370401000
136724077 582522219
997371747 24806213
585904166 631584548
706482320 590740163
637254872 510108141
438808164 902934442
35001565 19393971
563016074 916621867
984647383 16009098
833809972 39790297
975907364 838027301
329317013 620959022
907665774 1366110
206558567 402982403
31771932 894831541
685726822 278909464
346768865 260763849
853234386 940358290
30965036 715976673
209106929 828437880
662286775 353690469
886156683 197754933
141150202 827784293
875818604 483328537
473527989 75459856
810538214 43204312
224945001 743809854
679637325 236099849
88017630 33540327
437399673 358818984
605220766 172560554
208605767 770984341
562026616 265731144
91549720 248608275
346922751 225606438
631722832 450683209
613322249 38044366
745855960 320200132
538857521 330429294
611727005 819215348
50799700 462750295
934159375 671726762
132668952 512144512
734629539 293770145
613163105 706193665
106836305 25898993
372305882 454259608
422366743 741462173
398720882 196970279
912290932 864146183
633063643 706162740
214783981 97081719
777775885 907517799
741455500 634825624
703469761 670204944
829869916 13755130
453580535 45771934
451864814 813489553
919358321 883356457
76965847 628342836
891378485 558343146
206828848 963414304
150657295 3731901
507000085 695710322
9896973 190816422
683511078 943678640
230528513 18832456
956889865 944159041
905978371 548182129
59617508 43074287
721027820 305845642
978648553 988308077
177265116 81819942
221311171 41028299
120855732 987043451
973656618 537205252
941438109 592085731
118708565 341349746
294661247 548089948
179350657 602339923
85618571 920360966
531375982 254377549
164829106 561788071
24752610 410262503
211569707 304385322
276342310 909534476
140586993 380194588
43351427 758605197
106422338 659945774
563366095 316183964
104792866 489821621
859890395 928472145
245458390 272598317
834435840 940122664
621882217 498653362
766990747 966652801
778898219 374520965
45229708 174043935
924589868 343732878
490779066 745725098
592462533 983522516
725775756 135616301
121897232 425596934
472510830 98490264
662573931 37444596
188300881 285332287
554594298 668870680
928935722 25821785
969730082 675785223
661567345 782135939
413030158 656243712
912990628 683518266
632283181 300162406
129947074 469948004
314097073 836482876
595423185 442603208
188423954 708585134
983950936 233326226
214079370 511285129
325091557 318694352
656710807 8433342
490757769 984023287
616600700 116966627
763464791 884852574
448820415 193081521
592129001 574065089
559345836 284696967
871180763 258369216
872527825 833620454
522323021 372439902
969491585 901323251
189735269 677455235
897464913 287066616
163755467 30430842
503141534 169637092
49625900 45610356
510321924 125174470
180942519 837374467
47978471 111256406
483037091 655468191
848987376 974067820
7386535 485894949
341506437 258576518
358373248 733427538
42146648 500633926
127396207 722433356
695026906 10168305
735525816 16177689
859385282 63183858
62480676 38969383
538106252 543496023
705111424 589903812
108008948 181817679
653431836 954743203
995101055 318323377
744033869 245783389
578638322 336502902
973107691 150559212
650785496 915558461
702107603 466708017
441766913 511181511
608055910 750278511
53069309 24172153
10070536 487779790
898323110 623106526
866756003 12802776
405014420 91530786
666273058 577967617
945100966 583076248
618562551 834923288
141425791 941605428
592272789 26960086
730289415 430000145
723074549 811653464
767892966 982591469
545519637 500432539
613804812 464809384
943115380 223245574
921679660 562699977
327630744 805576158
227885628 311117049
78872713 390359503
726761462 30424709
992239443 246791017
758781530 123099873
397136776 513530272
854518827 573845792
684102331 907113036
785991533 719736445
249313030 28435110
510426093 797351637
142374277 266259410
711338425 497754409
648111321 519070032
789482404 413295137
686805926 998641545
745985476 934643332
32976661 146725961
515515379 745006529
57637202 370217790
44314192 280376426
846909455 563099774
670255552 492289716
65405696 36145918
764551782 134066936
6863453 970823451
232705583 160627764
283225443 806508821
350656841 209464459
849144019 331313040
608247462 47806401
328082801 632905234
592422526 616742336
378809991 720232327
394138826 378217750
69013086 111495360
612558794 922797428
141231821 19345646
882624128 363487792
466305955 469689900
148053810 285717700
987686202 271784948
826103276 483772237
148194543 479097253
758514427 810049293
61815715 37742850
866599283 474937065
176319035 884794550
591433130 164776428
229325855 938579658
448672699 536210882
253641147 244434733
958811653 307658046
211666176 307221556
101143465 390779604
932588004 431423255
29079311 103076640
425596125 174947952
497456226 493832029
527835498 326312128
477491215 825149423
264841355 258178795
442533194 19052250
619386692 246464183
30268040 923028040
308008221 166323536
228205063 214312711
818002597 6057926
894030914 450202376
305207274 609892238
693543549 240781281
46891266 829329662
963388223 125062476
386360967 313246161
138169043 528417702
602236947 853586344
734341574 391100017
121241288 444098183
898513771 762662610
434823626 968181588
585679962 477699604
801486530 452390491
892420333 18741283
63113309 22659532
839672770 681598482
205966539 352409660
195699772 116930710
928808001 960993057
822336769 353772168
251279223 856631638
102595197 388350823
88178218 955723676
71547230 181123539
683439515 288996631
38761751 30133266
10436367 468359629
618694237 173040785
285826637 87594282
916730285 18597977
121810979 531327103
680437188 869606813
234746081 644131198
975211044 759487539
160944860 660720832
161684886 254480917
12311276 364329024
208266403 411241952
313198832 64349661
789735449 331456854
393230917 96966107
499352461 756458461
271180882 997232994
879739859 816479485
21399806 47119614
387110279 820002534
442464056 305806110
837878664 345329896
175559022 983916181
568018295 224406009
10344982 299609372
74079804 902961970
977046569 79933901
809634434 397879890
994241955 295526313
357580598 441646137
376814085 708985876
84670476 413486958
531220179 46956371
582391291 531039899
731722774 769231126
132027 344670988
10426586 583151336
122857038 50270003
349240241 333605568
267978612 325720358
912229679 785838963
41506869 690781471
63703660 710187327
650489180 685875195
237490565 7170114
1935350 647928253
149725723 281664257
357016535 9922055
641670098 720248034
550852117 124149928
455974100 7953586
694320010 272464905
200390732 63399198
30701398 389304254
539802859 339476799
832225628 193126652
59867493 343022344
82773184 693679901
874904821 277524949
85315184 2274845
981113301 241535719
412797848 549751072
838164424 729656802
194418731 870194410
990533776 656811852
72373088 940059237
991445112 349002514
92504115 672518431
145194187 909862659
445980641 156484042
68114521 37178193
333456493 566884538
35865081 953048856
753736990 376965226
107512068 562396880
5287678 832238584
257649620 430379737
669504348 283482532
883925066 209604599
85567050 3007315
355152460 959366099
823739679 564970259
377216066 620111734
354467063 3467662
293270936 896352722
716540206 830362774
644479296 851794490
602448361 576657313
959814701 839596772
999463565 816476232
364213209 660882286
764891206 828940490
5137088 542182230
388245634 522279560
339464419 636163201
55973234 806467719
197238342 120032693
92169872 343132657
410611058 185836831
29264147 481995924
629876724 186084046
727080062 131250018
663375580 892650293
785738511 962835695
414388543 910715309
302003791 403615223
489419445 206013169
34206601 330154965
256147931 8634272
795874378 328669964
867770066 166006463
372937958 215602626
367907263 389111860
775641843 8232512
204484937 21362508
55387084 566673779
603576606 626674998
899023631 611473774
908914798 658539397
566587680 855017446
592822382 463890098
827648419 214286517
938203863 441450648
315070982 210347096
948850789 945732343
434872309 375941745
373880664 713789937
135845860 775937093
181354998 258725519
13988231 904552254
482419974 564920637
203247710 326733674
199626327 307598410
43361827 65118202
628157239 185175658
165242202 993527750
4079356 407170356
984706506 787441604
555010431 161186
351339773 807127443
115686812 637683865
532092098 800266229
520718260 436121943
833255851 275047248
562471979 905366535
557605264 618228781
357238250 644310579
485014026 368295354
13943516 2730827
729067257 823220296
678857846 45029154
338737407 508095437
915202600 38041713
792017922 51435618
868752366 978223955
497464750 847575751
694791874 126809032
703757297 127480538
287063334 173981746
269454205 258490916
825486750 821189595
767583818 493544524
552554803 697764204
449806865 760460193
884431346 22770550
693356241 827347861
308142443 273748207
233545038 138914621
761282355 264520619
805375373 471510994
723840866 8703719
570944858 669269810
792447254 992184258
29138626 641337952
262161646 231395777
6839961 661295104
821449615 108945739
320578294 264185564
181191715 626757162
183634354 35638880
333200085 920368656
357717740 408570658
373733206 370126608
606733191 89488725
735685467 384092705
43618729 123473745
575349021 408937887
926166336 73063958
125563352 54969801
272041590 867511749
498469964 375634244
70892095 881533988
938396479 482047895
577679572 200659739
40440312 869586861
309391917 189289273
419345606 6223445
680528009 508489264
122755960 369845445
604773611 26302805
421051362 231065363
988766106 546308129
341528158 738151099
306984608 470245043
21581384 820500253
511769676 942369867
511524993 910789116
729075121 854234576
27344876 969439743
215607588 36685899
95737333 253921587
912956610 974916458
591301894 980436871
9632487 458107902
412998416 845374799
984767161 152860285
10648582 176633282
659657371 668402049
477418598 92488060
141560506 587892807
197411751 257353981
364513668 465294641
353783500 530290471
6868012 51245635
402621657 63341508
595322151 42706347
218050392 291833342
469772977 240560178
834455764 6256357
155923785 125285324
491488094 758621165
893120049 135613454
13440266 55169389
612117999 28706992
901238899 252431649
247425743 763683348
906819380 944640168
57224542 646363063
614556781 612037639
466604273 333819585
62793539 13987877
393608732 26181754
520299872 884765005
139558203 739791059
597175664 5009326
688374509 988574939
142270882 682152927
13158547 178065735
548920364 237802836
864922325 555545330
994353095 314126570
978999326 798307161
792940079 703486305
58478363 11313950
272461477 923169755
986377536 247514246
174572652 387242594
971492675 36427260
652260687 323464800
545142175 394292364
938557466 992459557
344200979 768286313
759956253 651618405
712612640 20542311
273502892 558906551
900153998 861643138
674979745 984313879
6362087 29473109
109538776 39259749
742709754 843900581
990583474 694036964
981037658 727356628
810267539 212082107
5628380 28288877
800595045 656924792
698791197 883860126
233326098 742450824
618699515 943005624
54782732 165713088
527292183 718866353
306714570 315933399
736652888 875355555
398159170 285330921
905125738 184195404
720943984 68022517
578593083 596087180
673895894 765651296
402354558 97744617
136688633 128243057
783397673 198630926
615077856 175958739
149593334 130308679
614253721 491939606
322729957 306784263
273876148 333990958
751152568 13461347
231293127 416899827
930178933 61925013
82142696 71435166
271662056 747601017
733469750 174674
793013791 477983507
985386320 368330129
812727276 441090567
152435420 238443715
55196775 281008415
282305794 929460403
57331305 887077577
456032494 14802448
951555857 338175639
348700498 655081969
67552834 181375933
166666977 159291467
425797412 570899350
181937877 291287673
607840928 372929567
937735530 25520060
2129892 88971898
903802465 343019959
16442085 81792365
171638142 108515057
182083799 546027489
525828362 134501719
44769461 2239331
817758290 400544953
242393536 905038502
526447141 90958153
622899193 889226239
769348442 451223071
853108390 793811944
615861576 799113143
657452242 471598973
513764429 575684209
285375948 639162114
18357319 993845520
649574311 28618843
45478174 915015484
914520505 727341459
458598712 913783808
50465052 229364566
74123267 496719948
764215601 264635254
590998127 287896948
174325273 192999274
11347825 590081968
83402553 732694218
765212290 617248922
774947775 844430804
252143133 545536435
406360855 654194666
307798596 14236893
516442996 753418770
161893116 76357858
392241230 21716341
804035277 484345837
697247967 563812832
357965123 466607628
254271141 432308294
863286639 207772084
15688162 980372796
696530023 410208316
819989023 926595964
548175809 452468833
777859237 755228259
406636572 440444096
444519171 270404722
435212184 708286047
105705356 43637201
371998809 916551461
513289685 310321863
675156743 895147102
71159098 538027587
43943249 10244408
207725402 739127383
53551206 423151944
682896023 233591991
797003642 282796805
934191255 303839550
419825223 474626636
20605637 4812906
694187913 228985563
16008914 161014747
379181953 917005014
442807597 518672088
63765618 853878085
491207566 789956810
795381544 436935827
868704624 221175742
191153517 438426896
509311122 52918502
630143122 969619312
469871478 840432922
969117164 42187595
981801954 477085521
298444627 316754331
246976865 4569897
294721957 416528193
347715523 462294372
729084737 870678400
942697881 39710310
14567563 64961663
76358330 120499900
277662832 84962252
28441792 219311506
248029912 377482453
506742668 704718648
229559093 272291693
59973566 856817062
258721020 59575372
981693758 374754548
639008806 148672911
958908343 555255264
72665517 971650356
55829781 773724237
463537175 336543647
483338767 4989886
612375012 41924120
629898392 720008160
919259165 277491018
99458667 601634557
199893713 64400326
84752776 636095625
246441358 514235518
747124913 23069592
395938282 169267530
415852013 535765351
286092798 677188967
826448134 920803280
60525286 252268530
145978891 157864918
171916099 692434546
627194831 349341214
782012857 35000140
828416616 174651251
759316337 915965004
315279792 900555585
568920728 272991523
738572231 178151963
464737501 120535523
67168143 468853813
426586615 742458756
376858414 962247659
768445981 998348899
204015248 901937208
196469900 374379198
455579107 361647936
980354565 631813945
252228633 618518726
837742413 610053468
959294826 902387894
521383851 291230738
151218639 111466909
266723181 166569004
205384584 272422700
131573347 200581852
387800470 8236729
7047265 539812922
346763842 45669310
930610626 745217475
56690579 836333144
660424161 769738965
63999452 447633865
256938398 458773812
920839214 673676535
630646751 796158856
772994782 489486058
392058379 452181981
766959624 987939154
889185936 518943777
54162442 249977598
104703839 253135530
318573576 697107046
109363307 6135468
344440935 9352737
153819694 87648456
517569363 524681585
95556644 333086073
513721657 15237811
201575245 14260643
437280077 986663407
548696239 159147281
556701701 280195406
21147602 763374315
637980060 377979294
274179394 493330499
22154895 52351695
705029393 313877643
79701028 275822715
537465170 902090268
925649631 97347671
503873695 806124720
551732491 304789698
903148692 643562472
31598392 274569534
329801810 454915528
363983030 418764528
442973949 949318966
61008414 8103715
669055551 52508798
923898826 35157954
17653954 863605713
530785368 936905699
642723001 955278273
428316459 21497911
263363160 598839239
35455208 532878235
288296535 922950846
439857150 51024266
652561524 595971941
307529496 825044136
694042094 695394016
652652458 515603257
701515786 584988471
646874729 17591718
911749778 905366486
100193234 881125632
104865361 792984075
538561185 845240181
238685080 65567628
510793307 453199581
17311419 4497133
155941318 707510576
499114133 71257135
73249643 953577740
671301889 695747373
420949531 729254963
809898335 966046252
718236519 138366474
101597461 242746965
991020583 894763548
935958027 2164785
400256756 522034838
58087724 55342129
393229486 108326600
350670573 364699434
10523382 921882026
771221950 342709458
453398708 623341653
517624986 568315460
658812563 886980741
676247421 911467138
61758335 660391710
729794535 34109676
512439599 832677540
104996702 562232782
307020439 983934401
391422442 2426576
299435632 27052483
715093144 813861765
53133755 741540124
225772536 814580189
221429307 20288479
181541534 595332786
336136437 819290186
261982116 973415998
87819445 115134775
921163047 674756771
235583112 754724009
42976453 129934434
523984450 386047046
562796582 572389604
492786937 18757590
538514288 586369269
957545351 2265545
671832017 842485060
792410380 2208686
721778681 914036452
826804587 951889598
441637021 59819981
896736200 223711311
187389685 382637916
788529424 586312289
49217343 27903695
779872882 611765269
728224570 168208843
704542686 344098352
789258412 912888534
761861773 196031900
27041243 266064861
849899384 516906471
913658392 304361135
569402847 758092739
11974705 698716543
973186500 383268740
60340474 496736614
543507054 449396645
211967948 576529631
430925031 490574659
461560581 328857161
700222077 367785120
374751877 379283048
469095237 641825698
635432496 612771557
864772243 396861522
969890926 16599753
62473092 29513054
888940718 47108357
805632884 414036630
27890142 741090543
343803016 591507314
230953205 351051963
369030693 424603019
790822762 651170309
443134327 702550814
801459642 693613647
686628844 695940492
35015142 530361722
843055542 677270493
489321970 311644239
14961740 818078008
16838247 55176954
291870953 756834156
583098578 86490506
312025868 911640939
16683586 3130483
232707830 169479625
536212942 457073419
929067055 688347457
768398093 239624720
642787330 486109489
248839325 480122401
892171260 658857497
298292893 925504064
167662705 385459744
202042674 112257622
110441207 119592846
501996294 504333743
550359273 83632979
518242244 343835002
583878117 508168063
836044445 131081035
323128910 394332616
21806278 112221080
94939595 168952328
599832567 585390143
310528455 715748540
668093678 730670847
933007343 929693061
143300074 258271226
542137526 238307755
161499441 654250042
364785108 719397525
1398154 654982184
387026115 226691154
679725764 982389270
432049473 145251348
659389485 86815927
835378129 932616879
417954588 224576930
569990202 479209246
203311976 247822291
337631238 655303935
165471213 876950057
962346244 571040530
159380750 980173289
307620806 170743230
218873646 966663481
528356900 203694476
628029750 408532390
961621431 718321065
516015890 628513439
278127199 227604073
344375348 442903543
378941630 914061247
770377232 91593831
225509562 547407813
33909406 470451210
4805631 105662778
605398747 887472864
596313211 256056831
398860616 710931275
489624288 654614937
762102889 615361685
888538406 990507955
105309511 203249000
749491462 553980569
12368367 592873044
6745727 623117758
211967985 161250380
247807573 5118006
661877474 621386537
691097741 912499517
9843419 886374438
203325171 478144686
94092023 193897571
61793683 121109900
377407448 828378978
503030596 551208061
568528419 776837517
122016794 665974858
693641471 14349485
910353390 339756641
764799130 575668341
39394018 662862163
46082213 888101109
125302230 556774230
211850963 37633319
911754482 502872260
586154333 591638374
213834273 499763866
495912321 912286194
901269392 839323898
147346943 26044781
299642419 332371369
26153370 17053024
663526464 574410386
969091485 58938552
993360818 144816193
611113044 813855810
260772039 214597737
167618446 511587635
231573634 88064094
76777250 322125218
369563434 931219356
607417191 293016843
927639241 508229182
990948282 326780621
267752878 399583112
298055931 755405997
368051436 6840925
59835408 364919121
116111064 449467850
44579937 459586246
10714511 575246201
73453147 7471866
18659694 756910655
360557038 678052932
250079128 949909135
376183055 772347864
157139059 52186884
528639542 160396371
551740971 304231131
222270176 553475637
925049646 548786294
881892878 636281952
660093102 898981850
57544900 533881502
914472227 561687858
791041676 507204633
732728006 626537290
210948081 319829473
271466007 10208789
945798404 349370730
400901208 661376295
692740570 148834059
830241295 552177212
268007180 900485248
51056519 225445807
591192117 23996776
878754129 349494020
340750967 46473671
590551740 17530206
722848503 552916615
661620832 644690954
173946205 103171056
24216728 904776435
471999061 598448691
366905347 526656299
633548304 98011108
367398914 499645288
72234692 970327674
260160829 285836420
280625959 535653585
632586783 72662012
740751608 633147817
818766165 474895986
874505079 679444005
111295571 760560172
517491176 61695563
718647759 969050515
64326675 759557515
655526980 405388724
841960135 6642480
189743216 26693826
818416211 33495281
369851351 131233938
244821260 923685221
76497726 865890589
484747210 846417030
187670832 183523074
924746346 960070709
898229372 61327360
924917325 912993973
784658101 63131521
292588759 15485742
835883697 194678027
427521521 230323243
565117706 808202957
769232520 170738204
161468576 62518296
210673420 507002325
91453718 833354723
256317938 380003085
298059088 146920262
261669426 928887520
70629371 358752255
860119497 899634766
733334533 634494192
544510009 440684730
414892833 470802079
436111620 201376363
227001412 739597749
60822069 27441934
375851563 34967935
239235799 475208755
166683091 280828528
204962171 701696972
826226943 125041821
763073206 247428785
406928565 815393343
603352993 416097054
99059649 936025653
800570455 957174579
477192497 404440704
322594427 640251763
564431575 844857029
799175600 648409413
789848010 189979342
150923294 52454774
173736678 839188745
847789300 546381494
626974023 233854215
585197280 42631191
110046418 357183999
810970265 897091473
421880492 725890377
891129174 551608448
627380673 642357475
462976852 27493924
819735870 44356590
311463507 205223456
111302424 583305011
695976473 922481403
664288899 963814295
347567342 743626403
581570171 68937899
432796191 621311205
353233982 789421343
598537340 712969718
310511056 122622793
56324825 15913197
898707574 417461154
43249296 968453702
399382331 889165641
101103614 763574881
840399214 543093375
26817794 513400833
617838882 695013161
51339136 52568782
674527661 647305041
837350885 928592339
611651114 477687717
590174104 400001536
840759287 204857847
28995470 63957161
37303607 698570683
544987321 122506758
782540625 965813388
441011858 762711985
843258224 403464360
505602967 986413867
155307777 647484271
594757575 258279511
962036279 578055656
105815848 825826301
34040458 584734011
196372545 45748295
886809396 60961591
231502496 119540040
900377011 495506127
271115606 278758257
584313930 677738134
7113589 51245081
629172351 762545991
76410010 641222656
702798238 596606014
856465246 127636417
65088820 420220927
457110498 817693281
558908310 167393966
931715148 123779527
640838233 509754518
758712644 996471617
419311319 277297315
952666230 553737724
953739952 992370407
35201812 856134029
561093702 263595801
414713938 25806443
457344319 883464977
404451304 773741171
332388615 195604813
870568083 303337315
38482251 534427504
740042388 885104991
433868416 8618684
695781935 733550447
634720858 692874400
26727981 145317886
905695829 343410982
591568475 865743708
885417008 489567616
715863561 757990973
187922028 196501636
497976971 954272825
822947538 793812780
269678012 793332298
623335658 611911445
801676406 945174865
228500613 52697344
959122715 764606609
1831988 889273173
322808336 610373682
839859150 867779739
334498876 541246399
284520174 791647745
744126861 755823785
43220850 465618393
23372146 556897474
221834237 679762455
302687588 134129858
671047286 495620823
127130454 869849798
856316552 572507348
366700616 947952844
398982176 721961969
93033657 223370040
288278002 281206196
200863023 393985874
469860339 231302086
258091186 475005381
252323296 617465461
321888078 460803362
459302326 788414258
204755093 288469083
883011128 306252563
485292570 547135816
557403501 527938898
968801783 636292902
848895775 415068620
893114696 817071379
629164893 531007363
878570157 639294611
708154618 193153820
180963532 187006990
348829707 664480098
57876172 921877839
895178861 426951105
920835293 754624519
407666749 788926667
191574700 525241416
781069918 353151671
91478510 417034506
500856054 892831197
28539614 262515370
955492337 14093115
24021685 521108838
535337853 153121524
146897976 705810402
139489932 23190220
651145768 629206438
764149078 290469037
236112335 172644765
688367572 289304357
378740602 800501912
846788678 335079909
230924025 229088201
136224173 486977603
851499553 651842377
57164881 55507384
445722443 455291026
993670717 559707748
13252049 565432581
270546367 798217606
634844825 727009381
144584681 780084228
388750978 749462362
392472850 990373097
126978296 276167152
791639381 810579425
291619942 298537493
50607889 905296319
106848957 46319646
779283815 911201016
737398770 549045059
97751743 18097188
528005246 310731807
244042564 184964
577617885 918588209
524788579 992099960
247318287 470096221
675274320 788233733
855458586 113769579
594891905 887249237
380248966 597033351
754147889 986266934
644729056 559429567
51373534 220049305
140086071 865100424
782913227 218565140
405524642 16757305
325860223 245777505
193573816 535578768
671688772 525717213
44691477 12299560
377433513 871103754
647371485 239228425
72699649 56309261
828642609 972330008
48060642 788459825
108811963 36719009
661802919 348679267
886501928 209603797
196767214 831535795
114779560 257900614
904213274 760024281
49211246 278624621
686522833 888161710
971308600 225911077
483544703 10802350
57543100 815013933
518381010 34545789
813752128 875286953
436081469 982483295
696306182 743556513
113037173 964578238
36151254 959746945
63790839 40790696
2325373 559725719
371521663 460130894
351698766 334175897
289655698 54645382
103614363 316470812
661855990 262975818
631846206 88568094
570883892 866759992
869970450 832262525
27032861 766375952
261931386 534880126
106626114 501684536
309532377 603974727
540250491 75515963
348994583 267592804
119796065 668655429
440567843 236188230
997158611 584355241
634856811 592687295
770050421 453284444
909518949 427781512
270666796 519833207
704067082 293370812
214383524 746960825
198851158 32459865
667030730 518427395
118107850 59019974
109747026 85860058
56324330 119415624
543340594 539264488
697018559 472263052
378906661 154022267
260390741 549656865
884537898 72133123
211379518 69083129
418127362 548848538
902113550 446798576
68747957 50201717
32447965 473252925
305349901 62757234
371691976 847428099
444067354 500842646
971592816 825474755
934199725 743647619
861441401 466470374
946412764 15833604
193241869 401458744
927163524 176687241
983904342 126590056
455214018 180628640
12730886 188382601
64696440 544677247
200924884 744847764
74939344 3661953
145770998 798166500
124427441 541163429
31595944 245581752
48009803 313036809
727293868 454031028
384139409 799477878
965468615 137195360
963074233 701891027
634824769 493477288
239912893 805882799
448979046 277653339
667628765 999024315
138585863 133750444
782454811 107353934
536076025 82429108
844968126 697939936
962287509 901077998
562922448 593564559
506102583 806095545
705809055 91312285
48329662 322489818
22096192 188345072
219456275 308148983
343753991 404930193
60978587 649728797
550613776 500146733
251532483 702948666
869562042 710775191
594150269 403947684
328437799 514091076
953384636 978220945
250256061 208907214
789554170 951906716
901544872 20782192
438347699 350096967
959848534 508858769
913316840 198023027
873450745 455774258
85149341 545162218
449510152 395426175
268929115 234867157
334645182 402486084
376885935 565756230
945582745 257612915
552775337 34622639
996699101 357599139
35522909 45337962
994079503 75515276
619596902 583553583
957793659 12910476
82063454 456695201
963271854 628302373
911599463 384820929
205634812 463083389
413598118 951117177
30738938 407097821
371629506 223978770
751724294 45213235
273506153 639854270
243536315 44185232
872248779 450827280
323015805 915123370
901984797 876200319
947696371 299828314
907423256 39712485
12378760 591930911
227902071 20694023
332269801 48992666
21826941 649989891
117934729 682154000
519096684 18004708
227305760 710387436
18854671 55393811
277230120 571269690
456240 88522978
795606367 12158251
799630884 835726340
675052360 779439769
135508027 83889936
666964906 347154297
497542736 879575298
30282767 948101482
55886655 621268153
293695046 54813998
980826984 223945594
25233121 47914795
252728113 69932394
10832311 39046633
470910338 483104281
70879844 439226009
932395592 759347955
875732677 345019785
118967539 614273485
662425981 153986224
3102966 187117918
170724978 219491880
918737486 273094081
292281168 882112686
356603892 79446776
463738373 23923236
619765354 21376355
953074499 958472719
2430005 451505743
447507713 589874202
303927900 19116643
755536123 792122001
54711021 741834800
368680749 58210534
224835448 895957161
505317468 852764208
939892626 20224422
14769293 455890855
15484242 686180
615840140 731607850
310076888 48146434
995543398 313913785
601662403 125115907
168759535 348854779
693092790 412992207
435146301 170166969
778245852 638582833
269690667 88429921
37029215 809827289
769681368 556411012
901214963 105796570
960827685 931760728
65502026 806854957
217872186 58382646
169212574 11012653
281636866 297343006
706957867 274654490
431559082 450458927
979040433 523659927
845381926 764684335
565203190 520255531
187355308 50563848
469897282 632382147
309980726 544931401
643445985 126540078
889594373 633770913
321522853 426858144
101653785 57559144
109988705 455124272
262084538 418533398
445493615 158298202
180977650 990801610
727237163 411920253
72347151 569828292
193563254 373551198
250340646 67181034
543553332 876079523
528338316 38427207
639318990 975633753
962316124 620197001
469944497 539558768
76265204 695069055
417223116 284259385
832380279 580949920
119203094 336259822
166311755 685858182
151982342 538687530
668281500 465157742
87792410 354649197
386680280 271535290
445302353 515768986
482856497 654419056
16146351 46327927
671637023 183072184
936220352 32926003
702108635 383360866
501747726 138454493
361844709 608164189
435441579 787324903
151962495 21131073
749559210 284503465
486281007 251824838
280671908 785147103
487338305 131829323
116130359 608405289
675120194 765656913
176019842 180663434
957779335 535167229
760356267 60042729
367680420 439377561
473554521 705701779
689108213 440608275
187420730 770714551
20305433 777802364
160125823 361172201
964919409 728893066
46809178 671115424
167090341 192337687
212828040 67563447
66341663 865346976
529194178 67894001
480148623 577768135
511816009 209213806
553235558 107598034
164186211 704378678
977526619 4142120
48514519 432258486
472337385 861106140
585928309 525910078
10121934 71842329
985983625 115125887
270304654 223401147
593657963 256628499
838274286 46282679
940411122 18935797
75372409 855870381
506908667 312224517
28585469 918077022
968358631 905446534
831525904 380349231
152428314 934537632
104120965 537244586
700377213 114039006
137869815 103392253
72060925 177884848
752783174 821353849
549413386 621754346
972604436 855511317
583374105 486011971
371221832 668371433
771076130 809117911
16267660 977864627
839926051 236298918
862912463 312191317
524231579 962922771
670744004 751593300
39278351 316416101
182296160 383000155
152561033 189340746
308535392 384215479
778590740 37271630
59214528 967904729
245090113 842931305
70839622 144323286
598662565 119864175
395401973 671264490
696750681 71109021
706624666 495329521
708269433 345484563
136207683 43929835
842553509 685701716
559416002 82517122
749692291 26572487
962481198 275094909
665470011 559606586
70309474 162179145
6435321 656819802
277195901 842531960
930735983 277450556
469561953 440725824
758951760 603088855
929654580 57058810
98766038 48570247
353346018 282664615
902591037 608327052
612178328 565289572
901973830 914664329
449442890 992551416
524058549 704579590
584475951 484003918
815137235 589359342
898538304 580191987
962174188 347162129
438878140 313127064
779702226 34735011
241403047 337494930
647012185 696284347
382288710 217189469
42791640 374468053
921479844 677546005
602848431 456517457
296517136 86249211
218062012 880226290
829350813 195399415
287267557 305770336
946225825 743446032
788290449 180041894
953004599 96890101
946790446 882175157
892073917 858112375
649743788 687287519
143562070 38101261
382370560 770645340
919660649 301335375
762773410 144881608
617994272 407053435
599693840 932310435
952800234 280096755
990725705 349592272
577200634 310426301
427289683 543459351
187563462 250154498
234606262 843759011
782763656 928924048
19314429 351331716
447610304 197961304
861761084 123272750
396187056 282837232
621408133 660479225
950013919 774673425
250540658 66584735
334130071 882539290
73150367 393622465
586720359 209327244
588083500 700596066
181649569 198851724
795207999 446721386
206368733 885299044
414488704 334404388
473889140 461122562
628245660 602250176
600816390 884870776
125959874 62644433
682571509 201366138
409909801 737046226
492221159 565558756
35006599 309496730
424306248 831017777
887612060 956515563
961984710 547130372
136202918 626700520
668176595 332589987
705251050 655162009
216216102 771969399
977745457 164050025
649079866 910234510
832581704 798177961
162617550 639248665
910658687 319923723
149219939 534013166
404322347 834620967
102042306 212975622
886840612 506584057
706054515 590099456
75552840 978938977
84122183 356132253
224493558 431997602
377955279 646569794
8567443 197757668
41309153 717495162
37264136 234138803
320700443 734863217
7080259 639184253
628244568 939582842
852452530 615064343
626942268 410441609
724139723 250623545
872091822 792697273
261181319 827667709
460150361 34380487
575108577 429340004
790680106 309489814
905313884 957433809
336464596 538930858
166836602 787954060
821513295 992482477
242819654 982968128
111613525 4142829
284546251 362258302
808655588 580023003
272143515 909972792
188435647 570943885
952066889 966943302
136936941 696289852
149923567 905779685
577736248 353955015
492527785 886991667
13445551 543472687
620491544 359650228
32394532 18409241
31174367 380985808
380933807 256777296
928557866 164431698
107728938 397934912
39639074 741309419
51630515 39024251
27519354 703442861
664509997 145183289
133888742 133483920
62802878 999559376
8205981 910839281
339620434 497095487
618495455 172890382
589933079 657561513
496225130 553302411
269998591 409370066
842034692 690233072
6919746 928469412
596802804 364408873
931942105 911730093
331421832 939486724
389254660 37027230
439382160 31155638
127928004 947194061
73470176 805811031
131806050 94039220
606763475 475780193
637043686 727703408
132969156 939919925
525671585 788124227
48051347 768740503
685352100 794291218
524308006 744737837
523674694 593662952
507827428 410535171
522711970 4033393
608394043 656924938
95631639 126196096
218003228 539290260
409499590 32995976
669145210 133926617
362786327 129178920
474345423 844230774
750650421 846534808
900310166 9207784
510691981 534543165
402136018 773234710
82774099 497537819
465931910 110331077
70998525 596673116
311504955 741108002
576708550 965368270
855844221 130580539
129170476 100778850
757992030 116076934
655598194 69041326
651069681 99588952
237794591 570351980
529235920 575415663
498070653 117523961
26832534 886088553
698105115 33120727
306791 870778698
24696396 527878699
518055012 37313017
546771110 671218752
194464823 183861189
106099843 106821634
522239117 134395609
911294595 365456004
769652630 407825868
549648393 406284411
65061255 316435
849314233 345848000
152667928 913028748
233625088 488877778
229413894 539140597
704036236 30821200
42471314 828675442
462790608 283355268
68614912 944096523
90890625 13967573
880223770 250833964
807523099 718785872
666609067 905261092
179285853 788086311
573754373 376312486
311765449 637566768
641210235 744125515
605752614 68360292
336732902 416261901
848652797 150821475
909302820 473796813
681661727 442754284
896715412 951016911
812004893 772769126
894952860 7141688
601204175 506154841
407927588 843403671
619470030 186122485
737453592 69569881
502149625 699706762
28084968 594203476
699115764 966227982
351625229 554759998
599658660 592534938
462729339 328743475
550089141 51529196
635860528 658602802
247139604 15785959
689204908 4909470
24076404 320485391
385071989 792345027
217642702 270771983
574834835 252449607
164770522 725613106
720028435 864311229
690745752 41983468
306028421 23307031
858105545 58884178
926396541 340236334
313083253 531065247
448810261 283472701
229240422 307484334
736561001 525151331
627355308 959993218
9218329 220801572
513953303 8981952
463829965 402457576
838020544 115279668
493865897 526898299
603174529 795697224
62833116 63263371
92886904 72113296
339081494 309966126
472061064 45198657
337665548 471814746
838542552 886015413
750114294 450303339
240460114 940635624
928412946 42053536
364757797 727340286
835470623 513348765
307049028 88816571
445422562 477183211
602235877 310152969
888504741 31272562
410061058 465672822
898672563 829772039
740691163 879213236
374304477 416021722
834970482 812947479
315522553 783769858
584411150 48951578
211085405 462267389
401345464 67433691
391308392 788484137
686199745 527904154
757240314 39159371
892119099 716307261
180998390 45432841
334459515 589110735
871737287 593273456
745147293 341659645
528464345 937615471
908294912 646836632
195710491 914009433
556352710 344375830
979527044 573554535
643205205 169388816
360538507 489218612
66315480 709827269
989641389 585406783
134162879 34874517
826984170 712954476
73351484 142011784
58429513 820684932
321974980 148951749
93272912 724940209
83812243 492759067
11337100 550073858
480201511 316584060
124199951 765868525
930195908 453452412
838543853 749283528
497041135 712602326
42950334 164123471
979192820 58041575
829693216 12094496
9208927 237037362
560206130 691309634
486919815 448440795
2704664 758141339
315211263 870714668
887257470 254006646
659482147 451349010
943142926 440925442
951805585 293201568
17495033 544101845
566117292 269906059
12198005 608376933
164660507 606881709
787168568 730643086
494363720 912767107
702148865 963285519
780077795 955098799
9428495 815204109
10786651 33701237
180470440 497473166
601517420 877587522
755949459 692511999
947568781 286661921
88043167 847192239
60225149 444613445
48946969 284390481
757973951 533963650
230612571 58916733
201921562 391243988
363895352 748002097
503134488 611745494
860642192 944379977
673589383 104168523
837573315 314988043
59900155 759012761
664100917 141365917
931289676 976867145
959785679 868059020
34047504 604752009
115697277 395299911
374465579 101758378
2568881 559204514
115415868 375386786
539539679 324613972
627664170 67786123
301978367 386087033
286149537 29376289
22181901 923989008
306000015 504854344
949679245 31607934
586030246 96322437
694050048 329556233
518135261 365385088
74799216 145334366
468006384 401077128
11361001 395848460
705485019 206335247
346744830 330483207
6140258 534435114
521717057 387226917
923873677 175459602
519603403 351606180
734747941 355917477
366692794 333705379
904129592 146007782
935024813 269122981
77768602 54235257
121433674 91053329
186224993 924311080
435070392 573199028
409195368 281724256
76115749 549038141
401030606 89249972
791647809 170729408
965924212 140771930
296638658 544306740
35680898 716361385
398101726 814511604
55832291 539543201
758601684 215816514
10459843 774560355
846001251 794770624
560692505 30989237
407931217 65397237
222875160 776636543
616665062 442433998
406735291 315893072
516442734 18083610
419511362 692234202
584469179 115656973
215014064 8497009
520685728 630128062
666329418 81992081
929466487 333962409
214417947 844220502
304091548 2079021
778036082 379363585
198210800 838901007
375877217 35222136
331014999 355404534
378514752 729822151
806278202 728322285
546601513 35928729
707034118 650537700
108707194 272484800
582898347 737703214
584252502 119757234
239708702 15820035
687208227 421899529
421319895 153586945
491247629 70639873
867687507 734714789
896889218 707348991
117786515 168784339
548867252 317590021
278557083 527004498
940460059 54375742
653586421 795288399
377849328 584805497
633211180 535906009
427059891 845409702
34093905 998840164
146303910 362328667
110088825 462079303
654077263 127617105
939233084 980159038
703787514 482801127
555507000 771640297
446355508 821044381
120297868 162156107
494545234 34345369
101673310 682915403
585398248 410208807
345284694 544873526
60326993 421028402
817215264 448097851
722251054 668173004
869519853 397828846
731978208 865907372
251385587 413776838
585743629 274950826
790926568 836081567
132747553 28911171
158235019 81401145
116334793 319963164
258234396 586253751
164713849 436078711
188334047 388968224
674354663 141603776
604955293 415375074
69282445 687604483
170560290 624004170
879046188 682571891
188785600 44026637
414070853 223302117
246238410 705252802
38032797 329143122
968295194 428062821
743241410 899064153
3378316 243204821
60003456 414116795
47034497 671460183
47964779 605300701
389687902 821786898
957791065 55955784
545387530 308170385
490756580 916944429
289262195 763792452
245225196 219479514
997195273 510001919
23293458 785434438
214206784 633992825
956042816 292258187
852702995 999698382
742040605 967888998
660330876 151789566
967294105 702920378
612962301 184947308
96100711 940085514
19930651 473427808
649314684 202579970
890163677 661589637
21321108 104342254
84802129 30677355
852840623 220529217
394259976 757693958
632441484 71305744
811671957 34238765
895566389 703313044
362335761 36503836
20582514 499188908
456599450 312621043
843801173 249000025
397845456 504614453
797680557 301718336
3919958 520449354
573063570 536355115
752171351 303333885
599533280 3499655
79421438 272277246
975996083 16757993
311542013 285831009
72324847 431935874
10742535 350992669
875377852 490630062
26041173 929656718
859446019 367560042
109028902 694244852
379457266 799221720
527784248 323858930
30830716 235789758
729626192 528649744
16354010 180370949
854960055 745442361
921899269 462325306
258408634 651806781
499358778 549831952
69876264 203770448
415575165 460068060
615250648 344852873
377560854 193160728
614554145 90832485
76228365 910580192
945191521 728253761
801180594 342502520
518380919 20547298
210401048 677261252
974357832 600911090
655905941 15731662
311384637 815648889
750915 160680773
70296003 869335145
918192259 76915192
305824970 10371604
493100661 359107423
597239367 386981298
494729857 886776594
656656819 911143135
99123153 855296335
534382985 383258907
651420116 625708408
422026700 214400585
435612349 24272530
52441726 303064369
852744706 91752393
918736426 952152574
385143517 167732967
574081115 88175296
43389133 613481184
487673891 814991851
451340311 869411913
613188245 311718103
708837439 962978268
70600522 876104254
745596560 539351798
204241120 164660417
83221145 711432728
828065655 356994403
47670956 138076010
36153650 811602444
283557473 363311923
716161213 56527366
234827025 15827042
144456129 155847300
222729308 416661257
325694321 42650391
47329443 46870236
782624000 490225208
38789006 423797174
163941928 155635137
222616713 837277205
745221542 41003891
860356416 199156121
715179960 141791601
72055846 638004105
18496678 618680003
309402354 27241805
427175734 493197780
98889503 847970037
914258741 235664117
488396396 428219825
140753909 729061080
353797978 779258455
688153290 756842773
966602674 881992161
2448781 530185897
495198972 12908523
263736601 517722225
988322056 298857274
672648144 946658740
997391465 311567408
71779351 900822678
680741110 743387992
238474965 237414054
63339079 48892385
184406520 27629393
114362942 52804633
790607600 446693996
201588603 48854523
449335602 409056431
511118310 192209308
41161398 22093876
844086057 867100091
624082043 489586428
83472692 610016827
752894206 391284074
627964087 704356512
510295750 150119622
611148203 856065684
873510106 727506364
751038410 909150308
87769929 842572506
59136274 10856323
448573857 231230229
810849350 743336198
722617721 354915397
228161389 40818214
50749159 411907492
13002321 737429699
6313738 461963859
446304513 195228124
471487618 927243221
526172752 677623831
111354355 616871058
924761683 25251903
371459718 791110229
100413671 813539776
72750184 233013455
744139817 928379181
46214984 655139858
791230204 918657722
553719005 965614359
136473478 208755907
486383454 795738680
503883187 424686147
53534729 403498422
619364785 801357150
954594205 174322740
643787378 703250903
336667359 793231674
835188782 668872602
529615128 866523060
881909470 904969524
124701333 583523440
980331713 451940950
756816678 680394915
362911963 241402455
599151776 1718884
791880049 382457518
339991900 806586672
60584078 266545531
166993589 819557477
755666051 417320959
644041613 584032712
395657823 716199200
37383368 781919743
92858490 373130214
460863952 855253270
33951982 715850241
765799185 520364286
115491869 60160576
438232186 879498249
282962725 62491930
978409985 834489200
65770095 490212650
66614814 614305229
963683878 63763884
63600719 604879265
471464631 789985537
665995668 849868751
807328598 114575664
453956337 148864543
58796153 482339938
888722927 121823677
105662043 315348837
907623194 280623543
181771130 694507562
411198084 214356355
771563289 900960328
200358465 298167158
661419967 71103861
437019881 925635406
30812598 153918997
849637401 264962217
993613197 981944228
535993073 202148235
219940503 980858185
584952984 70493404
483463530 730122319
926079668 715128040
330498656 309552290
72349169 638013917
526916633 612342613
459793028 331213905
438330871 34020124
532105886 837722041
450087585 53420754
53763831 836754675
763840129 337865206
315624784 842126525
864527942 592644902
306523365 555625019
732779874 565735594
744634620 112801142
580435085 313243371
222709087 925980119
183906368 767627511
171556569 755881136
35693882 755299071
904851899 192010163
577155328 54414554
482517082 140010361
61373012 976147584
687581583 54338555
832814534 953213071
789200693 694157597
237385249 832131785
566832303 66874656
686921976 951587475
784117087 378473259
100107043 39163768
39047984 655822795
825536827 148210597
874937613 334294382
55751710 454348394
456645992 369215210
871461235 313130687
171151540 723677684
366632476 841348541
867288043 674498986
592187590 726976800
913435401 863473930
875826782 226110924
295602063 650552696
34202264 462877253
17628929 433439037
403635818 178424117
24772968 343019010
730769039 668017642
20329935 683984729
471790086 651091157
509719243 898542900
467622032 402911757
254456045 275580524
69109556 114266058
437359950 404042556
933232831 70541545
942093835 781701059
785512510 58433902
82176709 463365765
336954242 108275455
443704096 380416747
167577508 464644963
366677317 962720702
59352957 785553672
56134753 431312304
779105326 676564353
848150308 205045203
122738583 527195651
851924547 240688160
40127711 944546279
926612215 412823026
62885619 710954284
592020859 417351816
656342271 780933875
52689296 346162055
473238775 359630849
302862078 859110261
753088529 94625088
714437641 805676095
286634823 570116670
115222528 886942643
788622809 398659501
718999476 471788551
57024457 352532961
472454648 453307984
835545181 649849685
105746982 333839628
19935904 59600165
117079705 275891865
641459683 603786134
575192884 603099068
931680310 78261387
519993306 898463259
836856047 949501454
180941556 847168195
646106410 627728076
646027246 677366947
921831494 222155416
980087226 123857678
27514980 82394343
309380427 210892861
474136301 306047827
577386523 336913355
937511690 843460633
307758758 325834039
357055529 126405786
849660653 1414245
590274174 809724894
409260788 64372254
706130816 78621964
563480388 451687052
613113960 27620338
560095594 39443391
63398580 14812549
878441078 270609962
33231019 457006678
19115899 421459238
511726543 452092193
112232983 55076206
706984812 400277316
344212193 72578464
29982481 558804287
317887484 771326660
11419409 341531960
895522189 607104701
111407363 436799866
975007291 594417369
273632832 228364018
379636148 820823111
561136743 181508017
198041384 410904730
52498906 606098797
573605836 382525515
967090243 16337920
239134041 731956533
682741513 604449766
16928393 337187095
128980444 426753219
106006434 753946646
73144110 219240412
219329763 18848055
413678264 147190425
65231639 639947498
250558450 446675209
90002956 37237115
373422235 590067806
333595921 580259230
10433846 196221292
703137146 2173675
248601993 611511086
876242721 926778976
682346272 719945026
432286946 772609242
28352968 940231272
803394333 179526044
190330903 377910023
379184696 328546000
289696223 17090472
20815642 489654783
629866174 141124472
213306291 610012827
921744017 571528907
69019502 277598327
885427707 504521108
453494726 504016458
522519778 92225005
331181231 809462832
60152561 547519125
454616359 199841320
123098137 625010029
314925999 962818711
462266121 215582202
689348299 249611459
26744761 317073383
491534213 581934937
960611300 454653312
734932967 628655848
17093000 67426359
577728901 612213860
676435818 123807011
480994288 869975972
197218189 71172988
669619012 12974564
560048574 424782625
263906971 198058051
787519498 691133714
303654551 186625606
230057797 741091318
936412 884795475
449027461 780858006
737791380 818165303
255092901 919606880
29575147 867042721
7216324 335120869
791122576 9190565
140526275 331258715
905228089 323697722
365180618 550484764
199243807 854618812
610162371 152589861
650811005 735870570
490422494 737984664
822036758 839442409
519217676 278704186
628210349 726252735
770086019 605144822
335620234 562901465
209882688 531475800
230004988 488388102
998006656 389954835
956490193 651660410
571621703 793426811
235126496 847005516
508523481 995337228
985692288 819976696
28025667 68453089
795351566 171064286
458561492 901963582
311834731 4070080
744661148 910964231
495929467 950476104
740414964 597361734
545359271 791360896
910988790 970056104
784754779 266503000
115985663 562932481
857648265 964675364
579339316 640007364
737699877 663610395
646053883 334151052
262779303 78901977
20606590 47034005
414406284 619799517
308160044 782452804
973021654 669004300
858190903 962203803
992129671 49620268
647265047 28082117
16881704 868066410
833757445 157063825
605272905 438409430
467078785 721879791
815595511 983850977
383892685 611227252
921878600 681594341
259789935 179586780
96272597 411877533
626596787 204619394
835449145 439927209
192394534 515787498
173683351 990853388
274591260 367482680
894184977 273919917
241065260 557217462
863009618 694460889
64196783 846069586
213866245 704242112
325291332 197899293
614213980 207948275
742317135 910655437
907189386 198410220
442346101 533741372
941212489 914982535
53095457 563289063
701648725 673767553
801132035 775190128
113661934 736789248
19439500 672293149
590000218 115562507
882873715 528951895
807259745 708841741
298845747 958789419
669565135 227150166
649130634 6300619
574436854 820197530
801084411 130936847
276304426 122074480
675773261 861890029
568333891 147572692
43728651 313137157
266737182 752978854
140032514 623122967
308559644 210936616
581392838 737953162
4498592 750975364
175701292 677069799
36327061 812651844
550036177 27535708
347028968 854817496
786212754 330604347
480244487 171810580
243553554 623025784
222525032 823880111
978845752 92289582
506484483 426919877
100497326 328759834
321366742 646139478
46512226 732906782
810800480 254241989
838446602 36344255
378101286 672378714
554282392 198337193
126244658 370479552
366790602 269090086
305386383 676684167
621303197 186185642
652504526 445952163
363581651 979796554
328490628 64327146
833712757 911506239
673850058 312314267
40933195 947702120
45527740 858616787
452489319 167069381
62179322 97055510
205483416 428620542
709407786 56232651
695369718 973825498
411092852 357476800
908891740 141924808
66780419 466561186
575923689 977790553
875197323 67641478
844626047 330912452
713727935 140901219
259083076 100313185
451794647 47351444
71971619 897043758
229872400 285181788
121572684 672476749
262636586 580290907
781756848 460470916
238937580 394691866
886181254 52915387
466937500 138231940
651685833 789079682
469048711 461536105
534675896 425794185
395415935 146334205
833027412 490342182
960941912 35360600
884556773 345243858
832213098 117546996
11111542 514428076
54423826 505107506
206971476 238045941
927741745 934363861
908440467 66824081
965257387 937991044
877277065 390452877
480440810 687864141
754890065 669059732
108141657 361612573
919179849 8749945
70948073 180693065
12177556 587880112
115884687 45223688
581490073 574620628
122760387 914012918
360353922 674385699
309735939 413066643
324843710 610642941
36144205 926479042
537271424 572110697
55144874 104575819
955907902 109494927
101344926 297219929
767625266 924904767
43155128 403845373
540262620 668225641
222661385 206497449
749740926 289978531
982453924 4830645
979384735 253685926
389105955 922264797
863455881 640752593
175897378 514524865
628267467 852861093
103413441 860630116
156939703 58743110
580875814 144680878
872469989 17469442
590021113 15225833
775932334 15152578
575006695 288270921
893253298 661516441
634536223 796217437
581592915 873849918
459016408 285343390
23338806 458213001
12613832 312123624
801061834 214350328
443494831 778093307
733531833 564181038
329424331 504152826
792891513 851151982
782936929 624137197
914312382 384917028
522567994 58953791
328833796 156519261
836501283 251944001
789011722 930190154
553665644 911726757
801656145 932270273
275695210 721036547
195370401 653477052
837727989 864137816
64478084 806564056
292584170 635331970
793616586 954581462
156102826 161106373
786333188 958040606
512509594 572052297
831864073 945425463
85615009 551104921
586079604 881317200
202363821 68642852
649092388 805349307
837804591 51851969
19482298 668710252
552017050 609461285
661868574 841607807
319521511 600644715
934414586 70666159
513719316 54851988
424843582 549833951
709516448 672371715
88936346 777548693
157498641 627966208
912474119 895859066
2613359 782427447
23081535 111295196
805399238 827938614
358162496 154787116
734078888 399725042
602801357 823396736
870621352 858601283
831076845 487782162
450020320 228450915
228370282 491750847
286956140 615762547
853999955 559982729
431492845 194655478
263198331 244604949
642761735 894761044
906538743 43612973
460290787 654397017
873265828 599958336
20266924 303609523
337743775 457024221
26501655 380397943
87488714 526091324
277358549 765974941
721835086 667838901
610457375 991053695
374538772 796897863
402979634 139158366
623632971 584442898
448296143 642613213
187081701 904865501
208818362 938169476
27632409 585420433
34647613 605343807
538269667 269120956
832353699 806386652
472503423 506210319
109616829 29453457
841176050 517086432
502351712 165889651
889936001 846987689
719116772 374066944
116775480 250008711
41681831 204181398
960464229 759549628
275364744 172787705
349210906 545840941
854169708 861073617
173733294 328774885
59796924 536612393
177810236 798513552
763802598 962662898
110188578 707124225
767470296 993201790
399705988 999721645
591385737 503249158
280477639 27423788
157297007 694795300
883110166 799290304
67522312 779410009
407040993 684750790
38930006 699965576
701388633 713089094
819400797 229304442
558317557 544118633
38062754 886631256
414750191 109917693
799967672 9394739
209241032 927559155
173446059 86098560
57066688 566904033
127165584 538651797
522994527 674291329
990765825 512528941
343721967 634935088
513007770 222695145
190215935 496316016
107044988 380755148
658497506 267862375
29336522 219387583
931879726 965170525
156074544 482970379
261355837 956871234
389315672 646716898
117375151 498584869
259008115 28097494
570293478 495715006
302927030 643325024
562551945 863429094
453305305 70830681
448001 631408153
242499481 650131589
999856128 867500539
753359159 56037381
172274677 755816912
798172664 397186784
507961497 788696578
211156387 837767298
340457061 187348383
590811398 111585852
793131033 361801944
271282289 854912448
12083511 452770691
701342265 651543463
954942597 60079513
610584887 929023467
523401871 52709306
509762375 419635822
841687075 860832166
345991113 29969777
805119187 38139584
50766882 865518621
110733686 822124695
316064828 778690302
738029224 554919764
853019907 177845378
510415685 922021963
67957989 991497087
213312242 641476209
368228956 934567338
645297300 192597727
844066907 256928289
340711639 846979924
31641313 573462498
405608616 75791537
11073905 69757010
361317307 512970107
27605900 116472247
27578118 262253660
120705852 743971261
3160387 55010465
87487886 8742901
227670899 973263550
822484753 473565266
320385879 728349382
33710171 252896682
189343221 947451636
71838853 835028027
269941784 130703398
988192172 543302691
918473423 796099164
337918831 479425511
403268077 189011772
801031027 400347885
8858248 990154897
885417954 635151361
148149627 146289352
963809255 378122196
366418404 920371058
392584755 947361657
16663462 916893636
669894523 51533542
679694824 105479962
675297527 685725561
665478548 925861232
96325348 297734768
922730457 473850343
305175300 26245487
882675882 538211654
537819929 209201919
341923132 55241847
112492398 890528010
943343244 45406982
246178126 449230687
811358167 631203237
99060106 301083700
596100384 873594027
6872310 164785311
524628397 353150608
646403310 515761947
271144586 348871282
757223883 342126090
571523333 318990995
502220142 940567085
140747056 421723865
162731965 719625517
777201763 412294989
136075040 337703958
253458359 284675740
604188419 995912151
910237324 510506137
799731288 180943299
668215556 801855673
16752147 963846675
816758405 618818710
366454699 494990946
515100731 347973228
540281760 645022255
554784659 4710814
981411823 63336798
276702401 311397171
63770271 423740600
528268604 184436819
605940793 488783975
848808509 933360843
949517895 107639419
547690307 426138509
667916764 622654311
453288082 368294704
503366156 135574148
38102958 367693932
827444847 256411789
141169637 187101343
773038498 638114337
25592515 519894091
184610759 624904773
705490077 142291350
92116224 498040031
419294471 179062473
634977271 171469116
667918172 449967314
730502233 705772683
145304381 782879170
561404246 51170399
708386058 850058063
438822947 198613297
133727339 675680594
336963193 43652827
577512138 740720714
98662676 289915167
526461398 611406808
311691828 466217503
305007106 386255169
635641887 508420322
737562884 666679792
946668444 897765845
333682775 51244016
6302841 879817543
661423033 374845046
800995847 649689068
579915693 839921750
479471001 987304282
806973433 7922824
960711945 342196879
567950889 199023789
918304563 105890410
284178443 341875077
878224504 891334189
637816370 978250100
471786812 557632514
159793779 307200262
654033000 421666163
5786730 122085224
151579112 329810415
370117111 680589547
96962862 843229516
824977849 541389189
744902573 725358144
929131930 292841296
6247775 469446887
466839363 510250249
801423681 54552896
988741794 384488594
862923730 593783216
581782124 242641264
62197654 211573117
47078037 444939085
480489369 255176532
85867225 952817784
299103205 366580676
229828407 494131296
917722123 667472833
590044273 694654493
817789856 320889634
55995532 143096551
391854780 58402082
91774806 938301597
1752189 641269987
645778652 875516991
855100802 951365607
625594352 261939316
110506608 646734997
149811881 813549573
612699761 299772602
881125090 928368736
897374640 690131973
661980345 220314646
899704798 694921866
632150290 429479261
817626800 145027904
132662290 560785551
646282335 131334275
870885284 210224809
383684135 760910994
18963447 340699084
907114184 657576978
721055742 434185664
152200456 355272842
755278831 609764972
700471855 993784548
793197509 117904992
857972873 463777266
477563838 800740171
363778536 961192167
97767645 486090373
327085599 32080346
862408553 11150725
614007176 542632007
474251628 811081325
53468031 918908814
113923382 63820921
534566117 16476529
283016151 694472852
