5000 1000000000
0 100000000
978433172 23597619
59618336 591237958
745521270 774506355
947443646 482948169
593922614 297761912
989921598 421140286
807884976 447803938
71626351 723933925
302787652 227116470
263925222 396084133
320443736 179174746
856023928 321177095
205429460 10164891
171580095 681812281
294891685 103447784
236934043 125143436
110837306 483136533
939743918 967959286
444708106 449684184
302049246 40438672
744339212 33163086
792382679 602355225
393203005 601968505
203338631 233854066
660778526 806193080
379874464 872649249
881497139 307093846
512609818 194698958
673621126 988746493
765829550 845646024
681534753 882541885
134325083 16686464
768000919 647120137
339873765 722769421
25059707 56015929
735069009 163331496
234761449 82753035
320825195 900395053
369505017 320478620
434975296 192189087
26214477 966628463
595670180 30346659
974223245 142459630
384645294 299026949
373824989 30930147
927739959 154330928
445150572 874806270
604255070 747063734
586387947 14276689
17075974 59139021
458684685 817245400
117957462 853658063
594069772 837676523
3475512 42241209
453635875 645654475
309018076 198419629
377810453 475725594
863082291 267316080
986559653 324943202
759446644 904767213
29590555 796173197
206497690 824452016
644802246 317066347
457583843 257941356
960640628 546578224
191564114 791036790
475640572 641421811
80118062 502951751
666675381 783383600
510414465 513118973
899360508 9154373
52319641 388880859
378521265 711219962
597026188 666002629
769589435 957328370
313701036 671831237
901256320 38533178
835496215 240936329
728989293 57006019
115898666 27774433
600997492 890269409
546664456 974482502
121810569 899739849
640488983 186953039
907684132 89728024
269737347 39977017
349847490 305749326
133619898 362955113
7127396 366672718
822948079 550771425
711381263 531737055
408499351 944468685
491179082 122467374
216405486 620434425
682934691 110356298
537477491 777036376
902068010 7191206
228783208 275961215
53510388 352797852
207313747 444744487
161605530 537258213
99041408 886782383
132570807 114614050
927189629 256977559
926649198 819852117
955828892 930391302
662985441 224694888
794237812 382623813
59697339 96967845
582684512 421582402
28945318 398444604
70231294 984182286
574090711 396202945
68730289 46394463
390397822 445532331
946948641 204648463
30898005 148311510
352745655 927967388
38182681 404261378
901834273 744170662
41994252 764221010
947373011 129260147
12306801 675774669
684490883 330546286
330327826 326622944
409745068 787256227
678535097 10776538
524987149 443296325
11675064 166694767
65559335 804849193
715013990 12250677
193895362 5583688
212652952 703403564
848349032 427466305
99157036 606447918
210566376 887094996
942506627 503936898
212495829 229790312
536817665 914083919
903494917 521922183
415990927 712744480
857271571 176124765
153879834 794904933
397074141 632931900
925059602 891136754
123789318 828570650
73209324 276696702
114542964 923454481
309394336 224904485
866594260 259842526
253662508 689620967
617125905 285132899
680610319 879880743
850418145 630121510
698164686 505420844
664758841 153517520
40236146 620019108
400610259 804805806
514108169 840335388
571126703 347238707
635144737 457759113
389859215 783945588
195172432 220628674
190844025 275954090
165598895 493264387
225013049 762673844
681689433 85537132
127140061 148394131
845551089 48693632
128604471 191473388
273721882 626376614
792453471 32760201
242176508 23565995
199511086 58226392
133879494 921009983
394924739 64606313
999685414 512806516
547095298 874575734
126655443 141564994
441769488 212695892
236339716 604693509
351700697 663007234
26406390 910160125
504348811 76293794
416109417 998838477
146275608 459534842
725201443 842749437
500153271 430125299
892812396 214198904
876869475 153004314
72224145 200045070
826877274 505606434
191967330 18152691
815776672 766913376
524072372 947554878
349239162 198856781
439835359 192092779
64287218 298453256
688996416 447664602
828022875 205199826
55240119 813149006
318281410 295459984
830010155 183614063
612061825 5622604
31355138 240877128
371111602 621517492
851416235 525059018
141022387 148563098
143552788 620075078
879131304 664396402
433208115 862276599
5867508 236599255
157417088 499123318
569642440 543608071
238886265 814145348
714418573 134527330
667916317 332604484
596457335 171130351
976052850 362317886
341753598 103501782
307546879 468123485
378874716 459256551
309227858 59299248
369510927 935175186
101534844 206771118
957405530 233575405
510476688 793812140
819930819 864874802
381012520 85042533
832880022 662274877
3582688 367486074
316613985 578706
917191128 934973166
395686007 21540181
14445365 407935657
513399405 457350609
55500705 797348086
986134175 272210162
41609416 429191429
860122796 48930506
923635674 424518250
733958390 751662864
875437580 39647133
884109091 12005787
492018454 193478776
60869791 455340780
773737909 149974204
324574488 476576419
781713962 240074380
741413632 318571013
259449017 960007408
340540942 264066171
777540651 593172051
668301757 129676309
33849421 19110149
423750604 579011587
783272047 235157435
428905149 811369243
37021158 581507082
680322134 143201879
408620682 457398511
218692642 260285268
655567672 667042634
891443697 625048276
850861649 699418206
48653907 997217084
709630522 47640658
647414562 330978070
734037978 830747317
585029110 637676432
808254751 381706482
555657902 782615292
538133370 211257055
799412205 616263503
262237790 643201332
227475354 408141986
585892292 46655498
586927456 951770035
439724202 813495141
559637804 45442149
103283599 6533028
195303858 381810747
605509369 236666387
647529192 928626913
574767600 874662234
285469832 791733924
202531968 901453323
66802834 527633141
509120059 388465432
991918537 906506986
59952308 59004505
81295921 198228413
942084613 520539915
983204247 719856459
379972426 20957260
555976713 21544085
201967396 391670688
817537114 554797123
871877687 777384815
91379360 716989725
486391724 626326916
929341109 124095632
886406063 130968976
452448953 218811183
480245234 265576357
689684878 811828526
623531561 273853115
260689242 589299944
858463372 122680111
688200201 439107931
193189976 405491007
496749513 5383846
125693518 769617807
719672716 914414227
823029554 88110503
339957642 40283399
118718030 524006003
991989180 851510420
697681900 454693569
523488866 797815528
772278240 951947206
112957565 72553305
461840379 48345498
247640662 46664547
253312665 559751607
593188853 447167779
133109012 325045630
535034283 133231065
463674959 296949938
390269577 321783404
309982508 419143676
69983974 558419428
732019478 469207909
559454941 358839792
158568056 499052767
701477069 521843042
95555907 872662716
18870231 818311855
768212845 827450932
61022819 498546288
655414636 927931876
52589211 544792036
990381759 821843018
286989039 151984491
194659430 888355402
854937744 322593548
794514276 262639020
642516469 615680240
902460228 900230044
254568281 862701541
328193170 500970280
871015226 332592604
918429533 63338438
627538139 789429355
51513788 297927627
256595651 557769548
909278790 860220149
810191165 69591259
871289496 253865186
979531990 124270237
981634515 700475286
454719713 851773365
53966106 795089401
734275062 945784684
816604185 644707927
163304559 821764530
654925690 160548062
379948778 634711959
877395822 170219044
548545738 115601872
578819114 978519454
853231797 152623929
396170854 526470186
220446487 748645197
566451679 737174150
81337502 723278000
729638870 574223318
215159997 233720742
402599312 508682274
632543273 745466009
124259028 140938966
908460895 305228439
50345072 788549953
186653979 222449105
293256884 155276566
2172130 610798110
859026421 556050158
259174778 895868277
108116748 633423043
174595949 993306231
329600469 629588086
966741897 11535586
27852720 813691467
624948578 550913567
838947843 579844968
87782863 822152118
85796021 364173401
428660073 992856532
110434485 11336078
712652560 574226380
23800433 590948316
819194469 331070611
11662431 475456249
640780880 642083138
500156792 277190657
27091323 530621336
951355320 973492723
30743254 588490870
2507424 112342579
562048018 127716961
603531188 574506761
460986407 372609027
351022845 678934049
420408270 806430378
820482439 65830153
768869894 484193479
389926884 439271863
72277137 16613489
619432104 571077889
406326393 3929055
416767723 164579619
448013446 771975666
538030282 126771772
647677894 664220841
169205222 921817808
515082765 46641578
621239779 595418695
428906609 204264640
32827115 986663789
969713612 351971416
555213864 652199665
776860478 357096451
101841998 272651750
444811946 944639223
875538446 140335173
648458548 909892237
313055396 465345385
939232202 444350660
953986634 205454481
286285720 838140604
580271811 861772641
435888273 558212413
206203857 208477282
278826989 587659566
928434623 651918205
551922341 772486686
373626328 7401092
621193209 60826814
554122477 126769066
230688747 634214757
289010131 91310085
849129922 898825867
107205603 812585491
170828424 959197006
305472889 641231922
173353867 172909040
751342197 236331815
813056224 745038423
283313853 590208152
834951131 182672524
3314873 649882002
326817177 526546748
797993941 978987268
723455350 196154
457072387 574192193
113332119 362487035
53082934 795230082
27213152 972859673
254291432 302411874
644737536 43528912
456883093 328875104
998880482 415359364
734840382 960216416
524647481 5128248
166831079 232700459
237078908 333618714
128468249 345110763
917195238 757093107
739863393 582754735
968346870 42932150
131559375 576762093
312857325 869748474
824105336 12627962
664759123 597236087
672564212 715274644
30942067 34924170
588174816 847558746
768459994 628084921
46270301 116227406
59188188 199832612
781580432 312479834
383188495 774118680
416749600 712756423
261613774 996470914
721410491 666321863
703582135 593944691
435272849 707079917
512590637 211953313
574218711 40989360
854349527 847793893
743322438 73543916
831410208 734204350
416291226 18344800
172057781 410566349
885637907 692827697
442321161 948385623
368015863 395508325
486756052 701036743
517966605 43665513
56611728 240105257
727956515 392870540
887570171 447252399
615371402 728448
932811160 203168560
33513364 935879905
4227886 115968164
384817438 157768103
716157255 479045546
194997249 494117042
436526514 972815106
620897951 846658375
15121665 38363410
924769628 584438668
298308876 921669734
618814240 386731790
388164460 167857704
208000986 536277308
868090881 7732396
455868153 956501482
183037805 46766566
174065137 847203279
280816022 551437811
52089532 64026375
39667752 70138253
714846807 95937425
104315153 840537239
378314561 344891346
876843267 941614742
692295679 445200144
105097718 632881973
368969114 32834552
805458339 848895168
220508703 259724057
529844233 216854185
277532446 610080103
630967788 261847047
799804460 683107000
92291921 545605138
737131873 499059786
766891524 918933161
82153947 402980668
402276370 150133452
747199033 565393168
294950479 593101090
595484448 80543792
731326162 642101364
28900793 30867557
320661364 741886512
214011954 337152866
294351956 405720295
938184761 533967160
886218325 199265999
882741636 814720223
531335582 100567106
747533900 559013042
31087642 678702653
161345485 310050547
946633718 648404194
706135239 201593924
368664102 464703990
22240767 130173484
316826848 146061156
100835008 597902744
630410783 989707704
173864787 5487446
46215713 442189477
611209099 763843741
95195625 525639551
5548859 2674049
6223294 829115329
1415869 950627199
871013290 760799113
132346221 322481654
816723452 324266519
844500012 631360171
512833991 491417682
750004190 696774725
759479648 25931074
992724972 782801103
746940132 50962072
622111939 891120697
207055536 731040546
154327635 798438102
88775143 370663768
435236496 765646815
683213039 585732049
27756532 770014191
419829236 966011341
785808380 408917894
702543716 924586413
140975527 548121991
679262834 71349111
166712314 272469433
199182739 330960723
133021823 950216521
219337475 142398481
470463936 230976326
661407553 66324897
962084305 673431332
13395855 474565528
680767684 790429498
970679411 983241650
744676146 723915076
642616377 558240842
227980473 984802
757107055 438248164
258582136 256036887
282866023 213201572
197190037 33848778
533815992 16159955
929711543 1526343
207352765 796231010
241063821 872705472
757149973 403294
671074117 961326278
626093089 40782720
861603605 448249553
887429513 949966498
459796918 982216381
820051896 412051007
323289316 140969802
596768091 612183290
176034783 595985819
349122534 315147545
155698669 620485559
976921103 130680068
884987094 301318924
260106833 8048586
992941927 905748199
378917226 179810718
675841008 624094972
73338589 662156882
560514757 647188965
989256050 24858082
165046464 104142747
769601969 864954092
251692477 260596734
374441066 508919601
482611997 798384467
292914992 312082966
967030340 61388992
205283545 629563685
185510684 898520787
463542271 310163596
27146895 30271993
21940098 156875164
760463632 234174727
38491396 615834956
970736915 684700596
221224300 136271540
315497873 407097116
845783908 644095378
803907717 328312895
780255195 801646792
156995953 630371968
66046084 676020444
871737306 922488359
653604949 635769462
628606407 10138335
366812680 919193830
550127174 630716984
423467677 799389852
171936743 901021222
741765078 568367533
601134912 395091840
212868793 970674773
829402471 450304130
866096658 87085424
86085243 849583948
893481199 553023743
862239771 396105825
157140258 268048553
794644461 306534697
998605251 956725304
253387289 758938223
55893419 220066328
936673227 259635939
78730745 364682715
841855413 49620888
940162193 723192503
645075594 149557384
983094936 308939270
14382468 403617548
111217402 68422086
36426462 719213669
330342628 436109079
503251036 936532534
517934667 633888959
49980351 926908167
453891683 789197225
857144657 361926851
153647144 429398882
98331742 227858234
946105560 868096155
943538104 715654816
780220023 746860458
685198387 856179212
940113482 837500168
9783590 973811195
546194268 925748692
687405297 442602186
317692156 587270735
743148402 408194879
563377469 634695774
636311695 738810625
917311349 940613131
478958767 868030747
746016447 5860356
704729408 235420286
225888377 566925339
260997938 471658620
18941125 842809284
840997242 738635597
102764301 411003546
49551760 183255181
377962617 312370394
903415794 62036923
471753335 605989351
560581279 725879485
245140282 742383300
794157981 381978712
528795194 607771805
916186484 568129208
308380337 92326719
593769392 519344109
24004636 402738075
188811618 353247851
802830017 677556807
695209887 705041290
100614691 642109948
51840000 886206980
497763215 713381401
864481057 935434362
945571475 628534559
544828195 46129135
51978625 891880243
374602282 32872522
112448497 598068383
207940830 437308633
521532 221208658
287627502 779698889
540750594 780313179
511025033 933023663
888987557 454540914
367330275 52849155
952504523 459207279
619237814 31196575
186338784 855828688
287413182 31405636
281661074 254386999
748345916 283664917
9305938 481424618
839356788 109872154
29329369 108268882
151513135 913931966
445237154 461640317
845334074 179764818
808244330 493800348
474731237 99052424
423787187 914054021
513772421 763817464
66710085 401214257
522480114 472612510
334962859 3613759
499817226 2736217
780616627 693558128
686671148 668836975
384619503 519621417
965828285 936986885
882415926 19575796
933467303 825667496
654793507 345999616
641614037 567094726
100523924 21687452
937685176 571386164
164362540 112050368
180353989 61690025
462071250 470326148
216639989 232693826
224279857 105009063
144796227 596844541
984887094 471786761
412227890 968849982
277074581 404643121
68147012 932629581
32766275 381205960
56225668 610812629
178278653 17260827
735563261 31194215
449740224 84316830
73172545 238222325
330861647 936273252
23456227 780774232
768089777 131719848
693645053 18312650
745628848 423883335
549824171 392839788
47583322 799117122
514327438 414054081
101619333 71451201
145010762 199584049
157034820 74394635
927544840 170843015
175442546 933928976
575582965 419648884
129931311 234016479
886563008 745772810
606676317 368935088
162573088 292297538
929929250 461201371
261150284 72933493
105879658 760992607
358036865 359267559
584896099 201255260
45426559 919137592
883732735 65701784
510582542 451132145
690054262 369649663
49781617 17797885
195373249 165302044
147027194 895706157
99538976 264837793
477367670 55976882
138245524 224135652
180507835 504341928
429575014 924013151
984792353 882203014
270113182 380303919
896973830 1527981
823710861 961987222
447287369 640708836
964621124 101098105
15978191 716381390
234737178 591586
609565442 905570936
324078890 391176064
45813580 85693395
780052179 581625123
777181602 667595569
756379190 705214528
196656116 714294730
359608763 448543091
98451645 689651259
519039373 156249591
809738104 140715778
306476569 533277232
919883048 419714307
296021651 870747170
975459024 561195526
152207217 90277367
330413049 272525111
110680302 606943357
36037935 374116260
982363528 52138916
32999555 690051779
533774466 405013253
867497483 756528873
202048611 647484503
741572190 128342996
670124405 426538488
350127385 429714722
260013128 125202282
905008477 560278743
440267820 88417747
240075342 88358363
192827834 593651323
398953877 93812346
714894668 345014610
861101535 387367650
54318464 7481702
28900187 622073769
227532217 600711538
165075009 2239043
49574556 449159755
148001606 441808273
4078232 991861105
308728361 763295822
300576856 410919301
455022121 829606815
275420496 373475020
271572107 11184524
643948085 633704880
464995609 807730049
612035460 748331327
285100190 362371277
28002297 315479466
12009323 499408163
57866009 958827207
893286357 211958044
236622762 392618640
383442100 189337266
485948981 42475426
939305958 573150150
581180299 452988863
159333578 458015900
290136893 587105869
921065158 211232346
182287907 17898708
715167682 168237453
961885398 275464068
977726122 72970914
251227701 454685613
987467248 894492274
781811172 609121861
24141830 904429743
3324103 479827045
829224937 614591096
322606477 600297420
885028754 901565131
718145312 924666202
70301314 286518028
436186933 127482774
429008447 475656580
168839874 942966058
799245009 761115612
239823490 69354338
776816965 608672166
608661876 219151536
55014442 769232596
472064857 291789610
140379159 766445119
684213049 176158474
329826851 276761634
405455327 855552302
399628908 106490012
864549976 888479126
777236625 619106865
128387704 3309032
794001463 833433674
354065748 142593007
903889799 340356528
679308745 736121879
204548526 817126165
448051956 13688819
72274779 696197515
959502520 210301112
509008710 169264395
371904060 557320640
414029988 419477232
15074410 608930568
273693108 303954041
636552305 17584560
185112629 149343563
392349252 686433410
256563693 850460140
25281816 34803812
678844195 417966664
755654634 197449958
319983909 861482032
727839735 779898039
286505156 711035351
316788546 31174190
638895315 20936787
622124306 14912453
118442 675769890
42835569 198141082
761051818 925549986
187328685 374608621
30658735 255029144
642888667 38141092
815261857 629487018
859208015 131993546
310803173 895356133
554902054 133167372
571622635 441907256
795739580 775074363
629071265 312539894
374798390 31621324
649598462 692558680
380004601 698481755
395681657 141718777
843059505 497648932
504808079 866179928
206746188 706450057
145139009 703368282
831841404 456506255
710549907 810185413
143127864 925961056
523185166 63436998
699946427 612473803
944720447 869067371
536516996 940785599
273389877 610035754
279905492 730709460
123855879 944859481
201272115 999398082
666356300 597839540
85892588 771421159
832501410 631178458
847948428 1960389
265348392 724743888
373991783 24006785
867318275 421531772
774954003 2908774
429008861 44746538
202922987 93972577
887744097 769388044
371628173 608101507
77215936 28574898
789276252 405585538
254837807 75193750
104865023 919955000
119797350 66469523
273204705 820181026
387169315 189156712
653417135 8038370
369870757 86327866
294949852 65073340
599795506 103164431
894519072 633311773
751790994 56454995
760501749 794347025
385982097 379792984
185740313 718589896
361384320 751387598
49316878 796541978
625281973 65385295
646510494 998940159
821641478 328157142
148785744 981506325
496416850 45482050
849972212 860986398
48115704 165954008
9598236 514634624
832773727 31609021
252284832 624597956
604320877 73714304
311108889 98491416
35417614 474158736
400375143 603320525
909875383 129652927
743320876 33274840
280973273 212919749
771273806 164839766
5769069 478981566
67087481 56284160
877088880 168732841
53869978 12834236
204958051 730826987
543383142 918313996
880547018 625278410
209309393 173566107
710246318 461080051
551479960 222990776
673888284 215765493
900199863 130086610
969880484 346568388
91567347 782367489
952034779 352104503
34947664 30281597
811656921 152007562
919350685 308350500
709208508 64276443
344413924 821076985
577192739 11362481
237510906 63622048
594198452 60599922
515988981 87611363
182356630 193736937
493684656 700288559
897311735 378358726
32994377 777441560
325347208 900927773
924866212 247159505
610542332 854134245
382728422 597395380
473119884 590732410
912576251 686010560
783362422 553207579
485311248 737646102
69825658 774732397
117493273 569858428
361698395 51052021
385898060 637208794
818041444 709982371
760716707 525809856
617234657 125251395
683425887 265760477
370852257 754604810
242107264 167976073
986651771 479607311
443986766 257681724
55860165 354511822
938037715 379325717
279639263 214668199
555963742 972684116
345811622 324963164
671921921 224566496
34162689 478094743
643207444 482400962
656315480 837451874
364744113 305608872
355898392 230287277
273048886 73596771
890408753 480135116
947940550 748320617
52438936 673460214
163919047 86946644
867499973 686941383
276346725 262924897
62334772 17171134
172529422 51798770
383898345 503099584
778857716 573369613
73237989 55141011
501557135 967404762
420826547 14573923
2404119 108918056
98591454 930422851
760174095 68710889
57466231 113167009
41255862 580870834
611735955 196258520
98252435 624174396
899966923 147212963
892616946 674353126
164021178 466214818
561893728 258808880
773331586 539491800
926925106 477487425
108912968 958650924
785085180 752066146
298138548 68951275
612122906 541791617
367522418 852018245
418937899 655947184
877164979 226236107
426703248 942871971
636618669 492938743
265892337 797720117
534559510 52762276
993750969 340657379
522768813 456537490
266505621 119453263
492859058 201278948
67894008 408735934
750285161 607070114
707300507 107024027
11800986 586397751
890570486 599720178
74270740 232095475
207651016 629389814
449147174 854957962
176914325 427165564
783533861 324099219
148824098 72826237
763303657 889006602
397247738 673288344
244891727 493539279
513185004 843776142
131759288 866327588
616647051 302174916
701019528 176891443
18763181 913382596
600992424 320872582
849980396 888790716
814721285 918174605
547933480 393850365
704876815 424417308
48989956 310865789
98233659 60901866
839629412 599007830
967563393 899705363
531366389 399227462
121009374 545798551
918220965 957483565
816165332 154424281
598695975 629620369
349086437 307753249
80433008 220489757
862938651 784415002
39440701 404428317
426777220 999826772
250645131 890863876
891578030 44004291
263176477 260523239
310873903 611461438
746617337 767831040
65426207 717693953
139864043 929827115
404821148 44973612
560884225 596877932
987937606 517013570
428956173 252357479
619343552 28631979
642771750 983125990
910527285 804693298
692410408 826461783
506356177 177121159
811082287 377791052
793132867 286188990
502734624 479575801
467272258 199488974
962369568 581360057
438354436 512957203
650901531 992167049
813302984 33351885
131172926 435181707
699500110 647722143
59164797 715944069
825953882 52940560
919321103 250704736
393598773 820037646
210559469 76639913
38713899 834497894
40137557 869941523
730441743 112943437
987943502 634574067
150100914 806742747
968936986 578579139
78242928 992170634
808235973 923890592
526445219 16333498
855939742 608664523
540164141 850543665
51720887 881632555
820131570 262237331
660542825 978039242
572491612 731858159
827314124 908500564
398673621 524640818
285590847 624610459
487517777 96737713
328289253 928955926
552595650 656966563
785126693 761519709
440164769 177769892
966384681 525721006
334801772 815013172
203891809 716741483
562320930 892682806
137103357 147562650
989781448 443578738
153785974 214477412
23271656 978517779
18053380 170017942
718909197 558182698
579625770 583365667
385195849 273252905
891534631 29271967
183719599 658242408
966731395 595489735
368596697 923946915
942781064 135301621
492203106 8532857
475623621 895780524
281539949 4522480
25293195 596245009
112244765 625973997
223188597 914930798
6310171 387619260
868752601 614762673
374211091 635323790
196214872 77244140
207489079 141282805
213522260 65152723
236708539 107990377
458914675 82553409
318644567 179362758
18200609 627195828
715494088 491630796
213551372 745229516
823954254 100783774
446736550 551946448
723008304 375417924
82325158 128649001
171349300 471300137
2339974 164483556
423675176 992987806
93832712 47879220
275265116 810217557
661883818 924439790
294267428 988067046
891079990 835404044
208526939 798176590
157658676 191530539
184730587 843547243
644626037 401390861
631489798 411751297
37574281 23468566
525704257 868305080
555399242 810576340
705116787 57195931
430950736 498943856
315637130 257534874
693935482 900049725
372504310 705010825
846269291 589280050
475955756 448376096
134649098 708687719
493284133 802889593
641766914 776578203
764241117 959053205
311231040 537454254
830214100 704662487
602092664 335209255
982044816 596822919
855952543 9929647
183547417 657378641
851222130 613634195
35516539 813437891
807514094 354065222
820074311 935216594
986859478 873773278
364380179 470806870
892865585 241355922
17425654 900144521
214413513 572465730
560274189 269806988
440251821 215947503
935729400 209900258
702690736 569548094
869338461 737464307
734414055 681718778
940885348 25774731
201711407 40899727
105423674 213380696
856024741 962253712
328213647 999464815
766947884 907550001
79165719 352746696
37151209 509247438
309700877 186151613
303726539 453723746
363547563 891870607
647879165 110158609
492466 842120161
217331058 50981279
575653865 856158523
478100066 948869622
479323542 748165257
178891974 997456547
510745351 841737881
724167390 444924761
291564556 933469345
406813611 357193582
276595322 2244789
49458550 977539161
214684842 441295446
727204935 757995578
427727863 109353183
13482095 356291666
540007235 757930517
708445439 861888391
25717618 55591071
911181390 545133793
59266031 578542219
868870263 868067856
699882787 251160519
833463769 280631779
494074624 236056742
663393685 499850962
2584955 643077729
96143891 574717301
187385101 761786258
765624190 212295435
469758258 38382266
300767811 553860084
680439530 798343356
54094741 252925495
460114747 901724001
173556205 814793725
404262317 28944849
746926979 795773460
658190029 826088737
68548309 337266286
182902442 16518848
683290921 2105502
987224923 183327495
659258115 913344098
146052983 780557747
236450478 228008468
743338139 110583394
589039801 839133495
937391592 193610520
669063287 306570480
877379202 497275581
163071614 417662602
627232786 927008669
972877608 312885745
907842885 119239143
777233685 19541559
215770187 847489582
149766056 993587732
128816472 67865066
683899269 921872990
545761575 667529208
567844633 605956245
965410674 294469398
494619922 811592537
289512827 858518633
578961123 420963057
518030471 481916919
93302081 698153926
377919581 711129388
21970089 562280678
360420811 514953561
917928919 47832707
913512737 617035312
356807248 140848241
231290036 983546954
725794522 65480875
230954845 55699873
503662078 609974734
315933431 21764119
170487949 607539612
399856357 949610477
198638104 531064699
306893449 958300748
788483959 316048115
916693966 282684352
127794499 2659892
611906975 639690423
838348379 48144012
986434158 971499015
987675235 794874102
340397742 301600613
803849280 493781128
730480473 188632559
398289054 40852735
659300459 334754979
306674794 900164415
247104357 234156262
553605976 34982348
631938507 418745598
388384350 615725904
819654566 79970967
839373367 850641177
573782530 730373442
423257570 667141529
755369329 872721650
115132704 474633956
38877319 3817084
400048889 598274357
888782428 699359265
69290039 309975401
101793037 665034748
56258537 751994754
420633659 89924243
58714593 15193893
270572426 39646028
790948664 257066014
273365283 4432115
95263942 491118807
768288819 487104569
94079914 383313124
4331370 893271601
643698631 457373050
519899005 240165585
607040580 380991986
87257509 684024695
944825867 144389707
507805213 981214561
961688139 836318630
972737191 284184628
592057591 722388168
684441864 460640374
135976773 584383643
1441159 494397972
665779759 67001517
107005299 146905820
809289973 64517552
127896986 68797187
646135705 409609208
292491474 66178977
906809698 380951040
391542388 849337137
694944601 955448037
57261787 714985491
176107215 215631082
345340906 47222025
716001238 165235698
650953604 710737852
321414083 257491977
190413330 377536824
489412530 184376284
185849600 483620972
842860290 115500860
910112064 898092203
879512021 534747550
549923269 631859246
244454289 600182942
109226505 291408528
747807074 396455544
393396872 908536656
463190197 636863630
738286915 220048467
308573631 889327077
558045246 355834975
560835060 620771751
490122242 92113313
189057680 912442786
990175772 660464680
79556369 404187336
524262300 416772199
490266555 499404205
874801047 918997431
249508883 504028428
232335781 790787283
920977765 952506435
917393507 993624666
902273342 88835026
593402866 33014097
932075506 682205664
256865399 572490142
604668695 334134453
13488281 613410446
924366856 709837121
894643206 377506128
14543459 261548436
901909998 197340023
235467403 506951524
312942470 151304572
940846119 94486155
142135943 369810746
495133857 276971398
198678444 938827888
35871145 318509558
36920119 327032643
390858671 15752995
135318893 926534329
740231276 741796980
557737238 232176447
97042778 719468024
958347774 945541924
532488759 629184737
216406391 275542299
335328134 223907331
594536148 310604477
726709518 984347737
830620143 808961797
361548889 854879105
638500260 175673555
164545334 388480571
510568019 332487017
247322167 972381422
44587106 447009521
717984564 503703587
162047673 997305077
14253509 473680648
629756229 990899428
981237709 838165998
399248246 150074516
473142251 927549643
765301440 694350011
699713542 28160951
605377821 130643317
874674634 339567476
879961993 820321985
904519461 971872224
140577925 890290948
453170377 802747010
372574870 847263108
825212077 964103938
623678147 125933806
3894413 41707439
967898906 750567889
171650149 756350971
697528619 930326817
869188858 136847098
408008843 63073973
341843537 764844520
458369362 115305417
778235446 142388896
103119517 156915068
261387958 57568805
516261134 157118291
423351461 515553053
970430791 82628020
812342809 782975057
55549042 740698220
373133549 29569839
347467965 998391082
672731456 788452936
895227862 41383937
133019635 202754002
715861363 935520235
745779502 196659239
844667853 932867393
426748636 64132164
172301344 301449283
72567081 466210891
616267052 47591830
109602572 582713857
78641591 940127936
966660280 230824785
33627913 58670254
597448232 506500295
901268334 897550895
221730717 802363414
239504568 518894199
632266263 791788178
197789370 998512541
319732190 936167351
608750030 68812061
711454972 442473376
267563344 685648471
270040512 186617233
29874208 865836301
548156 939223662
769515813 301386729
38659015 115081025
965900741 128809205
762715518 4843959
4024940 148280353
313878716 129119396
661855503 9069504
976611493 33645690
47094175 623245580
156316063 838047703
205656213 914218654
912998870 4393973
105750383 204283638
691126200 965752119
735830316 231605497
47958135 983123874
209798353 953460846
241913483 706218849
280818663 315572352
418089005 520058688
641091835 61179455
833777117 784096050
335599133 400140062
312428765 594909900
920222562 717768567
811291059 441284551
627379555 954602755
849010347 161311874
14369211 436529506
341484114 792401533
323381133 596442265
740522493 649441503
398088699 851683215
474303552 664182513
312527536 520500879
723318647 731940513
334612055 336448457
55529536 24523007
118490402 338383312
470560767 752727749
789086532 579567134
156046169 821651143
181542263 359916428
873842874 713917575
562879351 277124314
984854223 339787940
918725252 653809453
956171020 410090852
648615396 635626636
949403687 259545394
710835039 108150370
153717915 636012826
69906882 137236479
11254054 718259023
331429724 859349271
597479244 99908006
310263940 42915905
893824978 370648088
933813777 910544249
805060931 926243652
78689248 231599263
626765422 817955562
963690322 707831798
109884646 199967857
812461515 408074917
343933825 299637091
588628788 53639993
942811353 838297067
369217658 237452833
48730574 270082910
758397453 388188209
376510466 987339439
676957794 552784160
895983708 164179705
118008945 628889099
997116294 598947833
352483896 268368879
30990446 752643217
510667574 525681202
300851402 490986823
203888368 808666395
18952076 55063747
669392752 795299925
492203378 334283861
144025537 874021232
52659065 621660781
646453876 34224736
27868004 934121761
398065694 869770236
718282297 741164714
873637336 221724800
193766084 69706215
564220862 892898828
203156499 280087769
148968304 411482403
944019448 144400165
821462676 866443053
798596490 111962261
66112850 87089397
35320228 803736471
990379222 673400107
444561253 30189500
853419474 370027235
308587183 143660091
666954489 291326996
379626152 29958251
434481029 932646939
896945724 213049421
430843314 58420
980614296 73544448
4791104 132440072
917384112 705732939
905736694 147203099
822732475 962098711
576014874 514756697
47606449 168469233
746050809 946222226
35264212 511077004
626387301 357436666
365172516 429988669
66198065 799212713
435742442 495802749
866307768 247171097
776670510 292878955
206050644 21407659
295281984 269282888
446189031 66355233
709569843 36335864
307662422 901312293
915498077 117868168
238211848 906068418
615004633 108245411
6957930 318880486
320129797 321520156
823079535 569054182
954692100 922836327
641614089 617236729
905471037 214471455
476674225 482667452
187457754 109885314
680560613 73041324
984641354 466750960
673069732 832981679
272346560 534250352
489115892 547085196
290500530 71102249
850027868 625514606
360377434 692297454
684712811 102073190
110050616 403250604
690589231 40495333
149777550 214913530
49649342 653382726
197088227 725046930
257540785 198327874
20449921 1842896
34298019 586617722
54221302 802349368
127260855 810185969
94404247 208277998
227405584 261047439
845652473 334228797
450575959 648345503
369667446 379195921
301491257 69742417
900290222 87207036
12995045 196779322
855111683 657207349
483572370 205103567
476983067 955786004
663980535 637846253
630197090 843184023
984206033 456940628
120310918 875394913
8670048 765107239
127414521 530202037
984178155 682870126
720786546 325173759
837180216 339051157
192061036 311915084
916356373 237520874
427999398 315022797
184840914 221103650
69551521 842559320
452280772 180514004
153399078 371996647
540470211 360447229
760489149 824035607
783951276 189410171
483471926 822255529
685383137 1902993
860067364 361307653
463131332 841529706
740073566 777688754
48920895 672849038
987242620 22734559
904033088 526801518
188474464 417669342
990139957 612196575
697747114 974276260
75301268 950743190
318950722 49419338
342115669 609693616
765679570 818993806
150542454 826313773
686186058 242411859
283565943 214036080
96649050 173443612
125944539 302922689
117087995 888572565
956831149 14294731
156849383 654628619
249777144 27057183
66382620 263103727
602210638 331964591
812362845 719007063
9113410 202713172
455623345 527136637
60811757 18650183
463365602 91894590
411388014 725600684
881498623 345842588
392464227 852983811
473300443 975378748
897475441 243541941
749742475 391445737
526380481 191056526
8082155 666233359
549604479 585906236
483180059 256039233
952648029 26685139
96757755 280156851
373211151 455069518
582322354 733438144
4213452 683428868
207933484 591043174
209623764 929525559
685698711 732093893
64600292 538631051
867951333 17670820
18177987 229316742
777869646 630557932
554761915 788948244
942545355 126682923
715094549 292821510
249857691 264334610
214770595 584522894
918596290 397985271
750233914 468377796
181065862 133500756
90506546 310770725
890689520 506533702
872821993 869779471
251831633 463628047
741736254 648680518
695615418 456605076
339233558 362998130
25607553 265886176
154895835 561929118
46279876 715871647
194583032 995421371
861711839 692735908
320042335 651788059
813721076 202221156
185999363 613865463
344402795 877003384
922280542 70496745
718601839 712962335
44085738 514875250
269895533 213700281
550037933 950467958
981706137 616513869
322288807 210417083
706628969 641680132
50331746 21972844
15857432 355482796
47264106 783178653
55827748 335425590
515589073 190288829
2345680 433156920
410663338 725807142
554384035 281672044
196462991 669413522
582878439 474132271
977147164 370245794
892935723 118645763
5107570 674212442
67429826 432424206
818459573 948132000
645006402 417884056
427699086 996878784
937253381 725312401
795248042 429904363
401276331 670891529
585391161 846368179
315280022 220423093
470043504 101688465
829914989 497021809
515676167 129891167
838036634 664639672
388916667 404502238
663499468 851555886
233045453 660958770
52007285 376152087
68232578 68297568
54379853 938714845
936740001 924911575
212072141 820851086
276405240 172653285
708917429 493217883
850381784 508223549
898995847 304344859
20521107 723366008
652915466 988295109
724396805 232379793
227800775 548320506
606868233 49204583
808341135 401347705
749453823 140991550
350386675 382691752
70240077 673632062
832661963 864149522
690440411 707481331
73805488 174444003
86653333 785203660
326596481 207183470
20733932 822001308
363077602 888327336
34171990 814452508
42323640 683912618
203890634 73024102
180331695 999738163
274170436 346705787
943749812 514919972
533014855 29031870
914272379 923957506
138645078 403773816
45878010 464663159
412251514 782918227
71574252 2774480
211346368 357126622
212689744 754421633
564831671 749706255
1447911 565244830
314828278 209386427
627575737 122793056
19958163 358565152
513259408 209019557
718362798 728631388
149028988 254866031
173039845 407978996
84805197 861103460
124596190 361506638
665747996 547749196
288802752 52632374
291386563 690704023
98885561 735909469
788718944 392227541
119204473 863874006
571207638 612178748
908340405 353005975
280159052 380775205
406348709 185147646
507195564 124404367
582482823 89817929
187918629 294342810
795694618 192488477
35046057 666043918
416063779 112727040
832104561 310108114
43643627 881179359
282297716 381141365
808334016 11156105
865576691 62136232
78396272 126345521
145021168 695745218
323638738 5909488
629444274 923101499
428830012 259512640
53479233 9859633
120328205 9440131
139754993 769652710
842741284 686685050
32361168 273805888
864098151 833927887
295311159 559167816
715952702 170034827
130315839 680173483
714449430 30419360
864817480 168959292
226452958 183431009
553763956 19349359
827700877 613099012
620627753 678127073
468733338 751481127
358947475 739817676
122583938 456010824
694470687 206534546
366702149 583966028
28553218 156139834
782993386 17231096
416524208 491727086
29213943 431238012
458303589 583291002
876262137 30622947
671141279 580588240
884242178 70746019
943874978 175832711
929522726 935074581
809436659 184803415
444211709 220343282
388746717 504470942
842949413 861188314
931434736 888774367
30564796 188521682
659664765 248138301
23832554 765420480
946139931 915181060
243864149 492457201
278494501 696580897
742206123 564483476
706004281 628027301
761969693 139633468
998647738 516018502
748565470 269354594
141034575 518969309
810436519 983469281
423488610 178350057
924527670 119776376
466903459 268336395
739269578 341265740
730047618 21617287
48360617 718134371
23925432 26361290
9645465 791989802
213718463 15435488
297602668 16375535
854073685 179102457
180535917 646934377
938361341 632781037
941275891 597730092
244890493 72125364
411818967 526374708
280704866 99065581
621181941 884691555
527663991 629006680
82127790 272515578
728326226 264087388
707562342 978123811
621666248 558921090
365670918 157536872
350016371 219749111
64660346 12724792
463162163 712334350
71404851 17700712
446243754 729525436
553438888 143944881
66102462 993852187
777173966 92622380
314880027 67406312
723433379 976995801
730005423 496491269
185305256 823283229
606237740 594881015
242088289 37510718
879096713 857110121
109297367 101170409
236443521 304979623
28733207 790454957
491678739 21872674
534218673 213838974
816348673 472802292
241435706 889724467
160463185 601875794
750978250 388986120
343513039 421015580
411370623 902089244
153165704 7092562
564371448 150078708
852439376 875250587
650406874 146562550
546645821 580807104
427121487 524300527
32717097 877148463
711931522 49733518
287337782 438754425
500474148 955335655
658195010 66049492
124891371 58845424
546812534 45776793
788370445 511577864
721055676 960649416
475580361 628550251
560950340 907774848
198041310 167721407
344959231 503335815
173070354 871175819
985404452 618184
968918189 791482810
140572589 931779023
25900282 101226012
808613850 978256462
217264334 56679140
191963566 249592220
860154361 485615147
707168621 717088561
807503574 93429612
191265061 950209324
96085697 661713415
32662817 113582285
749302427 106528703
646163575 487839995
808645448 166617915
872059772 997647551
847607857 804192904
867079755 1183687
419040707 645099925
329545025 897739492
542311406 237823158
174787971 152995469
419267751 614937378
660436855 691584345
189741670 378136949
182302023 190484104
63506088 970189870
110817634 445220987
123095150 807348786
634080506 226870072
797553340 820043592
493960839 621210343
786674460 728218
613941314 302045784
24190488 844504379
882183851 65029499
722806724 460674204
826849028 516715493
532387378 207475989
962278867 434473810
786938 998666338
511796580 92858909
631639229 985605154
95943748 965284298
56214422 426921050
797367239 729162109
64782766 786654705
675245700 752476288
972812973 208724274
540874452 292968641
142299965 399639629
740699478 32356176
542697872 224026070
757698414 470317286
245363675 708101956
557923777 21726809
474421463 51195250
460327611 458057002
443555392 676537634
604297481 199412728
379891543 879868278
14019103 319146762
924431200 706122358
629456051 588211400
55765539 13994892
197032768 43151938
979948655 621203979
863435396 446418344
322819731 637301668
187582466 754093263
214512355 877413615
3065985 844680115
676445753 168657384
919266956 550012655
826826866 548420207
715182320 431425095
830921452 322798791
920144193 5494559
227680015 681197591
107086420 935810817
148419777 96757484
742035142 158649883
838021360 135524790
598138740 859380158
920927244 125454662
947311105 497837793
559425673 12896599
390319956 979270812
988158306 668488450
95517207 169481901
424523921 569765703
44887353 187060214
314211736 670433675
246286957 260054269
436208636 277776917
469194920 992073322
48099780 42825872
651358887 708694925
775679486 253300364
903251303 65456853
510437179 871748093
35839658 441712218
862808590 96309178
127929209 890643029
254003088 36138496
27802780 727915427
564218847 172199660
893974309 676329541
492782747 79414020
628653795 17852897
327391079 672418735
392403182 490684996
941369454 753577400
10881057 151890391
241291483 674730959
52843931 395619885
22813535 227361032
357719870 789219964
170380464 425104219
308606512 580959262
2827781 588977698
849382749 952261905
962723739 398075037
731117554 424939125
345382195 464362609
945141731 603288336
289197713 357146661
164093030 775862733
330585598 519891364
517337206 704919609
293953223 562998463
79001938 865211653
631374780 375458216
59423482 133137031
212329905 833687415
414238905 589138232
152850944 886296232
451530647 106422839
800094470 679050139
783202530 642965957
461288610 55662354
610698926 25031111
172744377 508584632
608402513 507616327
549861300 316919701
109087974 826353139
382131456 691946650
329505227 731527325
193941389 814898971
750567715 824384953
34409040 619446095
463764565 917342434
85371074 24173267
188665483 138703445
866917726 983637796
666452788 929825141
892925991 546808872
650869891 828671813
365968671 692530854
938906094 30129904
175229649 582959818
482836143 585456198
491081928 224822946
689053766 936200245
31348245 507491491
725042421 382063444
293130190 690429476
12877890 30781531
792381321 856866274
952028026 312939692
343249381 743561850
533946409 348142789
82056450 315570418
480504482 801786572
719986436 11834672
906098301 3380490
467061908 145712771
650749715 588217457
69336926 9212949
505427460 810201869
1317523 25836927
666173874 83286679
34147177 344155957
6775234 931486951
581471127 332970773
948619171 429985915
19741658 1076955
1874175 644817653
228685939 129217201
51372620 416191387
549058982 32261527
797197118 697875926
1391165 517185024
161949521 903902132
175926786 60880438
737002564 221423718
203458632 479259887
794208408 668347074
987746915 488609219
1183764 84766657
444600875 233035180
69712453 827419906
150093950 114066827
297154296 882410310
848318395 291808419
925840575 680655090
777978439 856693532
362729841 921011345
38654220 525110401
176218281 64855374
259252725 301120067
731558982 648353663
643042931 292845108
792472297 193264405
52197883 421340428
14943353 640102956
836843654 726880488
595952291 232288642
451183888 198659014
35944787 660401399
919635993 570614282
908227389 993219090
721038887 50961660
963689047 869651068
228560449 607819079
242611292 66469507
304701558 893244795
373796682 885174168
493454420 575949965
881146340 471974609
31299442 50333265
530072113 989094760
602676198 373796871
418677755 55944506
103067343 686446284
223840081 115027784
32015564 195919397
487157510 215201338
229290628 865366136
203052847 277317335
757804829 666721169
447136681 662380687
834416325 463516448
85171857 262856689
612415276 827368250
743556809 634206517
44709381 599331540
639217274 59998899
197138829 417347148
892275085 99241834
970105598 472232416
698354737 993286522
164008216 8670260
688077144 965901482
764478624 718188752
515588409 488423651
202387679 66339487
338882512 774304947
760009250 322764402
824159065 796743627
247018553 9071995
599917273 346510721
527583481 50191825
824364181 539381583
612257467 490596084
760566937 699725650
84805338 61483071
465017651 210254540
52539959 312991607
925999989 32830113
30202298 786053444
578048438 162815967
896487623 855666098
3856913 8263726
603656142 171025071
864796388 744097381
255019197 840982160
133554003 886066933
746899338 626526861
30610883 281725051
155588782 763331904
377972319 584475698
385302437 496452907
213859735 586605182
528711023 876055343
78855836 887868771
561915666 634791189
677650917 644743947
342297622 251707400
64889773 359747652
350678279 245287705
91652722 46616830
957284855 137554362
638389623 845618386
211620090 236516932
961233731 899820919
892802216 868652145
635732000 91102539
51587229 135058402
97926301 111124432
255574524 928309915
782785549 466011691
63250921 367218562
564923142 594217383
874061835 303422691
608021986 508618288
523251471 245687023
122689 35240664
64086822 618775096
724074117 428701271
115047047 251258423
413879893 248315267
57810919 976345030
814588699 94169564
726795525 19586983
807215494 530809347
285620000 236861691
842075400 239074877
69694844 622875595
527181401 281711348
67780581 375334787
108534258 450267958
32987942 409146737
474775187 577893172
896259982 172874571
610755518 375542468
39754099 505091494
18018361 13544927
790026158 719442560
732041360 931287333
738466842 655438775
347288977 908220501
134318618 179577231
745382606 142052566
211072272 430837040
314789150 514653745
36308711 368952102
799983901 790849171
475805322 435834336
863422887 79254863
237784683 446064689
55501920 889547098
105366269 295534546
866230832 50188748
323262778 267798493
742541760 255728231
803446046 937483092
481886718 842740232
927934506 523693976
444477086 646859063
22837218 430741234
215095446 489777822
650712142 722473742
83942561 525787017
763283069 562673530
50700220 481024618
483303166 400251948
131043246 563556695
968264805 530604026
293084537 897230986
723255757 328186655
663621609 552652000
101756240 297312700
290410509 470736476
34520720 499529301
427917752 614714017
356138289 725339216
52303871 14544250
950136668 263699066
193902016 261102934
343855166 489831809
384419862 40399301
343053959 607971963
741964005 674750973
600492780 507752798
464968532 556735832
297660069 70428036
849732685 549040082
497791472 851022386
462694655 465366159
727661196 948062470
647572829 517433427
525171263 880527498
966181532 211944457
584324432 504634538
678983097 66094909
276584717 454232885
896699889 772819617
137904711 31131230
960895815 889647755
732206033 61321022
863802625 567687541
38337797 53812815
44632107 582601341
97800254 956495859
78206483 962964451
375507295 25869035
518259403 290044302
381051979 999057121
780964779 36955525
813679467 272948446
551353804 546849915
9905707 156011476
861611150 935482429
725610365 316007190
471296019 337943106
409254996 636277979
434783169 932215843
400362026 448194750
750255300 454059039
766143867 582278721
900587657 489237399
104192072 721444677
65554755 404395408
311750805 646791827
783937132 538859828
214267627 6970967
433975098 698727506
602946775 905898656
163820845 396312025
279456617 424506337
566988937 833671264
287955381 993156467
807346387 41723042
228307798 34089488
636617558 501023738
609070822 233771098
935432610 254229227
502994055 117557587
630534152 795513755
168350813 257249
725527583 598728787
46427410 681854036
412724034 54138368
430367313 256479960
298559759 633763509
731038539 929164290
931366377 432819239
487899445 429409352
926688631 45855280
50891719 833801608
58203427 524349773
417298879 953293185
872772252 931162400
550693724 128994389
238774869 861440750
338822372 551640846
893117956 413426721
33675550 588444181
36819748 829765832
551197657 592261052
76753267 442019346
253674596 791822006
710932852 949322967
591726611 926860442
274762477 409822223
638881472 554170468
979995498 861614936
444494663 25052403
865651897 508790132
836471304 59847051
378835821 537236169
674346857 477369941
37038938 790316000
141514322 701893339
465913888 410438631
413970096 539569293
993664921 225792815
778894322 585080638
662625385 439202222
718996367 709220775
17956981 61979006
521124734 364984291
535252844 239866204
407535804 638754290
530295097 734109481
339107274 529738294
2585230 294748781
489087276 343406585
370930533 926195407
240845804 386789861
175385462 12840093
3940372 335393929
786511041 926717260
479983415 344555739
6755847 716491246
452413673 684572337
490741073 615051709
615840067 973049671
688925287 70488727
560252768 78639036
19812698 669648255
721556450 990374805
451065595 68940057
707868526 252436281
792672609 554783791
444655915 618285683
324984423 21864494
917058887 753611506
950489644 802055081
214729587 642815692
352908689 910820566
985181538 150367991
859569342 997329932
304293198 400703951
721722781 154271307
619490418 460670356
24170078 988628916
962566545 61379304
823596017 331658765
644951918 844162901
442130575 20265277
402621265 761001925
463798834 727936982
991163273 957436680
296558872 793472391
304033252 441701457
68682820 688806310
826263097 14624185
532587005 674154412
578510047 428462779
451209806 828824504
839013683 142830263
696412548 753612042
577707029 194392944
461317298 17899144
151486060 73821069
143475248 982616894
301502366 716250395
677869591 515853527
748396568 646938633
320015047 231875109
531874764 313781419
690019170 253853598
95185070 648633912
602474063 721232860
819789110 152405324
231739832 821162524
935667425 167406183
579054604 637787328
693110960 82845803
389741181 452091854
689084840 728500002
183990147 712346478
864750416 922459574
516219223 528621167
174178358 59204919
905459833 58994883
145314410 294671129
510807594 346222079
522103297 812864435
551248627 603906012
946316180 279370945
954717469 468961465
89507518 39765473
898948918 777424406
824347810 30895387
23750290 716616474
35187809 763532627
314137032 16914701
131543977 207264981
64855857 298519520
864360738 41690064
326964076 679479458
2139903 956906203
214374365 95607816
79093619 878575978
397750569 324205293
339520824 979082330
826979771 646751950
164895242 581068395
198544451 772069453
23874344 879422655
388856370 135936431
504023515 818557280
821232191 19280223
972850664 82738616
20449508 968588393
656814108 610223383
616678626 887609600
423218889 188684081
20965817 242303225
496246339 680141469
697739825 421114957
65039713 810927959
739865813 618369947
341853699 370325823
778435698 757926564
807227271 785035928
899909276 792464077
20351314 996292233
381962792 674387360
354172749 450290592
247684531 997332811
73747045 612390474
48641562 14225695
118789898 709991260
687617280 989778962
819411889 588657293
396347212 896731966
356720466 18437880
47761831 184669793
337227755 376181664
107329795 334509147
226797819 588747236
435002639 10630065
46014470 862633999
357386948 31518481
72670489 674443723
516907228 453985220
174157116 211438761
654938196 74833982
483429633 408992410
287058673 930745492
631229693 438529145
49299897 142524160
280298057 160935039
494523254 756971102
404815105 30294220
485854006 711828658
945671877 594583013
556502734 725330336
210772283 520333617
497933650 45552369
315071626 656706427
840351134 18374421
406543841 181146484
709704913 400307614
227474926 931932205
650099917 268739006
51259240 600886177
749245112 308137681
217070982 555691305
508245374 62320851
261460613 374918150
456457292 415623913
868757029 569813467
142437654 408544726
50177068 609062191
17144594 765836932
731118306 835408880
767169851 612216448
756228500 758601195
97543376 858669181
745436946 167040853
923212754 817760976
809656369 910068549
904459145 858716659
85290569 762029623
906525440 364587779
160961975 841744523
172217732 655939137
585430108 818497796
755108137 68910995
415246364 157828938
813030725 73509125
433665377 38121064
383338739 915340099
671645078 570097486
313717137 780824605
747619756 834272080
789723458 633732875
878464152 663561894
533749101 722648997
339997138 949803754
970007868 612077097
893938648 325609885
323100702 32222200
148016809 34131618
198898758 30827034
620274251 879981248
25293609 91593144
146327877 850755109
311687684 923170461
138114853 926366430
169151572 34665405
554858236 821757792
469812828 456947117
914031069 769448194
192874915 438918951
899442018 752012929
516257139 68690311
566606375 405590651
62217050 607000914
145926732 668257780
36143021 229287082
516376567 730786515
404460545 774967770
55702480 27171941
638192048 168085456
751555459 453800922
85401178 98712222
24907329 702099140
720548961 490808824
36014912 525114779
974549355 9590713
71181880 338478140
973434084 461376095
43424739 50265188
932048505 53563274
631485574 340597306
218578079 209914497
491425378 349915843
311622410 173013677
885305921 5701738
911972662 866768411
349804528 463033730
20842209 840856574
331183807 510911676
688403599 401901355
826989571 838676401
213175813 47390363
994693524 416005979
11619535 201650670
430543951 617549979
85673146 581887971
46586517 429016756
161152090 907703520
396634827 913829326
497077125 166769520
674283992 687820148
145295830 404048063
528845226 654297879
175738156 518328095
405053362 820731017
56735784 393695367
406514531 7585921
75143346 333189391
903791798 80675615
132650612 90171765
592489129 149797982
286798173 717648284
591071675 700688035
889311264 646953736
619909746 914747190
174497459 26841442
146186198 511791810
34766033 996640506
200191475 190742488
656079992 72760128
493772891 593430890
119468139 132643147
431003809 866183504
42470065 553455698
790437087 39293639
80415508 464615477
709152305 152343789
614792611 597244917
706834232 386026822
744261936 436466743
12398743 455322170
168054227 339399110
561383802 379059604
666325862 29374478
959826442 919985925
735741958 982673314
381191674 401612447
559894168 895957174
20016893 785598298
134061378 636544422
36026190 461648275
209300462 51996013
497476647 593798536
685847243 893802031
446265418 325914077
751483083 748091312
888264827 175290906
765030949 522434010
495942660 727888170
515321557 792707898
645587759 931501022
299555095 968409987
388341200 280825704
524518384 202737163
682451385 600203233
905611685 47665225
706195779 980804291
336837186 263731293
211128779 905754991
653040149 669912968
398610995 824507304
325922864 443047088
98689373 177338902
642147562 235890397
136459444 386011333
741568606 671502271
853327523 999164323
842717418 434781733
299103515 803671814
770376114 403839111
611575826 681160227
228542747 936365949
34826238 692873624
817477456 900577350
640891998 56824290
132660417 598800194
616393266 575203816
492994719 66957431
105319038 27362671
86654817 823985169
206483658 865533860
894089537 808633563
494723493 286223253
102346944 323323592
434346269 932024503
444004638 92137324
390062409 862874978
806032611 620438146
87619776 304531792
395011161 152693863
966625567 478631971
351495183 816700573
615148935 955902940
667712344 407300169
759302428 901953380
996563658 946760886
892644743 994025734
58958014 736512464
91885941 640230643
647547351 38879913
578082582 164677565
302406516 544713209
137470623 442702045
509568573 175720598
245842120 59472685
497566364 42029567
905305422 213465455
925768000 923127511
447236466 660034756
801681819 9731426
301126265 219392821
437932133 874594314
770975786 136140846
785163799 524305885
703943507 150724861
215436657 301825805
51212867 684762968
565762549 354441070
510214482 328788948
968554089 141164795
427810134 443146351
942707545 685100625
710663724 766790407
934815123 54317873
702032692 65433055
309949609 882921732
729357268 230013987
308640114 341269839
28171763 340772953
158813322 778100803
705555584 665225972
301311181 664358191
563910121 917332678
917464544 798467851
554078885 892297608
54378152 518867696
14789546 772988501
11177423 30081177
99578103 33345067
68634695 809817837
358187020 865626225
217961921 277527149
284514925 499647852
896036658 691037124
461425699 972477641
876478294 493322304
82076218 273305111
789805355 920594003
510882116 898002249
503918709 469602321
925445077 893760824
470317113 774071733
72548100 608158238
520409410 267130908
399555313 444853277
406595743 325897032
5043514 364607926
14310434 276058335
965133188 57401938
876776164 583742122
109916153 858923197
876552125 276155670
429423044 822515110
28699083 401635766
676010902 125565472
82225908 645024191
670163492 704471588
87727196 908873866
834867878 118607628
898629870 344555030
253698393 43536922
712339929 275679620
768735231 403390191
503379728 276556697
11764313 616525332
538240456 290023743
770901685 438439797
782028542 195702276
659142747 402361569
902692335 49018522
306487837 783187083
946308766 991251285
444582608 158704524
536142929 388450992
293709261 10979423
889694228 526189512
989579632 334828899
65236276 795599072
17282457 212355933
247437766 214049243
275425838 132350963
704567583 617211589
483593623 686212146
678784601 858081867
219767616 860430088
833241300 267521086
260035099 222111691
632075442 637979667
368261915 701396145
760629593 288707430
977985466 455291221
847923189 612855923
176527476 213598521
7766515 411263132
24465737 632386110
198352775 560417510
217928256 318291758
589299240 762104443
45217758 966795826
116006671 185010473
170295220 286259036
705078715 925034978
857520335 625536799
433415792 325534522
23906373 19370193
243205299 74820076
658300334 10669360
590913999 942197590
215856039 185180379
914266964 332748792
84530769 893863636
844683667 176913913
690321873 203356932
16639010 458421153
494919886 107891895
253379166 930058720
32901365 527302940
939693541 278822598
809182073 418416071
33623320 257320969
604751756 631370543
76550047 822660483
863567080 994516783
473085668 241195953
824344649 218185609
179702934 159536692
471127023 763993182
64491303 609030740
6835231 427086520
126452304 50345847
629958563 695248640
640055688 14942638
645456454 746973064
348011153 344226347
435887962 710270723
726751723 99889600
619728434 224155400
816358237 923696489
438196904 892316307
311969907 994977988
108372888 817948803
104701691 27863697
626114915 546866717
272658312 718151479
18584172 18588039
890360815 124146495
563254174 482890830
288204237 45716438
603878117 645240289
425295103 452283216
595392945 999730708
48512551 56645536
188363126 242726813
334018862 380025056
911037486 947761818
462018493 856914383
5978325 879306506
305454018 611017806
601885677 9721679
568438258 976092130
39797240 691208883
374455361 97749046
18323455 982792160
894494827 17837974
893487634 459192166
56179822 470819189
534790078 248866360
366701327 867913959
40844440 521359407
259000913 804372264
52790971 793754246
740730368 164550163
549765954 907691613
935005228 971526827
987783373 530359094
292971942 244072342
69106689 400281979
476648581 704937885
34312200 22686453
397353636 684943406
962784525 962574167
514736161 804678618
38092481 103791281
290869728 589616343
75440857 357538813
610242566 51318655
466112398 600212886
428815486 866190543
603998748 871616956
535935352 708773097
762457411 802274577
471771108 67682706
420642761 859056415
410547707 68638901
482286326 40838351
493483447 968683230
796991766 244957428
833114966 247912896
499876859 600219327
41165787 35786926
96082808 659347016
869696397 807364903
995380199 136971
417547382 78220611
348765348 202773607
334965989 32931910
515219088 55785505
519751149 381950231
945554063 22930655
290787 70054589
401326090 938690734
195019492 401402598
918416238 153894781
285354317 279075430
630447275 163235232
374755905 262379952
148587957 724236878
56267814 927091551
21958406 237122083
61345064 822687408
574652443 17158046
22160821 469611013
298492403 205645733
388649216 584981859
958134675 678928380
385710463 979692789
515013765 80864721
124857196 126075783
238539091 926408243
903572295 765959436
750638609 975905430
438013521 83396889
889272017 386483025
651909395 949482855
464065580 944167456
30289365 215943253
461748672 599043235
603048744 228887395
701588652 482107100
567122525 611804600
309369366 782382517
464719372 383723165
9913252 516221304
368971918 748724224
353310728 115050581
961806978 39667441
644431213 389605600
988072268 702341161
290276362 17312912
749301137 876603007
850516632 143675969
900024764 206326129
800575187 64360114
841402493 984016290
703157243 652472585
6940996 934168917
461068630 972931402
450957515 700235510
462188716 535574243
476517258 191162257
174343370 104327459
344758336 968058201
632692736 587336638
97629296 711956003
81691298 524808523
830395617 173727208
25788297 689839558
266890270 57606471
771220628 771057935
816492788 723685376
892542241 20768616
49245430 413425530
190573717 279551484
94788348 589075775
132080346 40431955
533435808 133120378
223780058 594373598
547689920 955844992
499436296 68023408
671203583 315679300
383109080 132615363
914065476 990370529
371244611 605093872
632690233 644445972
90529860 761456888
144608717 121215423
248425821 280556350
866998450 595165032
959564051 415655689
757269984 320850104
743203181 542768134
88848400 643863804
487007609 748338117
381461570 870919335
565529543 793506872
781557816 253803470
777169133 822655543
482361593 644324522
952522241 596114430
741345615 156873242
86042402 467182509
52602952 386650655
433828335 883313095
727664569 340541534
471671822 410220467
41413302 702855329
334670247 870283838
302472219 181963094
412427238 266421272
267660551 44318222
614952829 336289875
112018268 729766400
309689119 818574567
627898432 211427972
3534342 832820528
947242655 543226264
474570350 930554990
156600742 45598814
427464728 448792644
656722761 121534876
188641992 902916921
381919934 931955771
703772871 387534651
723428096 964101576
59102049 459288599
90921294 491384054
968541032 805828098
30282152 336344090
710759344 28421650
832628569 230665133
663659409 948178630
67880296 67373773
436202345 509523579
609811238 308202430
818613526 354861557
69055652 946750050
35299455 922721500
455575353 741804740
963431437 69705275
363982336 375140754
801789739 27074817
272732759 469379230
336565450 627107973
72159328 350749020
26197470 749682428
41682821 704100199
166810595 38366209
384034029 456329981
761525073 246342933
28326919 773876606
585989675 368691739
63916808 66974193
178356342 35563483
549630310 402942846
763388090 355158656
920673881 631763957
699455107 59219994
697827682 919904326
113701090 909519645
457863363 439531783
838741229 890373345
958337539 23168242
578624570 957542432
860588140 121512803
630561640 646413179
491615117 505181918
318806167 794407925
908770744 638263175
690219499 491677558
414579333 722732457
290272268 71530313
332059981 192574512
200630441 477149854
713953200 100287278
83830001 78147849
18171406 806064730
267819032 748045570
380239891 337580940
206789080 654401123
704641829 937420098
833931501 604505325
763284723 175340831
69618072 325472963
629063665 985113190
811310109 783218413
337705942 898037891
267633477 730859478
294679579 200481155
364378845 370304462
205776511 25837719
567885365 316091786
825878918 43189397
43685025 156973727
10600692 38707831
43166204 909392394
807403096 20469722
551657761 626150571
922770300 994332031
427605616 339687877
713452789 42452941
392744014 12904319
69373593 662414158
882133925 87105384
894540803 187861806
639068768 512494827
668528402 27592640
276072944 48403422
638021223 501827320
64607690 562061561
720808938 202453234
542894567 818660950
449483589 392643177
574359874 679763446
586229863 414218048
371549278 604290108
39933443 208422141
896266173 746664560
970771471 286467401
709773930 726081853
607055430 223948914
10087024 67033908
913167014 47152616
603067745 384472903
674779122 774787268
134419152 723940174
66591793 294026813
550418135 15173254
522320685 244100145
82060946 197100557
980548853 718752162
490727586 349662567
170937435 565465909
25443243 87250172
644746615 577625525
10957525 401715351
591907875 914731150
925867600 881474537
287439484 268070994
259075528 823094020
619511655 65474359
299035381 13771487
140629258 315459992
520809998 816365018
306460495 449371249
939155024 220416560
648176229 433607651
837499004 416686214
58201917 437982133
315794775 748041316
452422673 732589008
361685032 626045109
398186202 182022850
371731773 45322313
823529429 779399228
638705766 326140501
692399623 40471955
141030264 192121071
424841141 805802564
372288715 707686290
693242091 272357993
178116029 181369759
815899126 768894277
927498541 35776729
42867690 834706877
544629249 684305384
144195870 485109468
22393248 226804952
111931307 779296334
943629944 258646423
795474928 838498022
452196986 539889787
576769297 903119641
853672345 777765561
938165619 693409664
559992911 932732655
963408193 587558234
737079832 48505755
26297579 250252551
813150196 47847841
76704673 80005262
26207977 535680713
7349725 105661976
716566143 715968575
355940310 628365939
479334210 905985297
87877646 313127824
20416836 426281141
492834245 320099077
945990296 457430400
88813443 517232780
2042839 50761520
934392210 658840706
722294944 327257443
579867777 87792233
9990673 756991517
795853731 256322407
759130447 404885574
866153358 401641668
483415044 921302570
142512284 335253104
574860506 539858935
196066669 681842043
201153028 557850179
123986275 568491674
537445302 676117635
43206437 279336105
6093480 379208597
960678685 287026979
924446360 986170423
19156985 954670252
717927621 856703373
4568365 761830792
983817844 931656607
860373873 569912865
46391151 207329753
94444348 42932100
141755521 471096714
4676430 738790373
241465851 970179685
764049708 241106199
284451378 194425602
283297177 518736661
711556094 477265758
859799330 883502205
523491645 383161175
423468693 839770895
305014094 651075378
117763972 457750065
551451543 71162901
814182086 344096110
665898496 622976652
297777398 136198898
775936885 399735048
787777779 888751632
999110248 88354395
22674526 615122365
306535244 457225278
827958304 163724050
352278299 514753996
986173153 101505998
310083025 634258948
556477330 416218322
971223278 981021258
234694116 889670819
923678200 610559206
14894285 68441066
918002935 459057028
301599499 905511416
315242232 562763187
503714201 999519035
647437451 95506278
46332476 283348939
186401860 225180534
85466105 827089888
993962301 124770846
83590043 426198104
537919891 97412989
497617457 894056757
84608229 3182103
770241422 918845469
877904600 505112916
139263176 329150168
989333909 690755584
191886010 735796694
355621961 660283082
574072962 402129575
44267940 490429125
739509763 522998401
43545179 943129578
222209636 363381949
944263078 550879124
653952655 584625498
924010947 888587010
936788915 799057784
918785649 705988056
602433987 17122782
802068342 394462367
621990388 544214902
529699097 682627904
591466819 769897932
882364584 929316749
883488493 38249362
584112884 234963896
101260021 588574
534444752 297994458
720174241 385359083
121333653 352336238
367407357 914365972
648280993 292053971
953360727 267491036
841906900 172305614
219896257 45787945
547350802 381358597
66119571 373612292
799436995 336149637
512640998 540193050
270195030 69933372
779707930 312624446
977276345 975453568
36134991 845749989
704787171 808420743
524425201 895085481
53988939 772737773
652016678 142532039
501349486 423744817
163556445 46288031
980039501 316823095
648172746 624140603
501624044 31763656
906352355 87817410
374580692 89552653
578205668 115914497
651950994 245380376
147431241 19306218
470851381 600030044
543090007 798873364
137310164 161297712
190787987 284061751
660480262 371373903
251603272 754185137
736981353 715416155
867937798 50558468
848818460 369890645
228338717 539691350
516036676 522072103
745732390 494258160
515566987 918054426
874168955 103083712
402291868 303210592
481921979 636880855
996367528 754970764
452902215 63298282
25315044 875238165
811877063 701868501
248364296 391840215
594360741 402630420
72086993 61838993
535244688 100910153
500635009 98745703
59746042 264354489
978559067 344504162
945285020 789733327
872105256 38759660
949651693 570933143
580280756 406736981
594105518 959465283
727143248 402182224
985850721 231899050
25150289 637131382
795903181 539973572
883376016 467168706
424078972 499253039
686656745 42155283
392362557 260001966
524833213 881189294
409728163 806800549
666598000 675487161
181664643 707863454
557181419 574238401
890662010 51807941
634417178 256028725
905470820 318063728
520966255 114167273
751454438 655531665
35215454 891881108
161804518 874248515
873104863 767147601
95176974 844809027
371342831 624943394
55416652 127216243
973771535 336975209
377571413 491394648
41767362 7306861
889703965 519221917
294246676 815402715
246222432 541165966
549956879 88042306
226976029 727985821
698638660 348820
43635988 927070433
933018952 400118445
538984529 96128402
135736628 924841669
498928281 703232655
379877411 168087037
751325182 912629976
289310391 917613527
378125649 326905620
881506709 590034109
672348329 31236619
269963236 663662713
176148449 718836014
849141202 676654267
53819159 446592267
44206351 412004246
472110895 176113113
616960337 606714371
872672334 355226610
200118990 36362845
916042847 948989011
429138117 787615460
22537104 68240158
671357430 242923579
363226327 785215000
573753636 915921897
890655847 366866220
134106010 557315803
229528124 580275942
443484068 111337440
270765716 415418104
804762385 532298284
330670706 216759481
817195448 272299990
644787741 43010977
984470512 955935834
90277791 846012367
772922646 841543447
22130502 951541891
561773066 764415442
821432360 727509668
43398577 13979442
221346456 407313211
73337206 397772098
492336817 731539958
929001411 239677426
225530067 39242149
838094473 859991957
302772768 178640066
579443645 841746276
948010751 235353057
796347863 632188922
523568538 195091523
54301268 298318295
366328928 14466632
12882997 101908446
630837379 625671161
530862719 671295958
25379962 349409147
811173561 623361772
513662593 168085919
143465329 224921647
876488469 38505044
391230135 356958995
608532344 802112818
560217248 2008047
190519347 397462514
627711429 845604991
959770510 407546096
674588097 737114723
281985050 393382320
687805878 706847134
280065832 414693718
34778312 843204375
53283663 483627
386760866 61785883
379513579 569775392
756600813 840979417
497777304 39145538
321989851 669509605
931275707 143066443
878977442 271698102
538800889 531403538
933699832 692328744
679462589 210455829
203144348 52736506
385322423 835220470
491514830 199050834
794563928 566426107
795632082 95502900
592406615 483626380
597390449 225083662
712752431 932066233
606179959 177258032
47707294 687829682
951208502 759517515
417540135 15600716
44687362 411382010
401000593 102451331
558757043 879101238
574016614 15205873
41218597 676874719
829451894 328767069
13222844 30029625
515570769 15862567
738216153 678524526
319304912 679974365
555917158 14665221
525612685 787270826
214476880 81375858
21607525 462979808
989157383 125809286
898070014 623055222
324324608 792319993
869765692 186444676
31665202 502067175
997753290 475068616
758204829 651784016
156756887 620986404
379128512 819570071
468499797 87368222
176824606 10616580
595134972 786326366
985923266 721409858
440956997 204621620
640489143 790322145
82821424 232618512
756638606 951516885
445595263 558304263
226852316 175012085
353372473 248560469
123191994 267902077
694593576 1396438
681577027 409155469
667930202 774439051
31092250 945505960
68331940 937228315
36282338 342046517
96583962 536335696
230850 320436738
544727960 863881878
258941676 930457020
874194493 401360767
37698059 587917688
890958570 24752961
945539031 4427565
18209991 290928438
435861383 346525239
18890943 468719964
528311127 991309270
905355264 388605651
95247114 101267373
340546172 815935073
704592483 164936260
184677226 200510193
248647595 250043270
386079173 686833168
128897583 738769731
59135692 837130863
226977983 144369071
306857088 836435556
989315119 114972129
198747177 852532840
814215642 370935894
935660754 67264410
552073754 756096363
22208455 673497659
87129809 738429926
699992351 732355632
959063523 655844206
609876525 586310531
65352121 411705102
51018764 279562466
772532672 989071287
206617629 870965791
34618601 193439419
524100736 49273517
477740071 877709394
61373085 861696042
639520499 510987800
578162078 745203920
469742539 745869709
634680562 154821123
59197102 476747412
24764108 84531398
113924001 306859509
585690785 890469957
952570158 169977819
162311086 784945741
27717344 844641878
127631216 370724303
855327689 770777050
689161258 329817441
67162364 53303230
88040291 857402300
903801875 399680191
911344741 692698175
535115177 392287611
969558718 42620267
600793057 694086390
950936771 954973029
167806174 294540568
936356360 846674551
96996681 500013356
806029802 661619088
564078286 5583458
243599878 814894271
325536415 301401166
485332158 29021627
950916080 12948327
297686971 841715807
988325497 206899594
142275174 784277798
465102071 737604725
569357421 10084786
690501547 83844172
209087556 594271052
434905817 184685591
875480482 725464922
295923018 766400065
457488384 52556778
219485899 856336155
439256349 997592624
913694380 968509271
132859773 665953023
564156993 590919309
172265701 279944529
811342693 639387065
235804897 283877061
513402610 139770299
660962110 46098971
917732170 23887318
435259024 11194299
766371538 80176690
153393837 260494381
662138481 870515291
276436784 416296606
589890581 949551039
62380535 249856353
256199982 123313203
388812198 517725802
100153650 158443631
804423714 247861716
827926551 793221773
472742166 65961053
396894428 714813582
860498033 823819749
261068800 281420501
507544806 751333363
476366345 620553898
131252843 796012592
845483519 177012920
885737659 969554666
586839022 522184592
71348692 587093394
821470055 22752291
399628409 250923326
215352832 623636044
602437297 210709800
956295632 301435717
670585926 468205869
369375220 820651053
247366983 479516750
383630092 86793864
914602118 602198835
489780670 834891966
559420955 991963811
32620337 734786714
223882719 97192462
732507029 348047821
887682546 266500611
245968535 18038376
922376502 68950714
29281259 210109287
658888146 170585739
577781199 407690017
110013360 217592949
147722618 425828312
585308926 686445208
264098223 280953903
534393521 35639483
120810290 288989102
651505405 45179591
873356620 834584897
61185501 15893322
12281417 664195510
248598419 229678581
998145020 144950850
29786398 712133150
50869302 899752701
455794373 666408255
684343636 744885601
756072596 725540213
59410605 35811023
953594584 507132930
491686184 94316299
929318053 60358603
294345636 159469243
157967954 910473179
554223501 377915883
262428664 258002398
874530638 96955020
723036150 881438887
714365144 49668848
626409840 236392106
399578144 916277327
11995851 626630787
657314207 409232710
815698994 719061869
673898705 692755539
968513045 614769612
45207222 367729242
977403812 74528676
324582484 12130595
439768408 637225247
798836019 876818906
597925739 892719371
304641504 30799244
48212059 15931224
789336682 767840690
784976748 455794591
805694696 93957790
957027107 590172055
414911473 107406863
106457035 535834014
318595362 754742179
783109619 71948598
587648924 331641182
93533422 13078404
62636675 23531559
173692241 32765395
720049024 85220429
6233977 378582031
898466112 18313722
793164291 37836106
7007218 724518344
188813394 499971132
241130957 951505193
88568077 559096251
412208521 9327356
56442014 50354502
784185569 190251007
13640628 625568640
23918871 826933078
376960449 347954862
970220400 612052233
720797565 441408824
41412018 588901508
183925089 932372013
493940398 296520470
695010861 815077822
614502577 29124721
131842403 35472321
436141073 102001457
109764041 72420399
567423911 821702477
483251179 452750248
176885070 578358439
960667799 264481259
17102953 10213251
168858463 14053982
750965851 27960070
757673242 523067021
875845388 141788607
143134307 12659873
686916458 713037852
175371801 752402417
469577702 106646257
297422813 339477871
436477171 64124916
39520407 58499636
261888907 566935107
667561714 691293698
361186218 813999324
19156444 735617974
619592401 869944611
494706439 335806424
866552452 763344225
571766634 548247826
946800332 256019263
506920896 688579760
389006517 357273167
192492295 717701412
893100241 140280451
905735427 4862084
898553268 672215732
212338873 56252681
487596662 25475356
426872564 29886354
516948276 328766429
563508419 27797538
273247631 489026424
769419769 395624538
94386987 994763095
987150252 250702855
367262769 832970819
287321783 566284181
122419150 3168494
94283320 41946263
595308722 628755562
566331922 308739138
868187026 149984944
868415852 67842031
625845671 219791643
115701040 195575197
361147180 164979946
62332557 961726061
104234467 782081473
944735605 591713572
969923473 214338601
143689504 974616237
934392957 163457035
107330696 714940052
946184694 961356601
839121131 740544907
970812618 534010854
573233228 917659624
1726926 479256360
342154737 558444581
594854494 4043132
625255142 673421664
147547859 828040003
816321657 452414937
701798670 979525439
435602108 859002231
122953973 672338199
13104390 306157634
687467760 296437208
52857459 666925290
161253483 784521329
700978272 70726974
729817688 428549173
609732847 961254071
345023402 957450077
799944585 603899115
849696219 326858116
162470230 116796442
666704231 138975785
294182855 246861221
44687950 848530225
267498253 595597457
89030807 860883810
661387423 663416840
349905608 596434153
746797496 491374041
974237807 783328212
638362071 900383987
193289884 348051609
896011581 106171373
628232292 345164430
650061683 669480834
234847583 42494062
692427201 10793740
24995882 750736603
796445111 481367313
648439014 693187798
929015720 810268084
719237048 882759241
986484010 706272575
108401479 964857982
127609752 794438815
686055233 657977508
72728720 634261991
218885846 865021009
41686646 703267532
897138491 87335931
985153263 757221160
279123497 99579262
422028646 8653175
86653019 484318873
865622922 755348318
639184916 280735601
224506318 901121055
254059414 303828236
128292328 705232677
686472108 766329815
965673298 571544702
355736097 645360161
815036364 140252508
53731399 941331101
414455256 271642260
734381425 18337508
213430077 332428063
900775289 352338417
242580869 448083611
31797051 918962851
654827135 131430346
532560663 988974655
790045374 803150610
692064627 300616427
58401302 393983228
123296055 975968820
125738023 428778678
505521744 445610889
286741194 896843409
555548718 75841214
623901861 88409731
259520581 509265546
501281182 470842022
407359631 896916233
508470111 203582903
651014664 949374010
853990358 356479383
380957489 437691522
429951927 988205518
273739407 439020327
842901753 43097603
216066345 958428886
378117461 435373189
46991629 295686174
446317771 624442566
971561931 451617779
890174492 893895131
128969976 320783916
256917329 637738237
864611500 292570116
37293617 612728842
50619908 7276189
542448848 493088773
773621154 4654457
706559484 317505426
997716008 821725439
305997261 459905403
77736129 615054588
735077918 123575085
576063384 969495327
641480461 801537851
11911262 493745532
896599422 744052699
462223560 897796362
573018518 835279204
580054799 856604709
35921216 402633942
94875759 208764172
410233515 140706386
689364904 530842724
497928906 336706462
30641024 14759346
808745939 841270946
431854911 384143334
745707457 636424173
4316464 556478412
756994770 222213425
144980776 237840025
863455753 379174851
841986295 868451
931570093 528576284
545715448 74601129
543175624 984650587
37645446 985365191
610356905 509409216
717368965 172864643
292651875 980770098
444986838 47000196
27802187 920782010
391277539 167236309
496014206 432523782
780217625 904253798
140509529 365022695
81008999 256469642
474036991 2633939
314108612 1227642
277702871 793533796
142891943 263864018
765959435 12083927
448290190 158206735
759075337 124870542
910122872 845408535
42563846 574061454
481109098 705635504
176773238 969044738
679520749 402532615
608860822 654717110
962797198 102294315
824273890 24115357
140929117 585217168
22265758 354787916
608615279 733246861
240853075 21619580
363577437 57425373
521869895 43737227
728058563 380238115
9499659 197167356
783130561 705082719
236256499 125283827
63931004 945932665
153571731 719679674
409504926 991507902
96415303 835447615
521937 71960156
8551342 677913748
108655946 722909162
44017450 565300077
771422265 568022492
839991649 362381477
589070425 477655311
165293246 659206585
520053606 546164803
977853425 325714763
388881568 592866459
825466987 106384288
433906509 333788191
171772131 443194659
304779573 224975930
655380436 43849439
878680357 828982332
799201788 46858506
305057132 705226713
980731102 300688246
385103457 339927464
483296577 207385629
737622235 305036709
587535791 269909918
78073015 87743407
817181944 646880698
316654422 812786187
151401644 452291542
589635100 45694944
55545251 947050364
551941362 151863225
224182394 812267738
45771973 147204614
396587020 683212097
514145797 30898075
294441981 838197671
642992935 420156463
263447860 632405286
190531363 709423326
69241946 750279548
192736247 47195816
143708769 760080265
618873122 58370288
313281272 561112531
845378089 721258494
944723736 354238213
800765206 136692605
499425658 209934955
634568948 337390845
832759582 307316856
56822355 883055218
352880070 770571585
54021067 643049651
736107129 28941056
13500017 250105340
354234368 290507921
44066405 929987693
184352108 801583096
811107140 781194377
726021262 367841497
52153012 315811768
663478398 545960702
164171488 80939717
493409301 916679893
19796208 25835616
381823091 397693424
643292570 613008285
839404409 301215107
885165454 306027123
846503504 546573545
440408583 170645566
944415712 838834719
422617409 557115454
555204442 370902599
945780477 600979478
267616943 344359975
524286719 542702158
499092758 718983848
439451536 422967505
828897674 854185815
113000444 523335535
2186570 822200551
668165909 330180188
900453975 170486189
571647407 317170863
76589561 576803363
536959266 104076005
509866810 585485158
508510667 507786587
335733098 678050231
538429835 895526615
500467354 425662205
186571335 430873344
202094113 606960962
739460198 64055008
518189849 628539698
583906646 456185195
115338979 911842463
915422727 607041008
219322271 581757184
306735470 47675559
592721589 121727469
684450563 220283183
478715727 404858788
18558276 750513925
215837916 248764807
715253808 358364173
302600591 9855132
426977229 620127503
59700445 480399884
714005154 295147062
184115715 308973988
270286910 61439379
605947518 534576215
632254383 405562776
89997457 127869626
746843659 184397725
803175875 794006407
801101035 152266334
668559710 634697243
280299755 716988539
348596976 293090551
991756331 367260407
162641102 105674819
22878417 139310010
896115340 72986694
549715845 165137423
986425223 501542895
768124404 112843559
821824859 95049552
676317517 298248340
195773037 86003229
937691335 246015694
726825059 448319025
268274713 69813681
360010406 2014730
10579967 375756029
350266599 410442568
346750653 689452757
32358807 111162674
436019860 701866561
851236974 729036593
970076238 38548908
326722789 201704274
989031352 847452519
647605435 534928584
294770722 320680484
756862580 122708584
462114529 66804090
919396309 697358636
77931981 679764585
444374122 991872689
315712963 232216523
373957632 737156025
443093285 555324136
400378155 35153064
443710037 263097317
749137857 34686475
14330430 890631758
438500189 15577870
381343435 891626387
504810973 111475713
345336173 45493127
382883301 441325276
513217945 870572261
326020442 469414839
685145927 4456388
202360807 183867216
60027253 254915622
35860859 872678794
259630243 805788270
144727241 128236521
433919316 536349668
877167047 407993367
553446035 12101427
870812720 12297825
4222059 482354412
278108674 840066106
75139694 360752641
367725056 708534967
673772079 565271115
576199217 303537426
934360520 898113796
525243999 63125288
497287765 949286221
562796185 953346043
385640055 671195305
827805105 546665520
257796306 550698368
985819071 508770450
626536079 304466334
636024988 798016653
379810266 393447601
389053032 977929396
341936229 986576590
394779653 53935419
63270883 522160877
615096218 201790590
206939791 309365096
693700881 430435704
270663075 136324736
497310872 578572877
873448417 992524504
253865252 614706880
303311374 945650680
288570089 607656637
957182833 279798476
356835811 294417617
419687512 861895202
722212945 392989869
392851603 810998576
684227893 291560872
190644727 575614475
998438613 703191353
568553180 18758704
525295933 549601664
707594400 469013248
66126521 958370750
164981282 93243
59048543 267453145
421514823 750314125
683431046 438272473
658273913 839442430
119318853 181296750
646062371 514090112
625466620 563735399
11833399 406619749
919330511 551140156
322969512 22986470
671291683 736029317
326855664 196115613
374415395 221510273
451283082 842122763
811823166 618544016
460080761 461138963
47608486 50494904
409791 604294269
310136276 271158565
453260520 274277493
546336768 527886498
44223356 660697866
57157544 284282913
593523857 882863023
246624787 499158329
42819126 846166204
189480899 839255970
473709321 474435054
58623748 857448378
829203107 687278819
961155173 769104131
200574502 753495455
708235065 751309986
817403062 610374922
66663956 913742818
528935932 633230192
650090326 866532015
62669988 1853183
291356569 33120283
848161505 664682061
496953409 339118814
322334949 195057359
645620725 15033805
390543721 23570786
6081822 110819435
484523050 46834374
56702574 9466196
512693866 570592799
66341715 915488979
260399467 334419828
19137673 489049422
534911223 207081519
53474949 192691156
686723547 700836258
360214539 530655383
22839400 861565311
816657050 811314027
965316337 51483743
447921913 728539723
69253710 402812988
886837684 466586580
744716896 278673144
398961560 402256328
911942787 216588500
463233082 404317068
254256670 952954617
139146350 878182571
657946905 44790770
768658640 186159954
438527072 531425328
611511359 255376081
49119844 972208262
889160284 45341727
943904667 786705578
689031696 55678039
817494268 929466298
55375875 651927861
252887684 498824372
530446630 694340507
377003443 532396285
997998890 763352078
113235983 958101211
640297222 204264760
547752352 363397114
418602357 916203623
303401843 730609643
929848693 75173901
174063127 32291999
934643913 707850814
914481187 87481074
850935417 387851061
627127470 89144604
476580685 4421070
336574933 65237309
604203093 948312078
570928953 748333529
11845475 853879192
762129535 452643417
199277456 348400182
391022542 211827078
89183156 841359957
803589204 998556690
663071982 394794888
181649601 540610320
636434209 2180868
996572618 472521334
952538484 874704930
953324711 199087010
357551313 251080417
712689046 20199378
236454503 763684450
472401494 631670443
456608296 74005354
441456812 76154035
177112396 507354851
911306978 28443606
403329229 30828635
850603075 498448357
769557480 8355972
392779680 606586131
214711970 742398898
772818383 702424695
475826241 907641952
640529958 892358284
589528527 877098411
561187588 869077940
654119067 276628950
670732361 486498992
894588087 506142916
76108248 5224232
324329339 414880385
147620380 567107627
373241344 164471226
966717569 4161189
597117862 394377791
591433718 728947690
426578062 984491912
362777970 74676787
513413153 488890158
143816300 191328539
453091207 535681902
672755553 433000481
399612977 160466346
144636497 79991082
130103888 474788071
53988675 658234108
928113499 341419087
971126973 339923908
621782157 237712816
63381068 826360721
30387557 347010044
24737538 943343318
418504228 394977735
422898163 571003116
547317331 157302732
455144119 950222478
839676730 638248809
227317740 291108955
699788905 551499038
557068721 790013272
799231027 988545810
226213931 211676523
665250350 20657037
347165187 248302561
161217973 856673151
810416870 517763561
564630118 270933240
624155141 748566806
947493029 250970542
72672914 415147489
596378647 988751227
955779145 117668389
29863974 985555164
15624677 411883425
97063044 49076593
886809510 236286586
706288545 371912325
980754386 305124278
896765236 796909436
73026352 730540994
688120503 16777317
45531534 389002477
10770921 34104437
563070525 180266474
86372687 219119229
821065361 515191890
142647981 301027193
490329185 547890976
841217422 841535239
291310220 227080500
892128193 715857895
649395570 870321104
339933656 707234432
21274999 41426717
299345323 256280411
335307140 614373031
140981459 250370470
217290117 140244957
716589872 41204146
699238636 884752531
739596644 502730613
861311277 168589184
278707030 243612936
587543616 263293120
628188847 6945066
771350306 778922066
553625952 224999868
970927188 311936155
725645338 318975555
956938842 912672993
234081493 816892522
783815229 338063313
216405322 774168701
458432010 8447482
640495993 160189423
279752529 750156880
979894819 768486356
776082855 283388586
486541137 281816424
91866404 44390467
208277195 966878854
635669734 425357373
308441762 786546737
293297548 12674585
204531623 215838991
417603515 21646913
451369969 64784361
531471005 876796543
400218 46677036
143682141 767421059
130269187 795740780
162367148 348982369
490659021 145984220
684972352 157075728
785121246 417701847
532177999 913487596
9708832 300899930
675019032 208641076
846508229 926204551
816381530 592257421
875911613 869673507
938788571 81728637
164785215 418111257
301791203 521419249
968312390 63484405
332070846 506704056
144285712 742040682
667950142 790651910
565746336 449323980
170586422 697667058
656334397 116544407
752889600 577391096
702466289 494168038
69290232 634271608
173419787 780308477
982006783 428518452
7151518 68022464
224027897 121960150
198530816 536686393
281405263 247050600
206117195 578063125
472032110 140250
30358239 403802408
506772806 500184704
888581342 808103397
426193612 128971921
119085999 454084583
135365240 205921961
714775932 273631851
682910151 596954439
52949171 22048210
842597306 288662352
771312265 430152740
808841045 781881483
839857522 691083145
120088098 492053539
410451883 512227534
548985516 558493480
746863024 722724838
73379075 587003661
605570246 888938598
34531646 432683051
802910579 895630343
745339893 505886782
864136704 50774822
622127300 602155235
638108926 713951561
987497163 476813856
435694526 817382289
396794672 16858331
765550807 615020361
4469147 84096354
593484452 471933535
11299512 808025570
567870916 29713891
4298424 549837039
473781144 895234702
41352655 906286083
579164361 369536823
890370233 573364727
431291327 478836572
677593903 618452363
471446315 529273759
395322995 760177636
25908349 627818054
449699273 613979913
262894191 578940346
658097914 535218277
304401272 526479112
991779026 985791304
451790938 118952035
841656739 424398694
713427605 493542304
29296064 310412118
3574513 488464568
488642051 41289492
307480568 42878537
29300297 77405824
779748473 604284438
729160688 369038300
30512647 870163331
818539616 528546386
155992952 316529178
120152959 673120364
702886759 208111113
791439931 791859866
820144818 542701730
148241668 783158704
7835899 961041113
265437774 89964901
168788268 180801481
69035795 153420502
847090668 396304175
541640528 21401344
105529899 538431469
967692420 144473417
401310107 942557833
817609781 400097784
732261684 98327468
187827306 936132792
264319919 659869347
469279793 463253273
483759628 21305313
392306203 588056335
503477773 890474363
258675387 79284593
556823736 59240873
402286378 542658683
794009817 24174924
320863110 955839053
749319550 468017253
626454895 390411114
553248889 779963031
298025608 331483450
668322018 731763117
47848699 151891080
148450706 340324373
547539958 773815300
938029993 33316192
284154408 411627202
31163143 485378245
128535621 649533113
112778968 978396060
17110407 305148742
502624257 579828707
157587498 701715366
179890100 66231483
831646703 874187135
438000610 854293229
721466522 962341720
251523010 339827550
202410100 906209052
978076239 392384927
11508937 886695067
993815751 446560352
144686700 289486857
663556398 486012407
531432494 561341566
466155721 477251293
905599338 147598964
864174755 474519601
305611389 838270540
697803276 321925684
25029958 826151625
544222485 26735307
865306538 247907218
306035477 803723264
59497489 953045941
691753766 348396161
235878891 502125599
72605863 592042016
831559717 794170917
157823934 21974609
513216437 185871870
562052045 631645359
301535252 239961414
85662208 509167480
481779645 260242813
845573574 55773195
406577843 13443718
823717201 916621682
43806968 975301929
45401113 246507218
47562007 730699153
986022232 277623292
353520283 930739663
59133067 337685472
518255765 887618645
807855608 907397396
730203163 431173243
956260642 906820690
270620355 215169789
132101974 21317365
939824428 546774139
776213538 182818180
418118006 887704568
691367385 237786656
255468997 26018652
293856272 549250837
574524098 140611570
873213476 786054991
812834329 798930155
301144497 88204000
62365948 68525529
149461276 124427647
228275870 594764084
593912331 231066884
194185913 243110616
284138471 738081773
322979849 592733829
106012257 523799517
111976143 68622429
98910186 609529879
814586703 187277675
264942650 908818439
142707795 694822424
976091850 869214650
525400485 343686323
830791001 785263713
858663576 520154609
550403691 560874194
737524864 510919017
30734277 217142791
64225077 30492183
359336178 70747548
32396180 903489244
61822402 67503189
77594623 860289273
608744646 893103767
498534104 488022679
782798293 58830569
12451594 147323713
306923658 59414653
13427328 338851943
922077891 686094242
543547051 667394014
620201764 272691277
230025984 550832731
359308178 867145370
114552696 599815675
712146872 746394436
637532943 373844158
259801989 560860718
367266373 29909767
25157036 486615262
769023392 494150174
61063202 196053245
907272231 10089135
562313380 573403865
335912425 21350727
459705136 732328931
511658612 546055902
579134599 105777
435935071 548878153
61684911 572575229
484580033 731400131
86327672 102665764
465798582 582973293
853061867 66465447
496659169 29092297
984255452 398800430
403363045 308443970
850133603 201721729
866348267 184561569
754527321 869687309
941420832 17673876
938936286 254906468
546978612 728544819
110430164 20330172
401037019 876184435
9286242 409238384
481994831 521488559
983814001 14059388
234201805 425680424
384116530 109957889
518131476 403816065
216617111 27798982
863298025 570509634
437325781 272569268
613196437 35329367
432620776 17497432
741466469 564679566
96954895 195624038
970374697 176800029
508142156 852431409
781745846 293382681
979032037 916119092
24950117 676756480
912102 818251404
196442001 407332912
79753116 48964218
20994587 605623917
358317339 382314214
926202347 309389151
646843321 142249176
334446181 537577233
756376466 549179389
258192377 436244340
502700802 959031080
492085397 537131738
381756717 773556430
623813679 245376636
768569467 21539719
642260800 293381364
713266452 168514197
69364036 496509123
629937000 261641301
983996219 328044237
287351466 860485839
980046379 164688088
692195152 81302060
753647004 55860751
201140629 607674682
550759962 869390214
967164919 265666538
506785719 771380908
25294777 450321362
583752839 566539227
7400289 190742700
104694562 78071501
790957885 549941973
106732837 124900131
40328151 31807951
996349360 948845280
492442243 323533504
875913194 239157485
323908569 897155824
983686521 417880979
372274 725328463
67537673 490444548
838127151 667661805
798390479 378374098
48340783 86065791
780991740 554290550
640622557 573374177
14775368 200713418
588405408 689548942
25524340 334727823
74600999 32653865
36768956 87813609
925294055 317047801
1805925 98759390
902976148 712867429
674306876 135644378
555708587 971373180
720137737 610171182
221929 959264879
614025502 467468684
671010000 421114900
798235344 42937997
224061737 560836453
69529080 294306348
996849789 925043968
79339633 557748808
