5000 1000000000
0 100000000
98675857 24001061
393793636 869453985
726122790 791258979
634971814 163493587
833911240 591600733
810479320 843647266
379607582 214343405
391217843 959977833
479205267 979343250
864107250 665524586
726783956 70452717
166262232 643681606
406552404 572554051
675032487 132271623
376410059 704587007
689659690 988273687
253335219 904161069
541917228 611729861
565128138 844859135
788825599 573556167
204472211 346875212
2063350 881831347
996473301 957925644
744696299 288149637
52553754 689584605
113265338 485964060
48886320 161933954
277992131 242800829
406117036 829240159
366724716 940919182
983824739 655760637
831332509 978002204
676138479 126220940
968804675 502420182
5997103 337122396
334666702 377266832
284112072 686121571
827719090 741779201
324055965 452777659
855508201 243719236
943672923 51408416
908897903 237749851
505930480 364153975
143402181 65362342
352482830 630756162
74487408 79212402
244289964 902844461
353967223 2323558
916206470 906896772
586035432 778514195
859655064 209714873
667039059 684114028
219302567 202083043
722536781 257863754
65664695 311658298
641904878 459587560
822610839 254974365
283544403 426282086
324670801 813513484
351803678 194298182
734175930 985838126
723210993 871193330
55783912 105651660
517902327 110098740
59514549 631017300
989559899 66339260
547590979 867284311
496148430 992858781
767079024 172037643
879948805 874988752
18848357 536697290
558959417 31964848
43819277 248554897
101631654 20139132
121429141 35685762
955653388 617972954
429355505 218883938
553382193 735176526
705590103 682304795
972945501 665883334
655183553 441589564
17150172 750401041
28246639 30304116
142993536 265342051
171364 262535963
882496284 279977939
960690661 593071529
524890378 741268445
572313597 296084285
616826278 377270240
49152507 314456855
396713425 493027745
289520 412305950
489760367 847720390
870395703 218940763
831951593 497443932
862930663 944700540
338564012 383317843
575627359 250938450
465165479 147906812
823196866 676884819
849771473 991575185
688740470 482910745
994770849 609966765
615029159 198253025
472329621 613639120
797937347 175565581
874924204 660441821
251362556 964243875
920446955 774721435
837549770 59809227
818502875 43045175
158134886 61935189
865315337 275787968
148174928 323435312
709855622 676135850
235012554 7991284
364413797 696571468
832565082 745166425
813044799 344702562
63239499 292769982
995615666 87260556
373378093 829056164
832113373 350499789
818551634 735950128
622717670 618897932
357415759 12370859
45421428 277871766
774255232 547027974
45903668 127913370
167345540 652475215
661044314 275179436
66526652 606711357
619757334 839903299
337197008 308160938
434818083 115427899
123912747 380358419
829820221 914032724
539083642 800569114
320672164 404213681
506274097 199306245
58317469 19953752
791117318 125908028
310031347 566446521
112896116 321563855
865617520 176716065
517839161 32175085
639631972 54263874
537919961 65886573
124666918 182136246
832236313 784653131
852051085 628818297
835838852 798694432
228740982 378261352
374488553 226505137
3686465 51900873
876863451 363015522
4620372 6832578
815276080 355299517
725253016 810277857
407582082 65437167
846665464 122265235
547501233 14764619
429566181 586055853
258744159 515213000
72443860 168239590
188973683 29256316
372333245 981051226
332113047 274792230
56673693 595942921
569525434 853762984
786096630 134540630
808347791 625184903
849531210 145463688
717306635 897311342
940795812 373855821
133659371 700331178
974368783 201550130
140900652 246975404
351747356 832429100
522987409 768724873
45760352 632553490
37009184 728372861
61366771 805093152
577881765 220069732
346223348 998735734
203530542 671128639
257148416 956192151
789286029 920841397
444264126 686081770
247572441 411920528
69580118 232397885
450845166 906107452
697161460 114672701
793333736 281004363
190123082 292111871
13975979 956052723
164110347 872530810
395084383 736681614
152999281 270830602
853756653 435217434
35460279 481410799
40243842 351890103
543073185 136609228
771579157 648059179
176658416 47099689
767164378 243311201
982639086 824201457
908227531 678223846
332007 98622196
241984039 984710251
265593773 74559846
878148850 743779909
10231572 722446174
745315697 593068528
786642036 85004632
977302191 184169608
156923946 623208372
11517947 32218702
85633047 127334709
170011496 815607082
971670048 478752131
952736844 125300515
645376684 976934825
518072770 622701800
479863593 927209624
55856935 615322698
362139783 752275874
872574113 335344320
777392571 553559807
32768404 299761634
196240957 417469003
229195563 341489646
648684683 318833926
28543700 385435206
11059364 695573267
10127557 821592048
69752973 473193786
17897073 328265237
855051473 55186342
976985363 808839299
47335672 689973351
972103211 114573355
800628759 213391857
143690747 471038371
974458176 200146332
960751626 395581348
447367181 901222946
574484898 171046285
617056538 73785892
23173713 474067423
908630663 71773348
780617324 600942783
321990266 133142925
934299528 585924215
724583835 107882535
223489791 768850421
77440407 160789923
412310129 960884555
291331997 104218005
522374208 280525357
721053412 33400437
326781458 882722935
921450275 632443933
220040019 547337380
852691735 930253390
685406129 971272279
683254529 23041322
285701534 625639126
190094117 98336188
768002257 95076234
977457740 499578988
27834052 572033153
776724547 650292108
334821177 874631404
228793434 460402638
81288878 504097697
673493990 961469642
834199789 152654233
462934207 317807484
57232766 734264435
535580611 172542148
168253490 939643120
998016849 853501925
87746458 830544245
525213134 471426311
343208845 736858253
726593572 57943990
254899110 824507236
446138430 784905568
87416259 260592717
397058957 780706778
651277447 271451452
951372166 134192092
354330073 354890316
600633890 127200128
440449380 532583483
456309852 990292167
161746709 52369640
831599799 330359828
138522015 613863389
641543093 818342575
20977401 634360000
695508065 295049539
674932960 521599456
144777926 801586785
628537167 60401838
43254390 27036923
305069834 322911808
63618308 607231721
516739608 954739151
178993290 767330152
113446979 279970618
868677156 667809174
818996634 372012418
773281907 831481591
926718192 984299853
390199835 168094195
404253274 594911075
70863428 38596693
226427317 269462323
394818845 400470478
232221982 678804815
25101909 919412336
873410424 861851116
277242785 604266803
266460905 880523107
726892857 260698740
504484701 850956466
415818330 247315057
682452226 645470204
875519941 50297293
256588490 266185989
159120959 234094099
927803629 889117623
428725519 800559148
606052196 137328288
107775107 892254951
930556015 909918577
663469163 272288633
429127439 481078144
101143196 33313785
159286669 671226439
15067502 387657700
357319665 435635171
425207359 234209944
978900620 935401878
653850606 217157082
764241007 542065221
873196897 45285968
194672113 176825595
29367295 334994438
825975597 731186020
879662646 903300333
997642882 84747347
668594679 805586775
802932497 457805372
728620853 118182012
214122306 328913339
646008426 244384505
26338112 982311947
613754641 597072204
250889080 841189776
160665133 246814809
253929246 136269902
772881601 241373672
639560360 876092015
596436566 153876261
435383889 46591680
548319096 670595870
318117015 218699061
361346105 407536969
67588285 458550625
668606124 914306043
986694986 392568063
390516075 537652978
402879112 681113708
161450514 767560140
799012102 499169066
59082177 369555085
288117783 57568862
783032735 925075485
939188305 573119315
169013586 158647496
593895950 615857653
709629320 967985340
387241966 642745175
599478385 724449423
53871956 686719022
40658498 571753398
348328164 864353107
777339827 363542287
767587083 406538309
932721793 714219352
91911287 582529444
180234734 352615349
818511003 777745335
217911612 588578862
307130412 612157160
544389685 787671087
850730918 581925443
275205542 958716167
15943112 151035386
630084576 718132329
982029844 808959459
574868278 72282349
2363728 135605240
651021953 428826256
937993736 496294614
33784222 942482736
430213898 153831487
260983279 500087570
186249704 84375449
2310359 408376668
641299322 726858860
835452479 868517018
218089561 477074664
840965395 342857533
699516772 222057565
237145028 961154071
387937343 28578752
243311304 639636705
820092367 356036141
466635542 903325878
194841792 751105888
181515435 347121301
356434431 959973946
279944455 579143650
490587456 596758850
524232112 24041701
81527673 113990434
691976878 839646538
392543589 370636069
244713742 431206048
175048195 723703232
815334752 415453914
639193364 12193029
776143416 181865681
357339552 990822706
142333616 346331328
503146609 434840865
777164004 507309766
23618199 989841109
826462325 893973863
72730594 102438900
561050888 390906891
525793643 654754375
300625092 602371454
386359308 868532795
82466519 923765359
11673826 986943843
1117681 727276529
345415123 963207412
145473223 70163965
706654211 968320072
133254801 1503726
69778013 422062939
390189453 317786371
121730576 916557137
879219066 137942752
31834382 146973422
500704285 222352398
113831568 472142108
384913856 595021942
822399373 966353769
339479470 983881194
946446150 879703687
262845112 858462877
800590781 548172490
81391028 138838949
276345401 827479725
357584888 575485824
859816899 50415437
348000227 284082316
803882412 876522733
27493204 762658702
635461638 665389424
194340913 621063724
743619622 373614306
57763554 719073651
712897320 196411376
464219348 311589970
400985195 806696043
310755574 307905052
614239249 44267976
703456319 759118090
158994816 570431395
196655142 90713271
6424036 46912567
367539496 374612130
612555434 469120233
249966917 387842735
982702087 55793850
29832836 79326631
554990447 629678808
42658155 339049396
680683038 775323406
442007431 217622757
333634450 635845199
465749482 184927664
6639631 44302638
520533928 691599723
910395162 736159337
642425945 327668946
548454911 749197659
702539419 21165188
774569547 904426629
209693325 391394181
414794834 179439118
932168788 847244734
372049322 973988927
526227097 430133881
811731886 87984133
794986761 402081509
92206588 771831667
511774421 62066327
808569079 751681598
725990704 307413000
401869894 252953152
2552275 382497553
692779347 31735797
69877627 265963378
906148302 708147970
959129194 540452176
30927910 655657641
67962595 343296433
482210839 603343445
84569006 356915458
655230232 351109652
434802330 28213650
635045096 8903448
769730805 827518484
18950154 906697269
902433302 514672673
262986309 733571687
342638035 961874612
256961827 84784969
649577227 540665004
86627954 16553886
940036638 65399630
98598599 271927244
509653872 817683648
635805687 325137500
51764201 20804239
297120668 23270524
957404536 943670314
236286358 899159165
23598987 53754213
542432903 639045717
95712154 610831607
512551509 32628254
44080025 88268540
669097644 930261141
232323209 813848435
79748474 576641435
204872424 880924865
790736753 573904056
497663803 762593836
46506632 409911699
930136715 933839457
360233083 247408251
200532709 164084207
928015686 89363170
520504793 923938250
451648942 689052125
35917564 430197192
632616376 836557989
951322214 615838503
673107760 684614936
71749429 517171974
38555170 377163833
416722440 69828840
374741349 422774956
956850053 280810804
612193548 591352123
980057811 849980343
930575603 555900755
833944608 610881056
984271161 131679623
118170396 789380739
503731903 186379789
842641789 343996887
641988013 999974204
519470457 566987383
623345646 222311444
958573647 692890277
431853487 91376310
554203326 620672771
949931492 290487016
127666572 11874584
472666307 66192018
851269633 207524305
483494470 17882178
695445097 373500925
289719981 894065581
137463446 759439056
918829819 944997413
24782426 186538081
22717301 61861155
740452370 648489004
337343014 954801353
999011607 772759952
560139613 929323092
132884555 689966674
857382444 111903404
8811154 58634521
452161259 715633882
730467157 55430639
178772404 91988620
307209985 225820359
339625701 633685139
362397062 332906993
306592673 20957540
701833433 328982695
941193294 24283035
995631986 30164355
169551640 535324277
983781070 725228296
39702636 342935634
278964718 45013526
48929663 359003960
988123094 60696180
837929158 662669138
267392528 610705746
639173755 68677995
728335143 404795836
18688285 292237177
40097068 619240231
34652144 80745230
530274356 605703658
731884922 352515044
129453271 271303617
11245060 375265370
92774067 55760971
949878815 616032752
507980519 63548814
86873885 966684621
769300121 973326958
306689939 714791226
722482545 922341689
877063133 258971685
333512731 610594846
600847513 274402207
28252872 43359665
638883627 475282015
629631918 314121065
487406648 122330429
744505731 689244194
69358635 275478967
190417414 659128988
980600756 274320495
872388727 512842746
923050564 259376042
814054426 436132419
219501714 68700627
671770296 281119461
441397529 953393142
181805853 6366509
44610711 448170054
647764891 788495568
413242512 797343896
582545541 362316901
763551177 872778981
611491509 843276264
161489613 573444556
456766984 40798008
211237483 527843086
887693276 623212698
898567734 319523344
973469081 625670965
326793476 605567068
301819685 735965588
492025199 536803872
795423086 439761959
845241431 144446637
608904420 205892546
41022302 176692473
508574715 47776796
505383787 458441246
185516462 903188049
789475112 70082008
608634871 242989921
405496196 976048397
606383704 161863343
39002673 545266237
561772630 34031747
915881511 448447509
336212984 577693832
578001440 152014305
12136524 254030
739824922 304930836
232473571 478715337
816178391 427263683
64100687 278517200
268762720 492010535
458508204 502044319
623395966 29227294
899851541 697428566
642680384 681497004
617771307 506661240
759106936 871566195
503789969 911514989
663485757 404737086
961579634 781456128
785367147 405242491
501703929 535461089
149948446 260528572
376260056 32015908
274586171 678851893
221199298 352023744
72396775 975551041
811830769 883473425
17671182 251669213
47229088 298884951
539079133 317378603
974181779 351102005
10781512 696595697
113815179 676468019
930598790 745009176
754018258 711873596
663144848 291913517
101897397 134823200
34021029 952971491
287356932 48893458
783844552 597942159
783768211 102603820
472176961 300596139
89960892 606667240
937348888 148760147
230790620 626501028
247770525 20028363
117508306 72953893
356359907 29025270
316607619 505449237
393973312 129109730
973769048 270356348
297375439 418081592
408700094 645958732
813564398 639456459
823551909 880658135
953669056 387939602
723817730 975193941
413168556 616759205
895422542 915286882
515622620 521288898
314962948 575113342
458687167 462635979
247691303 291937932
673870216 193252806
426494137 38064211
414667437 975161308
197028933 968910849
310921576 852946394
333658710 158373283
225729337 261649587
158130686 636700078
4174945 789169404
697827408 656650618
451131498 315442543
999016166 368556993
717507739 633156969
479703643 650122020
251230852 707729259
880201938 459728038
378195063 271723421
294492270 229613103
743077388 869235270
757812696 561561866
789758620 55144021
398981820 519685223
839521223 224231388
222655564 889522139
618688495 931327631
825323963 591910363
604905658 472517705
855716547 210138692
823681428 285153160
441890337 820072662
315301419 354821612
993787923 269688756
494846193 662609596
308670689 867152358
592744861 81904993
158444369 560283095
209200042 241325032
589925168 893076440
392156375 395158916
264186832 601096347
17456037 480932106
688914053 615280568
356574685 553227124
383840552 72965676
651675399 888629855
455320724 516623572
804009715 613924493
104018731 25977591
438706228 227130979
319981394 906014905
787938977 494307435
733102576 866517417
802803154 943834580
355021043 978681652
378832809 105403629
66803147 343925551
31221957 715162542
408157165 24214098
798654737 559700527
38428498 126924471
555974196 96892206
236872438 782094943
259870239 10743950
410769241 569508269
161577858 510878163
716558593 985806313
542168662 229532327
57754868 844918719
45914196 84421463
753332548 13457340
684316029 296566102
25015675 153592536
659039889 226860473
639500084 800534760
339520408 30823865
811375235 5014311
354011228 395034422
40277638 48112309
983411948 829033263
355834333 56889112
152052763 375070794
275677998 135535797
679637502 94942034
245354401 396798808
24442993 416623539
159486307 697505458
656287636 299716096
775386660 602698453
731686983 293172845
428662168 94211770
71687857 895017814
10401272 950896315
400303806 510103478
656155780 209479449
443440284 520822193
65445367 402873975
361933629 291655946
459051802 68616285
413887193 361077165
93094195 34262454
287575913 935865895
706352784 267848019
179447596 56421416
712492801 653117030
395667750 580584714
432122971 960810760
550949788 691233857
553594103 450053299
512416410 779808238
190820912 919112904
940451438 296187730
981397224 837747467
206103082 195529555
44086788 887798818
569121317 761623801
787734763 511301657
68771961 100850164
768656908 498328801
749059464 824010003
620379989 877383884
407984752 218857678
769441980 550300947
722404250 421503421
969866938 819789904
44669744 4806430
508601547 998074628
16927137 828221268
156081135 55005202
710040097 558605923
492462380 11463490
358914340 493315189
905210890 339890112
769635558 128128600
331654421 552162458
102306789 543984125
819850335 237372742
988851556 22058746
23193083 844440601
68134890 624909065
29856388 619429073
740919233 449065096
789553556 951764748
826076536 105839863
252582988 506222798
214951010 242104700
581519827 763586815
607437077 363612002
632184783 421470699
549883883 550144661
991328493 129418176
808162180 621220904
21175135 379393812
747885378 46043855
239259481 67006300
754399692 229707622
336250259 18824566
29358475 60823912
750489035 748761632
57701168 949651321
249617728 884863102
820023853 791649245
699262263 562614425
528231224 642989310
692173178 120631770
32445130 362323434
585451220 540892563
603907494 923546322
692738454 265386358
979008843 31138188
147731477 199723548
115798656 848723475
733426986 798426495
653744593 30242561
645238448 894432640
791268364 274765340
736398346 421243491
866464963 68491973
696805530 585039182
945500366 65165962
198129227 412525262
155745478 170751896
710005768 412880209
984675210 781997373
471036995 467754925
291806398 107037810
868168559 540143511
318622535 336406096
602750598 980670509
42271184 158077075
190646660 283581549
716677961 901888031
691672554 30117818
306011491 470707064
962087228 396692064
72851732 826940744
947245955 661772293
690098458 44629725
276571595 56210491
761423473 64367272
750614694 22246134
54008026 87776960
909533864 922540815
844954976 305612637
936214249 198490303
938728138 929487197
714253190 495415846
987040809 819838146
704718880 868061640
701062477 7063346
272481371 100422414
660648783 735643254
978767456 769750209
574094089 589978363
881066332 23370643
355706777 249242196
241775615 353911958
801390818 103018934
391288574 644368323
639795723 758407290
41309074 769321589
697501694 997712543
859128310 424641003
144838634 701739846
827994092 776054218
929613250 149376820
89700153 335835800
69982395 61912402
16112163 101014594
430529490 802353969
361360379 772608150
725934148 130739072
339129231 645818826
827975700 893056148
43654066 613708019
259035784 86192360
57577408 178614415
136189100 700429209
879069716 576788220
490698702 683993833
577002127 58154750
406579201 832674494
264892181 131908670
977572506 465561377
172233231 704524742
345380021 214036159
313338601 856639622
146143665 113603947
826688661 323051473
816990640 513842842
838607878 128012768
795224088 438646758
145092278 743706190
682918421 912102284
490987809 920337562
567004436 365982445
4199752 407891625
157439305 381321489
112220463 128312129
670702635 290938143
244421983 871094415
941541107 41741029
722322277 512323234
648387872 65662808
951546961 494967277
988714742 779413257
432662327 95299017
656669690 207205556
443297714 23919856
7803255 896731575
22356571 886947332
526899453 957749906
772672855 202967559
670883549 877828459
556542664 427764448
973543598 271630477
345566038 502133724
157471691 670330085
36810926 513568298
506835922 391727236
497618947 660425565
26507045 819430688
18954886 886859758
935855982 467707539
259815924 115367352
612713492 455007577
42504453 445163130
60349126 985100566
787296253 210751065
824841722 646494991
912152862 596227675
25928035 678244524
125407539 35940077
763550845 242712060
168351239 23589470
679831302 959655985
859677932 854976353
76740993 300544031
32805173 189485967
41190324 685395137
586541756 872240611
167729963 998282677
26552924 100450621
172947892 584205755
637414008 735235807
34327522 696122682
30035826 736420083
799510410 170659003
844350518 447698178
698237513 364941163
786569902 889972350
515121148 26744222
747831370 577446202
44001093 499769159
814965377 521823213
138996237 862365312
804839242 243200691
100947965 179960328
470055842 894998923
702144772 428353472
375450122 469950170
398528980 424752941
224551174 414205414
360447076 93189114
4686240 28254556
584394351 32540787
729402850 128480715
971180020 682043403
483045216 937258023
927275445 10013142
800492971 644502599
711259064 463860495
832926943 8730471
229997513 485036436
774261782 113113766
653534197 653878885
590650354 792662409
258586896 841187369
494200088 806109302
606552368 179455401
14302382 826535738
508029488 925339731
518960358 660441988
322013231 109139640
922976107 359398248
483632142 108422926
109078516 928686045
703044085 565653935
52136122 338683711
909232078 640656280
582372088 944500685
717147081 860098795
261795185 396900908
640045783 269758317
79502056 404319202
751466286 699998473
301781157 59548124
18230987 965021259
140596471 575394537
599771627 323342566
241073580 27031612
6993809 461516334
470746779 134971887
670209540 633020831
528201755 866059643
882507087 984364884
148086153 673301569
45995966 109737617
51839429 660466691
957755495 792976442
979023798 385262443
545617823 314762585
201137346 850058371
274748801 757672347
116519766 647116603
78460522 655689172
368736100 291468263
33268607 199054967
931380960 782071230
631595302 668090911
568680514 687035740
504208777 243241993
262056199 341869376
182562583 149595799
865788977 276822607
89809666 735174094
359542978 314868303
276290498 367964633
362276932 415040109
826670992 372525444
431953220 38888377
790296300 974038210
553155026 335774628
3830039 61232935
73620482 556775048
69186714 136041071
91790960 508320288
665643454 902414581
104272564 455637004
427506961 42332221
292922354 623835215
672218087 31378283
219659084 295920592
767687895 593356233
971763821 803485404
686231098 415569221
535461888 598295459
9218734 609426672
578277943 658810038
380778906 251586432
16992068 904052623
75565472 112710095
626348004 499734282
647521069 615155034
465420240 983051748
323212526 461103811
459405385 394934595
509365335 227146832
947276949 968024878
159609886 187605098
605631100 306175248
476291774 956134430
412367050 414810681
619993333 503455135
764972497 222480989
531845190 436567746
344167909 584469523
132815224 63373184
16828381 294342487
267307798 792848504
525456793 282161161
22822893 468438378
880774775 967987307
89843089 183732157
246061532 286415783
349969111 31979257
524348337 972003399
282861148 452693327
584746211 262310587
44043517 60902413
897284578 672999383
66580573 819614763
248416547 42995025
259775843 63770816
644596126 61965896
953197241 162509197
1259857 468896185
216270670 737591153
535778235 36423431
439163093 373081331
651466849 38313596
552405571 175761084
377592141 18140099
728769109 48318489
38051721 377784426
239843848 2110845
222274473 972304486
278874910 67343612
312442943 40161933
12174495 431727314
501611621 509443870
375302999 135555035
220336183 974947894
56699473 331122712
13661525 904400473
972207971 730057521
940866917 105145583
517315489 573763821
352090255 567155395
826281959 348998587
146877439 461301381
555174228 953117484
671471718 619157321
852185546 309384823
655773818 947197702
261400175 316823284
42882417 732757272
35494958 512709281
899628939 695152831
12750903 995931808
440623237 339090334
567038587 652865975
428424743 274099261
532015153 349109966
97519287 909961351
124454996 350224245
44093826 749850700
874669091 560522844
418194778 723013568
932853151 359772633
861015827 598409723
710729232 184268389
39208965 364970871
603788417 557938975
145353869 134911125
458859583 720869960
258458252 718326808
785988446 76402629
39063526 574118311
346933556 309161888
874381573 947869776
856845532 658016903
178102100 943534336
546141108 302847564
320231364 782535948
204302303 348235875
47761225 365025451
231485124 36159591
93115230 649745785
508442509 71934614
895614078 336477430
937441705 179126864
593332393 735605509
507085643 546389148
160753637 571164782
249386985 724460194
184935609 45534556
424992445 267932722
534289076 205632480
527900999 47950396
698449124 833503852
34131912 15034197
798682207 81352280
453235146 411448377
49077950 146306656
566923412 466146884
182916253 731575588
527833526 580746744
960847900 694920103
219052930 923979642
644545377 367989713
63546255 254949141
363261716 251849453
62420280 859734965
561055970 383665196
167859741 200610156
263053818 374645536
958250142 416089073
233305491 118584897
321011810 238489884
362202980 98183531
59941077 467557227
945461802 214976606
993807780 451435649
339621414 363606333
947270980 607346593
804667292 604198672
929211241 244878391
59134804 931337282
170733455 355172432
243756830 640912676
424328053 628718365
408654919 515318376
196837788 365467508
8012325 311030694
390640588 56268367
950676112 138506715
952510864 413841739
215724645 365789669
340860597 1205032
392771589 45723400
32946126 605160529
492300757 308833644
670618292 427934026
311798972 911797404
57100030 434073923
104534696 677509640
645118607 663246478
919298314 754381700
580704773 66607390
242394965 29917127
680961353 940655378
122119554 437031662
377859077 105756450
931807887 78916855
332797481 755859250
98947835 582185030
427881061 315593928
95350604 121500195
575050930 882061
992156298 631396154
49513674 91864527
128776385 730379801
714931371 172053247
42077058 53643701
182581016 38510131
519060067 35776997
674024984 209344165
15944570 626855910
300968309 954686514
126250983 933434582
48954686 925376988
47428680 129599545
694409286 747350088
538641730 144982135
392970914 844859457
65709054 65416539
455109679 8340274
838592168 499657878
55222537 633692080
560971506 59480122
833243669 705904623
957599888 699870528
388605817 11915336
865998778 877767682
2548511 613904314
737157037 750437569
179264822 35464293
290703658 602720800
710558896 224826896
62759157 18885030
411661764 9181348
403457624 504639554
749267054 31573679
71852446 222267583
476917482 842247138
870591128 807440980
605455421 587857811
66912027 930279702
380562092 887353148
664275327 822831747
373905987 494827770
870840098 35325945
876838736 369972751
344276707 158091580
964954341 830502240
666204071 698509044
381552473 448792056
44482264 997958956
17961158 988778883
498216673 672183765
475312525 128788180
681207219 722643777
256284367 961418336
113974084 24359080
668668146 690270912
865847306 631836327
695652385 398180147
244112260 904161724
684092620 454542873
260571826 710432971
335656484 888675705
589495960 897201565
589992096 286683004
786107070 836254043
810312826 728028400
29329842 12522774
935074867 508624838
313687430 914445891
5911307 419558804
681556555 816481592
735040394 33394707
315191452 11620783
785384954 661637539
184513045 641054028
827977450 425509827
628933079 416353295
385031597 334407066
757459718 644037346
787409625 330216560
667510603 994643982
212297416 929052725
39818579 943452101
130209818 239019512
625721166 881608345
611404337 239327857
815378801 677874691
598420404 845046905
541089908 58231516
997555469 12214156
408920084 288355816
924585707 956096078
428009874 116831816
64849599 713319683
484356659 578556419
187313988 850031637
412176830 837717125
920519408 587342482
736295169 701895455
92900996 261638315
864467020 659844995
145460610 87308854
98113012 442845770
814666416 664211757
387986642 404700526
75888282 935036973
97356482 351467217
53384718 35054841
247113508 115927732
716218526 886600436
694978910 803608128
687683361 505941418
206702423 266949121
873503283 308984647
419677182 61762148
170895536 981227294
813905345 821593154
438988349 166972452
796802327 482589517
328843711 492986226
311085814 294623396
522351586 9636551
40441693 798868293
51757970 483124996
138700748 180878485
364682886 252356270
703653319 885056218
428350385 642326639
774702423 794280896
694078927 163178901
149060489 112525016
248860638 118096017
794936556 328857621
638328226 144770937
346602519 631380557
770486816 870321799
228474913 361064894
6960675 794947225
491940647 62315653
851590842 289092527
692050122 615710506
498899896 893097839
361397422 925651728
233485875 992742308
155289853 173737220
468221702 756012219
446588130 775511479
748350799 224605253
591508238 827817532
426872049 224273271
14589493 186770057
10919187 724606381
595325330 773780476
31650974 944208611
94989151 36613075
142815940 126212666
885811039 113952179
70606708 59481209
56214356 491225634
390373351 754085514
145723273 991164685
818794263 9200633
223839561 66485314
480225858 94806392
524488037 206670327
24866155 71898974
235886258 56741698
753449944 594824227
256048265 92093086
192728725 794998501
177061190 374578797
152318704 130722278
235585737 53437296
420944123 907693324
712961784 758401872
649507342 733653088
932697659 358680
758030146 676281999
3056126 906741178
939847671 133511020
377889075 111693446
189247567 964860524
277568718 612555702
869402544 482973993
739458630 633340133
65838405 148203999
455067163 971082130
496289918 975843826
941281866 201370530
649198476 688324710
572060890 219236827
224396775 128309350
18438740 639747690
908792008 679037886
843300930 312075614
938010542 208512352
472611767 578567978
66586333 422257635
722210759 614744871
914602458 928138239
890065930 956844560
247319024 415111954
108997405 184039556
254065839 650396062
370952482 861843848
96477800 410176969
558434875 50256130
13019825 819191260
810834194 884450879
283313383 623456965
45491540 130074222
896334504 724654741
592570929 32247586
413983317 794979074
615728350 434503892
907824022 858639333
89201428 158619999
239073237 322834877
3278734 129447554
115644609 901310507
724537999 728320098
862035661 545066100
60021337 891098117
81369007 929323011
812175287 25314776
578231522 578837220
816207477 597693482
699421220 475989577
58666977 655929775
377779192 675800841
614437204 979947517
331150884 813395996
402567332 19214866
858632756 208950560
170385070 239029965
234071542 791180504
443833299 104858480
213369341 28019110
854227063 697062949
401197086 192357913
209156995 111265910
805747190 77491035
456399075 341326290
768825186 941103038
581138441 874666511
715107588 268193592
837929576 474721251
277131973 794537955
137753083 708482922
312932942 947989628
548419516 481266851
225635725 993162981
655004205 906212851
249601335 183368355
328956882 107723424
112303936 26352991
798972340 506794327
514981220 262294379
25129440 671703719
989213602 914046515
554627558 724073348
572440252 312416976
868844891 900714437
227850936 267307642
286719063 785714342
566989153 730111760
243663352 287882054
243349703 569818514
873685725 215249706
385679803 93591719
409068459 299605176
38893140 17477911
620799884 39699389
865618029 665657939
44574379 215120360
708366372 799631593
763081913 776685901
706812509 11908879
826742635 481572579
202082109 307511074
230731002 420730118
901544111 429880348
46801570 701130229
977244387 194402335
78428963 20333652
573407433 156796147
408790339 838637485
468215450 436174975
398189130 221987559
333102160 283039571
500120708 282340053
884659753 465684254
453660099 68119721
264728872 959510840
294262234 125377661
755683732 380390681
961847587 320304074
60322167 384807648
211500794 78960625
432914209 3151309
6127167 404396724
227666850 308041415
179303897 753796797
77023571 90003159
317769518 955036182
77118029 794202539
840136876 573497519
865873648 317016084
484084291 23492316
3224670 358562440
464704999 203389908
833688318 488076193
787658259 654257203
545291514 395780764
454736961 537336952
374000833 669287899
487946099 282127240
373937029 19110755
108481197 684721450
226342846 249404767
29283193 529757321
720528293 120928412
49976929 251807413
536708026 221420298
101480313 899611937
142513470 23196224
920743123 549785639
991921338 95744505
700025096 55654271
26467447 800410257
30176693 434306764
953680643 181663626
186906108 957584400
427067826 77547529
47470848 734195251
666602267 648033112
793199721 994979200
201824663 16787812
578074854 91080743
318651845 583741249
163570341 47788731
365921545 9300897
708095964 462181558
175448072 279234402
80410436 620574449
5752620 325710334
581021337 812059180
714402600 287144472
155463964 50554764
338927466 102651382
384210448 468081944
611409066 482719744
111712064 641581115
217611619 329689414
483493752 328339525
96405075 198063095
991222024 503703786
893695229 57201642
483275844 848561345
13803048 503788315
994385414 55791558
79518815 383066147
434712106 28543449
882986607 48356551
982930961 12548413
598107628 29449322
969881375 62874392
884868523 560827033
318998846 444747770
853864521 813236607
214733144 663685711
291456675 542873710
220964832 913601772
335353436 296528989
365809482 6377864
525858907 771535972
675895951 604868416
823344970 773266497
308224938 199821585
1914392 138456790
574214685 610802785
82636407 108564648
44904813 10760054
700653407 79186530
64867744 842743806
585929610 389210961
830790599 260399494
788441077 412355557
321117296 165614595
58626148 541382710
12012590 770004044
119859168 547654269
116836893 827160733
907377456 760212887
455226456 757551894
371780451 693780357
592368255 1926202
354814542 496249838
681622072 414424433
882868997 918935195
388464555 663270278
573622372 737310202
706391044 965935401
935203722 211254685
1950709 979827054
599323225 921393336
394059313 510569036
962127351 908014758
846088690 892423968
685936976 144628581
592659828 596505383
535033745 240033301
16073848 100606983
292801198 516804476
46810818 987345991
645122525 129355397
87015067 344624594
365932569 853057725
900630352 869930105
616379041 881106133
658074544 170596461
251367286 29369634
242007186 62445769
387230688 244118048
634353485 433657350
50395369 337964267
974224447 222114949
644785121 61001667
508417351 137260809
385122521 105255571
138972234 684726585
811584808 665325919
347148721 862024227
48933865 268831447
861909737 746194612
253521530 679270604
999727330 457974849
771924734 216298677
675415697 870570753
561525468 705446442
10413422 694587537
207655230 67201385
243088887 676668014
317290899 608649684
48048171 952703102
583646734 807226481
272433168 146237320
595797541 649936489
818738734 506250167
245456146 127507338
575583249 831652636
804941909 547348677
274034890 803835945
233659952 74858160
203280751 621734966
967029802 683598852
818810774 234373631
122764685 743725088
800534494 318081060
779305448 93021573
76761191 703673256
303158157 410195032
298276693 548338291
821964308 890582243
614574416 252487120
41474773 35237907
563826695 826504432
544743795 890053629
412461225 706973541
467350092 882326098
18805354 760907687
548808970 180606703
514585860 296676754
76368150 20807759
215889715 188674278
573376030 187274261
868271416 231052230
569234071 459751815
604440407 383216954
703659573 584029198
458270809 539065262
912368756 913640888
811928587 967608176
431336211 501567926
662164925 203068725
619532435 157769438
778403524 48720021
936430268 809228841
15957240 514397834
959771929 383674678
890468663 793782261
926289783 27808453
790599136 912706585
796724330 890923838
42072919 827333406
65021383 537705257
536391817 193652879
17822507 368901555
768388446 955164125
886240885 860346670
807126344 938333402
373434948 252011409
454118332 3784765
1217153 424045812
851739827 57554468
979911382 559208982
393599784 28307086
380593970 66522839
969942942 368324576
937431624 28076222
925304472 372875101
45915150 22118259
498777886 728289205
907022399 543863111
418527551 26128756
720350425 760572328
94405769 800965010
23111326 831668141
776171155 239249380
446478744 637750927
792668531 485305765
28060045 885185069
52822600 323874294
163042960 660978056
921839538 49547353
406271344 27363141
105381973 196334905
618028102 697179695
532025690 970675295
665911020 970969010
284521710 880604026
355219327 606958177
455598272 363499167
104305892 26402928
790248583 273759430
143505729 378732091
293849210 41312841
384895104 88518845
658756566 796513129
963667664 263138330
698712924 576030410
228689699 65764374
43919313 937351154
921127344 907237531
285942908 285366733
917318259 645611575
351659435 755546412
749223848 267362971
63989550 735293249
58555987 502766365
79121114 941622308
721865404 185908023
347209479 432218450
15530219 654435590
317682963 804107305
788029746 83047884
889939933 325673069
893376672 299368558
592065099 551125702
705707405 312137719
20933571 721257280
673543188 173877779
68440246 351090633
176402067 146598293
851109138 341431990
347896878 537970929
909799115 466614591
52913994 61441219
334047835 754298366
53027858 236109382
893930302 315267956
326094582 793896414
474104436 65647237
204552999 52737423
64015106 751202551
259051804 256195459
239256179 569258998
557382927 698774663
493894480 977934995
668937601 112522895
990275500 291272768
339993010 798501678
717372826 830494550
839895082 544283167
172648372 640420751
536276275 245023679
493845399 909137036
804714844 384469904
40550497 100012113
798425080 334443191
237143353 566427076
405331357 473031295
275023816 804458289
654812837 678774484
2747064 188763337
500835760 569850057
265534524 83609374
718203424 414087443
695209096 256973225
954164892 562789003
318051412 260570436
672112526 481934512
981691230 406743728
766339493 601765410
715476709 196070673
479180883 542691112
646936622 636503149
358120528 159476780
778044163 791476272
515019285 183175225
727770159 367983019
630505570 312762244
71495683 827799184
628967097 124955104
425980116 727907192
951516128 655877448
688508282 321324638
278166627 210677849
463814611 387262753
364112144 508343509
940645182 657849349
809252217 612409890
70703392 64149041
941557365 122894280
861270372 431690292
223944863 891838455
43688690 141921402
405726934 819714559
192139328 948959703
829417660 134608085
29147070 466974724
850755895 825710997
665317479 992766491
782533874 305849851
804576823 819239709
287932637 777361128
768512686 178843758
666634409 15481058
822737746 341617748
295572813 633857173
174379051 163463292
404452228 726349132
935823942 821375092
784876108 884889466
948333107 482640946
465928553 109564211
161189510 382225035
134000608 537466546
166697561 833956797
929102460 31286484
110259145 60591078
690977356 471411611
788390517 136854923
540017443 613157037
827799042 719045650
318013975 352276947
51548824 961914440
68742147 292892538
926384487 32704218
42056709 913000245
50250011 1444065
295633408 253261369
941634157 844885583
967475483 867015648
721463442 14880387
72193087 261551142
245157321 227346107
115629726 263684655
52702672 299120284
381138472 951061183
400181360 688587436
222488083 622403264
995038189 44148440
913451868 734377408
691605 12832494
209386816 771938417
818921532 614791972
538745794 232250151
879378610 615489168
685813288 205858909
100382801 315987374
29403005 260447025
389359991 751195869
862549778 290515427
3178500 969731809
678621942 890413145
464742364 353092451
833133186 104180382
191574887 532833644
877073103 509407071
607179284 461927406
634646333 866450029
38196945 747605564
878526446 249902910
93949589 65296012
381562952 703511403
906012375 833389692
81409399 902603059
259744788 526911370
400411880 151286263
913631309 842119579
310463183 903061692
335645062 352100725
289814691 141857964
438319176 718783813
582468509 760890261
804910624 690654490
128695100 64426600
102751262 435631463
461479876 46577595
315568470 102355333
610517178 751506505
909021539 126377519
193227625 378113390
110043871 59958276
29810528 56074154
78306796 220441097
839094002 924001063
937812654 788461604
490412470 469154859
848256975 503441826
115580676 21237667
42254073 325406642
186894974 696872357
796499296 251339751
44706948 678228451
589987382 24087226
317741246 351941176
564581684 512288262
645534870 635250465
730876696 392591242
219518395 456843328
770821665 19351914
68767904 351403738
511699093 154198703
648533755 282771545
71130427 325072323
99337798 285841611
230952930 676914934
693847617 705387874
292956120 230444284
922064751 958824178
499812980 738606444
59027860 43799671
864554893 550346561
182219325 937948556
228524543 956403037
270064440 637412596
359327277 321718529
635658520 193907477
55838329 699645015
514574770 390168696
219827151 85183721
619649699 234563659
40568343 371506727
997332936 420977375
523487431 945415140
629494211 18093609
164670288 469624025
926991485 902855238
116596139 410471713
231277983 13156336
467381461 646328507
797672215 123488009
43665742 42262028
343953818 923426585
810782621 916922459
375884572 61919686
91638472 222007890
151928153 936636258
235228893 719945859
982083664 785339740
735251820 284416993
460852418 522521802
240940554 125123651
256166584 246899429
386374864 799372005
610406394 346033547
627470553 41444069
881743513 125081023
191955655 485041611
756085606 327438884
701389631 908847610
56666743 957870470
873193832 637020480
929632170 850531666
484594032 348559692
69523225 55671833
712262408 967469106
99531180 749386769
848150499 76398313
212843909 225512852
55287865 813192141
600216208 663627167
425571147 36553500
138469117 241705044
4137430 343552894
750081980 25342328
41855134 241185911
696655622 348561654
66784494 694777075
354366165 45580634
700243218 568112066
70642535 247316055
775354073 882768919
839420351 291464514
495230490 157755403
279107108 303905172
967713580 84931353
18271904 229838700
115546476 63380641
868410754 609596938
69424057 995596902
814567389 804581973
830745852 90561295
120153095 41421142
6523547 296687785
659621914 201611963
330643201 4963107
554381430 691309397
708507169 602753745
216460861 425836442
375514607 740356842
473763286 484206116
578790627 931894282
292734315 992907824
487983226 237921968
540308331 828270112
219112373 60960193
901344520 137006585
234872217 22804740
688118970 307022310
342251437 954824612
320778426 313952435
434824319 43520176
257989000 181834323
832622111 163170207
598218853 819151451
71543970 584800965
278896090 231592580
880479393 839662047
167393327 69252397
722904503 991803020
380981749 34026965
189931783 64861904
425197693 31417766
252800947 140700053
3531359 878920166
186790246 423114019
497552884 988820100
461253323 162725291
676696027 197345937
931679251 136521153
594377080 601040068
776718196 62282460
787054448 621936117
180336549 51830231
70409773 480853922
537220706 146118516
6654562 826217069
34306285 553412309
411769725 959631515
198695052 10078210
501157430 953979031
263689477 213660774
739033352 147865453
395284261 820727633
621427889 605702992
252804414 558422135
425083572 511827477
999902116 80850543
406514648 46671797
544097071 127656245
671864488 417904847
184631228 353785001
644244977 341306660
120354476 978121486
275877702 709158425
997477731 807530379
857749887 265852216
759644106 227809453
57486134 544659119
759060174 570178276
513673545 737909711
727428831 927666946
847439195 754918798
860622450 11732670
229891155 655478534
279317631 384444727
399885531 754903028
455788291 509606249
836136418 252354363
721660288 32419513
43098905 825589086
889602936 25145712
286883195 158822153
250621686 903955769
149515710 100917128
464160517 721808290
238132963 461923150
529034806 206194848
7850155 996897392
15358749 541785355
812943904 839758631
378024150 381485853
72070153 755717202
530682233 45207798
735439733 695760882
206342314 20431130
54443064 170175916
799928332 765675251
686404457 366542154
70768070 69735240
27355617 496468282
32826634 975719629
216360640 182391054
515246211 40250515
589708264 367393786
509863145 115879571
27061887 601641817
221482355 288698919
42804592 221136168
126256222 2942608
32120298 197166729
774340970 709426544
261843937 288509506
42649693 668822865
196211849 85778236
722374527 89703453
313802974 726803204
524056093 495126949
332925471 841012301
6996230 465449499
886903373 680442220
516882 642130071
575455920 480079579
801685398 812759445
129653331 562577846
569984240 888112501
805547139 40390720
867451137 403399418
227569492 41875040
616399277 837274060
714185244 123958302
465877854 12819702
21189622 324234279
312606591 53906792
9480255 694983757
714523393 980618358
509085469 65771526
680621273 344280663
329547764 477168877
426189951 49812135
687035375 506990909
504969329 521910503
745685629 677429849
538064046 943329016
903422417 975830343
761663804 836958114
380190049 751590192
24729249 203606803
846087271 431703009
457442926 962757464
56786530 686004301
32437168 547663590
750177175 116190473
59073917 130347796
918806410 58184911
86989167 632823455
458740614 392149756
184976416 483413028
5613849 318328337
375490993 485889193
630543512 877918774
329526344 770593301
18364312 628650930
438140045 563540404
726954867 581554548
407162924 774362804
896497097 145045390
670976087 812829866
219730171 182555060
181758018 371493389
214588082 298900929
239156133 805487290
872929879 18679347
400690493 741165679
127813528 636210346
432188747 945735504
434444521 219923565
781699091 204141668
989766145 25582821
503303262 457176089
286655065 842955807
146989561 799355580
413180848 13707598
24749619 738056450
211732618 931514183
852472931 902123139
920169132 664592132
800909409 126995513
673393058 798063138
332101896 726892293
412813625 693701987
223726778 479443498
803782661 10679084
895556060 314030544
897373660 823621127
333204821 859633026
684937817 748317475
199131411 737870513
28425050 696769743
803963526 895813423
409445251 418891011
43360035 19624371
906938553 83548119
79805667 914718301
214614695 383540745
769764546 409072936
403194172 90251132
876238144 1767032
616553259 721968564
59067618 666189208
28503146 72048218
651295923 61790512
397182132 366740926
548942524 826929617
700638727 988348752
329583760 248072816
33147173 458785318
336960450 558370018
730656280 168527738
141612652 654138468
387802791 186497321
893767082 293140502
251967714 35902005
831550492 669248892
361413531 141335363
49607784 289626876
281034474 725710110
570529718 112542306
583105192 304444210
644824115 766602078
703794421 219481618
459299727 441046533
692422835 180893170
415614 963296588
410096649 921660718
367563323 588917137
473667297 7754433
420987136 347607826
649165161 130102478
142087823 322868339
63875221 888079131
402597804 897723708
868574876 907696529
814390176 376443992
791795063 630495934
472097464 793844376
996366694 405510739
440204484 436673838
681162091 325474214
468848537 994936882
501150668 734382129
675974544 352053537
289805461 184857105
678898692 4198745
674057235 509122184
470936024 266750110
65046361 749775996
895411694 445747096
467811521 351660789
495797681 755003987
35518049 877306787
552971148 608823997
926069913 877440341
56278384 807457579
682723981 22224515
9302353 24583892
22559905 682530757
448144811 113368661
190570755 518659674
310670327 305233453
16642079 772474530
796711735 268098878
316729641 198241956
842277998 647077201
439802519 401852553
338268967 612646801
10845860 40367391
872799214 448464655
377636815 429452887
702196434 515369789
917322073 11403720
56965610 886413940
382698954 231349033
676067277 579603566
67269483 273030875
643743256 682271948
756255950 56494684
634984428 630973842
381291331 242213077
94312557 530723238
534944096 791990670
528466244 924655444
803753858 873117300
879982878 12901069
846298182 539970714
14422571 132815011
68249870 496515253
952590495 951752783
747858564 456675742
741007669 846968491
53095183 322534100
321351591 30216313
582896991 960499447
38243639 48805082
136792294 279763534
113260330 736356311
40585307 718808386
716164423 55618267
889653818 223661793
559810652 612831543
69204800 3176284
461308089 769281694
281979120 70335114
57590963 54907813
526315024 823720547
561217315 548397133
186837804 4681604
670903780 1884784
649643282 620922290
669476953 973299286
71824212 245953103
750138853 292920100
633413321 989733607
14218352 906847079
354521100 845505958
434589417 874648974
615362044 297524703
753124286 849789036
389352507 9977479
712751973 493266362
810650031 260838584
591736535 927485074
749174531 46618669
335601168 344663030
572718375 710920141
433624721 24046406
138124236 612565017
245500382 913860302
674519017 801565116
219919360 916737591
894927417 660398596
489542147 35342607
221986234 217198434
136996985 409985359
536809008 55800300
353294838 174975946
9238176 380788701
750816658 543522492
483862485 785955856
642884970 711402054
505167582 293020808
993805599 505236716
824415118 240949995
597977173 554378772
914265851 961698049
446187830 986699915
449397248 274393914
173135596 794981631
384340923 166943526
544357418 22406278
407674895 189983227
172422564 471165718
288271907 111860498
419854483 640104970
819128033 23449194
235989298 996905636
63247224 40479524
254861635 257783941
8692186 676633093
47924875 927953974
566293823 666865655
342765906 481289635
714535073 830433416
544432868 390555291
987093310 14585961
148622354 796376401
222196505 300269553
826581937 142434014
56158584 66780055
590679322 850231741
498728295 170516604
442322601 632897613
473842740 89533151
953620542 585747282
105805297 780833959
594041279 63496820
454740982 724626909
96348564 375691455
702541660 787087662
51867944 595940130
304281475 164937325
881255792 83271409
737343628 516420879
287881564 633717347
405414368 26451630
644720743 270047507
950856871 27881350
978795277 661599875
279370322 39695099
995055439 182622356
215008018 25532433
476747569 526969359
866923614 331583987
430419772 34460960
36279665 213621869
607085821 574318038
367957962 485856370
915641732 66223269
25911723 504889494
286378982 705646819
818122906 751052180
500197307 680002382
919270882 785735881
25430431 514703492
706649875 27267768
968412086 426308490
751248509 271817092
620934178 494798918
479528889 295263097
457899915 432782853
727982625 789864836
805938591 25823734
526033748 308347318
35793294 243927469
992452531 469178821
941666445 729351584
239349478 21453195
612083797 102532013
758422103 318545284
299138465 160754067
298228661 725408084
926180020 10170228
592489331 65409599
340796880 532980314
653647687 886172080
902240192 935245486
400578731 437467059
560038479 261188290
663110495 574043515
710029007 652163401
635921381 75806684
762674323 539204570
298628612 524122577
898697077 318086513
285907782 37793015
127360593 105151725
280861050 122967569
383830407 312106899
227453235 341271427
561226109 744199049
65901638 764189655
876459291 369484380
139977808 836290106
391626830 980546427
126968109 613916415
574911110 789626553
787128194 601920028
942605623 506400463
14800180 113575336
741368411 422777816
929823216 596653155
227007215 316442068
270836129 40586797
467627377 25581349
681553661 497476750
596417641 694384405
77447160 199921966
30266589 247571534
569042510 981824602
285926619 273305440
949757438 295923077
24918002 691965246
592544713 640393155
64263609 465246657
796173240 402668623
58283592 49637924
360249235 406576391
851810490 226348934
421231979 393408235
693107634 528361836
295996945 469019810
297487314 486221885
438647708 698613
697775173 470949828
700039143 406317394
765179190 60891056
331807504 24711242
770452054 931747863
809239035 394598419
173334874 786937839
735296717 319659271
378257531 442262420
5313905 268285987
645004533 877126982
348239382 2039688
38887816 514009511
96262063 727814910
52372730 759448129
363077746 437092973
381309075 404174846
82023002 252775522
740996767 359001518
305170853 741979792
132315376 470848132
583715670 604893771
73717080 232039578
314221492 403597071
545766964 159875944
756356297 519490807
933965021 626627153
204969188 855365447
168086581 286616343
571006232 135081699
785997088 542974049
674973627 169049301
341272327 22431291
948551399 53544138
735489623 15222423
217725692 704958358
41971966 955576262
672944412 400844204
663777014 245521152
625562030 656447911
15884978 446139617
820344540 960914116
361893300 517267945
681386773 626542437
59353336 687030522
598257547 236410767
738781572 476569054
587844277 540751725
227407073 616532927
701195983 951597515
734044572 266543021
27848276 855280284
599064006 274031388
223462540 522840436
673637746 661689955
77594618 543585295
633088313 934019902
14744808 856424648
256296121 54351180
856828391 451873059
301999377 945700498
666607688 966763588
835583847 662853111
925860514 212210037
226342754 161664454
499706705 331731620
185095600 813130799
9576688 523982562
735055490 72490950
66047206 100512997
149051403 778031618
836577240 67040647
926224645 719694271
841459759 6876741
334051116 59004349
347517596 4612544
948481472 829798174
727892112 650603585
390632455 667755500
902629570 527673902
61628872 96090513
966880685 410629781
147673043 818134877
47545359 652633001
697137780 386668804
199752043 947928895
820239363 428820765
237142664 839474512
739737943 509838244
970602992 897331835
848857677 184111225
380307059 273546880
440594502 643415519
196960673 296568518
328785062 594092798
268580435 147054806
772443990 321286753
41275171 720637150
70276419 55431799
710759663 572235824
269225693 715260439
529030490 47300544
659244697 59059444
445614411 715565737
528734063 474371118
756560748 107320488
443982685 324442818
571420332 5542047
978213346 153757204
99325117 376539924
38012035 7728747
384771223 414602415
82272074 201808756
493203699 257244352
11903297 688268991
736403153 150748087
845961468 20270653
126645235 286338474
322415885 355473097
944043360 234265810
211366030 246226588
16930273 122035214
446801819 985464791
193671 336998750
3165651 738689788
923609891 825544810
221912799 85156213
1630924 64035576
251517156 712808460
261223518 700280186
273569551 490522994
546063094 866592126
63841810 21653175
823373430 794804284
3119775 836871129
677429255 471413516
242805235 69098541
179806865 742232044
574291015 61882615
430301509 867332094
567908189 17934298
474134036 41690119
416006905 392206171
258992181 218312946
929986916 145132393
41808034 45136971
61821929 699117521
24341149 440175814
391218013 533798088
691977764 165506742
136446609 190077285
201630336 892218517
541171934 428469796
62820539 158037890
6342305 59194724
941145637 659102654
261752251 443033579
313231055 959937326
397570065 31760733
54767632 832411612
156761610 547739849
773580034 824225398
677578004 14187291
666533638 350019790
538394143 203048363
489526332 749269080
63246879 933671598
609228300 425068719
487862927 641644991
872808352 317692433
607480810 945946719
75175015 385532894
137121840 707516017
392736404 52135195
554605415 495876284
676273564 29388533
802907159 211379054
79336636 106745145
179966412 598979732
209725809 463982806
826139543 64986787
436232702 65223779
144901773 754608882
308532202 682657433
1096775 267914302
501109375 485162711
483823969 153796901
132984139 182892446
783262716 41633451
127467171 179536147
738261563 34820278
800197147 542831489
907569353 111234711
118795024 572426708
91130194 227305848
149312287 113069086
38500100 692214511
215357610 464259606
722229017 24018291
392058202 593339796
609655621 550938849
302142615 461171990
426122310 798774519
730796562 724403775
105213533 360172505
542935100 961570898
262701518 67005583
713854669 717055675
120523106 685636996
441108798 143117191
396423398 136154888
369861966 238879207
422601642 46539726
47212929 539218097
230351619 723690865
341889948 696067295
84274377 49910504
93439787 583330830
688042458 164988693
947915771 72660222
839670933 893450555
54088351 111877146
52848479 916408706
167675120 211972582
775881506 762221429
58478726 498547090
544247241 25661573
219187520 172482928
909908165 626788996
688735682 493504372
936312715 3694122
176867313 992969658
27542547 8457620
229452664 652460797
986527579 368599744
400630854 827011360
891608035 334930450
538922254 249885609
496574510 1442513
522749382 371831873
376001351 779416491
667509289 634239798
519955769 132815150
655730741 855448057
673803670 542385229
212754093 67410847
275300849 919462624
452783000 949256549
136420452 59612196
527680192 6205220
501600779 841167671
315761716 123857890
850303367 62478749
559835846 236750401
371319164 424890814
455764622 930352396
181188371 638533989
206692197 82507698
845724792 157652035
27238762 545036994
572010333 292089450
450045314 316858996
514326390 621031122
114669521 567024928
13530363 373162456
268832322 371545541
23815977 477529018
309466371 710065795
768246465 916976412
68533512 544451361
64987272 900068230
253971592 10558344
914992069 777936867
372664700 60001349
433133766 337227012
144604196 182948620
925428571 985291803
547048322 55883056
162352473 16481601
792126940 385259052
576992536 582205936
344248126 159932445
880712694 856891273
534921205 574552133
160941266 55097294
406254357 34175369
502502034 382274922
741606645 567328500
616623773 25326182
177627566 951615026
878165857 371609265
576832415 173863446
444296911 47011488
187122156 487920917
412582106 550717803
356478714 406023112
134461948 856530861
34473716 172089197
641717680 873992677
608284233 390408295
154586361 244046071
672153644 251480250
998059226 584923819
58502419 723687056
9534684 966450221
244443449 900257463
18593163 497788043
61172508 385672992
523192057 512929594
664189440 205846881
847753017 984338066
437226602 94559540
751608037 829201997
230946469 745659126
634304921 34266124
682666304 294002217
264751222 935365587
207470478 57683955
329000096 537024136
102538788 213352860
354096064 281526392
659087711 438306580
524107907 415865297
92822492 149348714
946094361 29290791
587834622 486709590
513650103 614762485
53243243 526707121
736085781 670007571
214212496 607656439
575319280 232515393
374290969 958556364
543794314 748842403
37651065 998311540
30811428 878148673
87322984 380575577
226406539 556335751
970713951 708736649
232547721 362797507
556449566 406589493
960227952 484292523
178271271 997190707
66654611 350105812
612804928 93966461
6048203 12045116
875643637 95790000
718591222 47849665
910010900 372823950
507350643 62212006
651385391 860971901
807092648 637339415
836960285 959008518
886837373 618612122
191522937 170052694
739830238 38752162
799866402 488366784
349442108 524179457
192600249 866822457
700100621 561529968
208526119 945885402
90310216 98844682
422175252 84524898
780932842 448912846
832275057 283769266
207844211 569035552
926636015 117415503
45814121 454267464
491414405 71675875
911421652 906652914
18119150 39036347
957567681 754362029
707707432 262539339
508477376 110825324
850969591 836028326
922820197 9666056
396133984 400255495
907155914 563471035
818789934 911504460
16174602 867297703
294194288 827661941
234488009 647114061
278351097 850218536
745575337 431683862
948499679 673489200
486788818 248093646
536445181 700418042
334194034 62343716
701494385 133885975
147473977 890540331
762996510 34438844
854438364 139385052
120759339 606591813
764109203 501970577
272455810 229968302
67386780 197840780
59475793 530273560
639837110 63652205
805751437 309905994
73121190 135452352
348048747 887538222
336455606 155039086
221978342 297303120
2481456 347104583
665894460 44040033
661139688 751521918
148894575 276055483
77594545 785027116
11936711 30136786
653163234 621149900
748188240 525141704
335850714 19651261
59972182 601648348
939329913 49032899
849977836 579021301
27051170 742065799
588039786 447443484
647084224 528932115
234370281 435680254
263478591 235004758
22462152 176456558
759647502 266174630
839440939 690639841
859266340 170368825
940989560 599311089
29391095 17088170
452922584 524006106
464702215 301307515
133165244 641201408
111746898 370428045
362832981 55671398
995302877 743711658
882014490 697487418
68416816 734295547
122741830 110974533
249892058 36775313
582090072 620350842
763897834 544019682
907332753 944644208
634707829 277135682
463710586 926775263
737236755 470333805
277965147 564172069
707706210 474500613
358325700 785235140
893850241 405638667
906683144 601108706
681541269 243108201
980369085 297548744
713439304 672539496
46777405 3080291
410254148 305067322
840009001 632854215
457871037 10076274
35994594 167862951
597154789 402846087
672681486 940851677
231806069 3191380
577702168 446461160
781707563 507710619
351775407 633262953
116805702 921967741
285781830 760891045
547445772 953701124
96710803 591975431
305570117 782026906
408212496 33680794
729787837 424288142
607209853 81989267
162434757 847410838
593025372 174264774
329279411 381807432
49920371 106815532
505059421 396209312
96021839 508483939
940503970 906435965
266526908 321521710
517408226 75990820
62528077 396303600
444099457 830692283
128952282 240646197
31504232 964167887
440407805 808863018
657025411 20863439
305148819 446145568
735343940 407366287
114300481 93545741
24350238 585148869
540590829 574247435
938328076 745499535
260986689 550963671
900940296 565382124
792578347 523266643
630932 856105278
188691807 52936963
759505460 513720015
290700756 587810708
614791153 583518025
692549699 397826642
177255384 405458748
892300460 519505581
349949817 873041819
967517136 665998269
117555817 847308863
774161848 734615226
376056000 684061283
890193964 911674755
916847004 63822118
9298748 300992792
229494172 345243149
79188412 518334496
271037798 105568127
332352448 293445988
94511137 615262023
176838948 406658642
886428155 204499733
642637318 706782587
937749156 669554940
688517962 21285652
949713874 465641973
695698709 590015866
347123643 381682779
190546258 317533095
705003422 222719598
532846128 327922621
182712890 458027216
759431330 338054020
440408661 245874955
541223646 701801699
268021047 423988233
589847263 904591466
622348588 728651930
514568419 875900872
672093190 906230258
571225581 825991253
955914648 348262952
861059652 679433609
769716796 545236152
127124466 179956611
519240014 694958337
590138694 740424067
449532847 424807624
570692435 447024240
44959299 37391538
667776111 472789331
248142963 984815823
943873716 350130138
980999852 604275467
929648258 357864662
410736862 8119739
298966267 283552957
255815934 866399254
215309958 4899880
25133955 270767800
54314828 299701335
76401645 301665825
797334462 64104873
8668986 12854580
538450702 243515941
546401903 972239800
999260593 950691315
758426390 588624090
787973604 960089059
873863098 68425129
698802211 94241764
474547820 158355353
91953587 134230414
579409729 780550913
387951386 31755416
31659216 265084317
642198177 14443363
704027834 621984013
233769689 582816624
523141659 600001875
77555987 736101346
722110490 153203545
212462566 795419140
911791711 210564969
208220589 119198660
823245206 968620979
243519239 489876531
647539184 855730891
707288405 581461511
972644771 461978152
324081984 761998874
170525541 697941158
318902576 51229672
45221620 550683909
663217110 822298134
971698579 879679592
213520035 249276647
960055427 293695702
742083662 277480644
357981070 288903100
901088081 44207805
814434688 320626793
522208365 338820353
176804011 62152848
217667874 218022248
18094945 818762955
579527224 734680043
507566207 128694036
975734329 747572518
280006111 593231177
91238389 918753501
869843680 82237872
361291004 865454196
37610730 422659952
191134759 204402037
357431267 725146900
805198864 267494414
295799993 45769995
882649493 45852048
993806300 276415020
453901913 321125106
835319745 74518059
99352387 951797580
350305120 874647589
819628797 978133596
272775350 718105882
281573494 471728900
270033732 122397805
472606048 908999113
490197647 106025573
994383027 846560086
559851678 883753648
543317288 858192632
326502527 159847131
135800767 552572191
198220995 681616603
562429498 557287907
6991357 211165575
513059232 878659453
690669894 421382939
741925050 6748872
203519676 356999095
313493145 691301323
835289087 230476766
36056845 314905639
21448370 520285431
754839345 863899047
78195456 666297295
201484251 274905785
354943508 584152854
850602028 116308719
795253920 702809566
226576901 56239485
800152919 526092831
765778575 517362622
910057331 12397365
23201970 634207151
862858544 552198240
877061023 103045747
470550095 173712195
929704263 628829901
93075092 157594214
833463521 527057833
709721160 511009716
402496872 734349972
366476984 408159997
764302362 752371262
958289076 375707765
740299515 632014079
649927440 853639987
339528528 406793040
926620455 354530227
628605988 198086222
357073235 735394389
51580614 990846522
838902646 256196060
642205514 711958780
556226420 194477552
980782852 643366043
493574582 319268252
158621455 695095750
883245993 405777872
298390732 718054990
471274045 272715744
713247323 340467626
749648999 491259908
326923556 549145970
121756064 543860694
764941393 572982244
550557795 875100375
453275473 806667874
918996147 245165802
125330519 36173809
725065362 196766423
410339032 409622461
153272459 529468617
92753425 226342801
816829993 813962960
411243391 954927711
728916606 429612896
365535589 995732668
681989789 347067345
209949002 409598308
561100832 213420765
249870967 22763954
623269794 403040037
308965501 760521259
226367302 444647852
941380014 462694641
450740527 267244634
20011934 633189455
949218822 43020921
290802605 7952690
689470327 259075388
450705780 794091951
441356980 345061940
454265177 653697911
566410992 792191450
7477506 63956070
552309733 606773256
511490008 274445562
292152400 361402495
234907020 451920083
960956527 621846882
894705807 537177400
121189514 45583288
949666969 510931346
383672167 150706159
301955363 961641455
486455507 51780692
301379564 103340928
3270175 54776733
125940600 54688539
59392161 587230559
275301772 903752633
13568562 283241111
293621172 813186809
884646827 181944357
384112573 17101212
490882415 7211340
473932347 120841735
661302755 486984244
23474947 850210501
790811118 975258217
212121523 693430530
729961342 966053721
384819238 361228048
51120131 131292889
137531649 475851494
133009138 103412129
32228904 4859547
473724996 486354379
24458056 292227313
43954420 906920280
372904016 129287109
15987076 515364011
704571377 759245471
311534202 304925964
455010338 847825704
746635995 733650726
644196510 272585134
331600055 17527178
585692003 361804706
53323676 610225962
709350196 509962778
591094049 248752606
686600728 832420943
777223005 849210595
373950425 122984992
23741804 894279511
354359430 924812942
978130929 302913214
1505520 239931967
70483342 602061184
68443954 237463035
437809007 401166696
610413858 305126705
887289278 127594023
251744993 509915251
793828396 990402511
450947921 360493046
405722733 320737624
330933401 388566547
305361083 467823391
844197539 106215880
541017683 112534882
18378652 929351992
429705204 210838213
242762876 108557351
104895075 944319184
151092084 363339391
587814121 416070766
733668993 860320461
234833875 459468912
341387234 673385669
445985521 233663496
656181913 767767482
233276440 153707343
521052396 212280615
50165153 48999359
105083623 579596073
923190503 140893881
370621655 279239426
33795787 543198208
64451535 300017559
487077941 360774716
453383721 959173619
309571722 679740281
26129915 396736962
43926070 713253798
202431397 183285719
941324589 60060949
8509514 861383846
193347425 118790913
202055762 305660107
466708300 836366852
658544101 270074241
813428842 947836573
174762867 721373996
695277499 67230639
197115951 212452304
457551429 564709637
188926095 147957143
326664080 556829128
184433870 57284942
78727208 52196103
793253738 54892264
453196831 284017720
654336935 307958267
942316937 50426800
3478025 133947455
399401726 315408685
174725342 589133842
465464859 891312205
583913138 244607222
3527169 13285651
276896984 854597648
941140436 585231466
181857256 884667051
825655101 22489242
220814396 448116915
8831209 323881429
387925106 471791419
913099015 625520302
350699501 384637688
452260814 319711387
796609876 772915907
303384054 803462266
81755409 263690779
669950778 13608200
140521427 595870624
84677852 148600684
181822732 550884249
178364448 61847466
719460724 218487408
382610640 367468850
758134148 564657968
819592119 691589968
18530811 449292814
494382374 46540727
317843550 757972701
453269362 760984835
137276784 614131608
96841076 859817771
197100478 705261276
606909703 746415633
71473173 837692011
454266254 924653049
400484874 309982635
167790187 23730696
478489201 30653476
257901961 640792781
808626662 12929541
885702099 855358134
959174472 318498977
54801851 45774485
239095352 557659370
64902067 671765542
118093215 733335037
234878648 654328961
875310629 640761238
66928322 58214566
66700986 569584790
91040086 961294841
884653330 603741572
223580661 36646594
820000801 591705865
101336745 133209261
995154595 788487795
192482430 52207944
94490518 20912179
988999686 658902665
334635709 523990112
796154837 960004422
221044512 595834162
635649795 893769659
860110215 407866759
156320685 528245255
58090242 1593184
658019700 562519726
49276259 293413478
196982780 350928152
420649923 561490527
99544430 893677585
329918714 497354169
335883511 982241352
993451559 813860359
933407047 458460880
287823661 860337278
840197907 923285410
464970547 203725944
680584084 674186265
505918243 881108465
813189893 51278707
956766252 659357709
60112680 569339735
846090816 924654480
475835842 458631755
641527447 210613604
976041754 139204153
509589035 208793879
227452030 882414835
319532089 638976859
208957119 480130220
318840006 159575172
779769008 395883130
331922200 95929101
287801771 702385371
704041017 250646036
70042635 58940460
694712696 753020889
34146738 212105013
763721447 284942402
911321222 462606745
159287774 346437466
769974509 992522854
546366326 528795598
389396564 452863115
641770255 901040495
747081133 222638939
111043786 772559795
734427627 822701327
914513936 274573363
986216072 74544450
735155721 464686382
864982016 519841651
35505701 881965061
411287636 331696518
753905304 993576893
817634696 2425923
335021782 165760896
204892197 670705622
63080474 452915484
807071160 4284493
771025894 394069891
721163089 795409951
958324856 218423625
286747653 964338336
620989273 204868393
546496364 570982540
416794068 787196545
230580259 13091460
58579829 108783569
928330315 158562700
231623315 838134080
45892105 33422219
919158465 476011799
541133316 148904395
71997786 587109443
928844266 89330046
55111679 596683991
988990699 623429687
396525841 848022664
630063164 118279789
543962678 962685744
497424790 214266364
103407833 18932555
31165876 359784611
380158633 180407934
490247897 533584518
222321689 290364427
57772871 342619310
51497695 473956189
354796489 939191173
122239093 708225
740102698 92439899
526145691 302966956
797624252 816153827
793409491 180456623
273337298 266283958
165452260 939427719
757318214 784714959
686270552 423730383
520536564 139063053
226996478 159365962
760027964 687144885
140883048 359135070
704458372 959091949
703693934 966956436
906252980 795492418
447263401 152282394
763055033 713748771
458166009 991406657
4851457 872343396
758494720 566614271
409773062 705836476
578072485 137322350
707442364 304862278
372284817 949928011
341795361 319439620
215415221 718912887
716450998 386415704
12851905 442454650
226369791 375027593
15645359 78135035
771503110 156138308
522449720 258449737
982957014 42696728
809647194 382378198
857732608 827646712
512027863 599304375
622108184 197535677
190099639 168964645
266048569 555060130
52789701 787619582
822416253 332605383
498460175 921609285
948729990 9296301
105627239 475382941
622106617 840628161
737748196 762370770
137209085 69989833
433773409 851620945
848275393 643960
928303612 28176810
140280819 180857570
811011481 481964822
29836616 186318076
94082653 36517099
961951740 631551522
82204211 811368490
605633351 147105942
692322122 366870258
435547117 175474938
592171669 929703178
132155569 847982805
157318730 68913242
800629467 754184468
804031588 927221105
344331450 603387014
698802465 649144833
247138332 41333343
802015620 954888031
141888728 506458294
845846996 57640196
565854021 167237383
278027291 285043470
18887871 268374193
950111912 264740032
839988266 336559993
813724302 666733310
755148903 499973638
98527779 952706770
800975584 183841379
645588865 17595370
67075584 698445952
542665480 723835671
962318268 981642416
168235482 73995471
225307653 455474732
316748894 455787436
606570324 405811599
994710718 83142379
705282855 664922969
888085864 214699246
66993789 185981549
721923985 158322106
731540571 436140690
848658861 463033722
861698634 871098101
581176825 339394298
854345431 449100965
344559857 46300717
459106322 889916694
203724762 727063208
862732816 941383839
136290105 622361124
2351977 980207868
976077146 543341312
992357819 768410573
659322059 353050300
853325862 27798805
805493470 413172863
986122701 759235003
10722858 481031058
95686235 569815564
696901898 351286755
228316795 629163063
526040093 95060611
669032031 338724560
591776964 970078249
26207290 187896654
323310504 559425453
60788422 986603661
576512817 392654477
523281343 547480909
953720335 279273835
30215781 703056561
16169908 829392524
833254910 35251391
19486938 203497563
300262482 792098535
541721078 122439652
248052782 401912438
971707851 738039642
839253985 437390622
478863833 469591186
519694274 176869754
359828200 806030213
921323688 57932675
687291266 42467025
625527408 507403033
850748022 129573945
334458491 368297601
768868695 268299042
123889197 293133538
625347323 437861140
588347759 365615303
201773565 258907198
362020142 541225632
29375802 232500209
753719770 684774209
622020696 502683427
315138536 205690465
264748603 290465006
817772624 511630620
589122446 146051343
15940879 616820850
40272191 577271400
744670631 938275782
15392515 275384703
319836058 246228832
41976782 380920573
609585907 802405099
299823709 829954607
555474621 210218999
583743917 593751944
733264265 42716280
167719297 735971101
69019628 108764485
593798879 625488679
742161151 906856602
99570835 188567173
874610398 307359895
601661867 684861240
776454441 569533887
318009337 785774821
198436742 997353849
19738772 840005462
550770205 930168979
921879640 294152441
276948506 182867386
56235618 79090015
561966126 157494275
946769556 299150271
974638863 257253733
292077079 739423601
75722228 339853628
646764499 970737779
992089882 621307592
224915193 51791335
482233921 103018412
554812794 123703443
147661616 38630511
845916813 11947359
61642797 113462527
543320365 868118491
585472133 696061737
405358232 703856823
560627466 64822049
31901393 6222408
467119248 485432833
989117728 97544971
884223599 591006275
974526093 682755609
548435204 990355013
63110249 961880503
451320368 916628685
140685508 371713993
18593752 472809858
271038199 630432346
402542179 401179503
323797532 10554389
929479487 376227717
978858897 725413071
513261404 115911446
106473850 913174523
813536687 90852954
556277052 849367861
401512880 756492013
363500034 199151288
334298589 309305935
806179643 867092967
736137781 630052963
101171993 927946184
199236286 13304816
656095508 39710083
149534207 84231972
886304870 790561512
220582791 534030860
587597453 11486439
740702820 567701789
538118604 760233494
522756012 55206830
623089577 312618287
693325048 469277308
778767216 931244431
603346660 157302309
459750575 977440183
852255632 621125037
924831161 653586895
540705058 615350012
677775907 899724830
562990146 137706333
169203018 814325139
54666909 869638656
726935754 40695872
26997601 845179513
936452872 750869977
788111304 528561984
134620586 637007929
67184006 973023279
427230233 532372958
72555352 502889735
787563014 892435560
852097922 657082347
416014818 20517662
357195845 992325603
623428452 480984425
219008619 999932762
942903816 77237590
417085889 546265761
207733642 680834584
619238807 984025706
447948399 551601796
118500162 492709453
720404604 213873556
588824730 826954566
200195388 413922021
921849468 777726517
868887679 748348729
251168585 41984092
137056470 37474549
573566310 99531750
243449368 590884003
377862586 424870492
72157152 259160434
756306483 337723181
525287436 189263281
375181378 483034158
903349568 365866840
780932954 245069335
251830625 119119487
565836660 200924930
452081690 376614884
941979534 950358256
320013658 144627562
175731751 469293124
39758804 102597268
504012229 724057670
898929534 426222350
689425264 998333345
327309330 355518757
57584435 481032934
490456977 581226058
615660195 451595015
375484603 933990291
210663760 693723613
358400407 891729978
990147413 875417250
420849 758127644
312804814 452476023
367793624 291316283
141258588 316875999
612713500 150847292
73424034 821170754
192814294 794460138
266551500 474215019
720561119 972366769
769419267 676296971
524829527 114083620
50913786 388436532
695097888 311893623
674604645 62383327
58921056 386285574
169379196 872867174
52148227 285507276
898850428 326400010
628385591 787928300
200238630 351937390
733981422 654106156
522288446 30574873
559903584 892265077
906499854 364554746
801066118 31518805
950874081 86729948
513039520 803145597
75617160 329272565
8628399 313611075
681751512 332839517
761701628 215512353
169266985 899950222
646053776 370106164
806233817 3690217
181158585 696958654
941884871 878569266
892187019 473593509
849172184 381213711
676884572 453388785
648481654 570828172
654799687 286447186
50350091 559917466
876608683 905772695
473685131 846605963
999435177 68838712
351631081 802610583
559356586 381507277
371076508 52843867
989007318 812647573
825705507 526732373
789819805 691629808
271268734 590234473
39100209 81158117
294561969 586467423
831040779 822146461
215980868 457623651
904591715 732675302
53234117 185397891
426462392 289692593
492276294 902343221
887731790 317836181
340591832 232163790
7678632 349480009
693059094 111998220
898671639 877196846
137255836 253410189
459996452 908211395
925119627 864734037
589603619 485536046
857057287 675377996
772833964 658318522
869368761 60349
562675737 902515539
407960142 810724057
657864200 433491468
989112822 69052722
356811740 190299545
768291558 66566721
51667515 121560278
516578774 173557985
729400210 364346175
605180547 226011089
955330188 946184053
808345134 395596341
569241759 11157951
777144860 213841941
789580415 232576646
110969364 489017565
251979945 865167576
173525732 525434332
381739482 131319014
137644252 308542661
700663188 426521223
143562322 140061233
173472416 236666803
833530396 944264218
298724743 685513480
335826457 950000737
281513751 941915720
510289320 560655178
392831717 740436184
979682351 378319355
631741893 352250435
274895765 973323521
58414163 152943797
872172233 103306954
19577198 861663105
942978105 267156012
528870583 156230044
733480028 823907548
539351319 696962080
25277991 446487032
34871605 567811273
119780252 246375550
202221573 494755963
83343416 53307858
12208949 997768634
778865536 734739517
586569149 214138672
10955644 743890280
604841048 982560299
341770044 855138533
529851908 344833308
504854860 980508326
61581956 119620122
46909507 878638468
557613279 967623005
10105658 460709306
607823328 348817347
210839630 768019303
870531732 814781774
116818718 251453711
989739727 718116772
25843024 312111643
404523943 625669261
358229259 775837012
903526902 738911353
178171261 333449068
186503389 59415800
754672982 873651573
55930940 520194880
129701195 675415912
247130939 50746537
169246356 83075744
445806276 903095093
325816686 336059484
828958726 427764738
663204763 922264640
55935731 373394902
182294237 823815893
372988099 783608219
114040703 433719300
503592559 564872927
366762700 922842527
21748022 947011155
939558293 56008664
732098333 24537677
785719983 48645576
163631464 411607880
568369523 20327402
366286626 420738655
718541885 529605277
230515098 543716309
164230893 222381734
920712418 972306320
25560425 225054123
242259537 421608857
465052185 692787385
564755203 66564764
355978345 175806143
235914836 191107183
843556683 26307855
699635817 762246276
987008947 443198437
325987496 125980278
515228441 442318041
723781690 850020482
32118266 243460459
838973584 762051593
819837526 66460544
314515931 839216147
17419314 229370334
299785618 883953607
60973081 917531314
636070128 165702900
131106709 476911114
934798196 880886412
787535799 820230236
178789727 473645859
316305812 619738366
216249913 732880756
1619651 982046892
262015821 381100252
667827172 56799748
659928616 145331166
71885077 758658573
873585438 982827677
861470332 939351725
295897029 830619493
14822079 9393966
803611000 615792419
214389135 452452034
318759893 199803880
555443225 10278651
369983 362174314
40522643 949361747
926967646 86922627
335263670 735658659
409215386 962283183
194997054 790685099
383378339 440552082
972732011 992405904
402108908 801313392
19392898 847185752
517975594 532081588
49984844 332996464
616400346 338647658
591081368 339418151
419918009 163234757
468146610 558425136
163299146 94349465
594913521 192732452
866449748 874508257
581764398 409894398
982912097 783630651
14909252 24225692
162302528 710274919
37980567 71761733
462518147 229667532
268561032 55721759
716450306 795735027
279381761 937167029
160511830 14031880
709682926 911718775
586085215 102183265
309626305 37107001
572227263 947416561
172746989 868496050
53536093 950283728
48776813 174575102
190008546 719738814
696957755 652258076
686797631 553882012
467538393 763996273
6517540 813415151
70686923 278241603
104830092 818378594
500369690 39075903
58742573 563693889
555515091 258761204
701830407 958315519
400848262 555747158
299785950 440344240
430437064 663476284
117761207 853233295
801937585 736474593
69294685 34443642
568682079 180215143
36167135 107741297
703233137 373135952
375346193 340099611
276951948 543820035
581125896 333665601
825803482 761325901
397100702 667429713
650720902 228163805
115064562 988861148
525694529 539397575
103076071 924119576
413703104 22642433
4190373 585421151
75192636 118028522
753964052 676050350
346861553 650318782
826601828 45075239
797456031 740225571
668159368 355377039
201453580 418288031
285137590 685911249
905458048 320988959
724641513 320729977
980654407 56915825
857840223 61678906
5032754 23739340
202311195 991485800
779090199 706592836
268616292 685831551
7887692 99621462
135322948 834718618
285359409 420583777
211212554 502120701
265809316 21775146
226228937 794176139
769115018 4462168
40970454 535027025
925930060 767024374
53696846 129616121
993815127 297668340
130486414 729031256
549167003 654951589
280817593 845880801
572317708 86456643
929911606 82819631
833935909 851205479
641499438 311171711
101020512 533264785
953706514 4616499
234393279 132571302
74935572 54636623
220422982 15689835
136039081 151520769
537092735 390180368
80805645 163320594
675426037 334828706
38928574 711358838
552706745 321297299
558776065 153920705
449766880 70381373
396352601 389111471
545264898 931972443
16348946 516827547
47609789 419987341
59678140 836315913
218842928 302898646
702969257 71719964
553911425 333529373
320706926 342787617
999251799 165739951
891976039 27995906
547728481 868564412
783397427 413309396
799632333 668988373
719578419 192719690
531029969 29496179
834230032 533029439
596947750 511841652
540483122 178700336
915681160 49297045
145350985 449248703
271516728 299929082
988358088 243533106
10132602 745037227
882323045 305691890
888473110 531934995
962521499 645259788
596043739 62057345
322334761 776581811
537004056 659898540
983307152 628828347
398746401 650657576
651885720 53525023
907235792 297554162
105241035 708207998
811614209 434152
511319544 53426326
981824277 427885650
346017458 652619471
587686001 205546324
497607375 847530418
391386108 316466554
378482922 694973805
268773027 615442228
77229537 58405714
622642392 866628950
33419606 591975509
172442895 378834839
941868594 879051665
857460289 458930963
65041695 832331971
525962857 20587722
700065546 322071245
254574857 453874719
875168166 623311413
526992806 428404058
527519723 91392931
231540295 31373861
836464786 172595815
625077754 839417363
6523546 274189041
303640400 251053333
16289224 822388055
508566236 48302595
112520479 548495314
365774263 629004057
237351276 888715585
312557567 836514423
864667069 317711268
826661715 682053792
916951012 90603171
752910681 442652412
722587385 992223749
595565113 430648918
274926037 757954617
39551775 360375646
310447511 754903248
437720253 459449128
836533283 449794817
452901318 30321067
330099358 63952932
961058164 977659971
976687092 678147639
961919491 195501616
621347667 713568860
602992436 879562005
423168685 600019801
579700939 887864186
296384825 599272470
59493649 26298186
390503922 372766243
645098323 489015381
21250582 294665264
272007776 453690063
493041577 214455443
661829391 159164880
2947056 38183364
414046903 64123346
26871797 538304229
580395446 750400310
123185419 572204596
172845547 276815038
956187455 12944790
932221243 793146900
72984555 793676056
957471759 793539138
195366441 696826725
816376788 925438521
560421719 371995728
664257914 806344523
816722329 319840589
181168118 806061488
223612499 251959799
253522625 205731588
742226099 269908620
32346709 322337991
60178469 566808172
662386872 788435676
320293596 727386781
50925545 798040587
339833936 772266058
791757940 23087230
312507323 725659456
538642916 832925257
738787995 854786160
861596490 479286235
953981747 432435312
741073340 731609229
474212105 391848441
397703888 35516698
14089064 210571370
423989029 490391077
585372129 833681988
513444059 571130542
77820612 752180140
8155157 5394589
847263655 268695789
822756223 616516416
827738086 65318642
334203586 985286597
978002208 298960
647971089 45050815
588178871 755710267
313555359 306937254
773487441 386138892
227954726 575881558
49396058 161146817
619781986 149396111
241313664 972241149
852248468 465780596
180571189 485300739
970654976 981039885
808880944 627149375
700241520 12091333
216536045 711229374
188380078 545769965
88924200 897618353
344282125 613028407
13236325 956248814
628802785 440127547
603489388 773880943
736202754 607276278
886904261 459212752
799683150 878560582
254757441 45144533
120496676 776477807
43427953 935615715
863249897 827727513
48922155 507734914
610876039 184898383
712360205 269478625
623217129 288219137
640559346 730297682
808251776 608303747
838705790 163648713
732633281 428665741
56897943 483298658
230070181 225812793
659872747 905557976
680570151 498880904
241959780 872999950
518194634 196750557
691935415 427424650
201233 111386752
780830682 180796405
204434692 499591453
790556807 883007901
550458034 449623362
370058430 439937523
213264041 66426852
284866370 192042509
207653504 106859227
541891095 53441829
775259213 138264929
259509514 764116760
516207919 589499031
356064297 370884328
487169990 104334336
467201607 43205433
380108470 8510468
828908410 453827288
741255976 857580655
537068444 10486064
492180297 730051823
772750541 431283924
490815688 633740697
108786159 171027961
247230300 919677285
151116072 560149240
679326524 514519213
40266340 909354192
23506854 45284274
213196241 285794721
79781208 266564887
394738273 33614130
243425562 84995172
406697036 523626348
797438514 623421573
574856075 721047261
433770734 292784712
659495518 572195638
887999774 198442723
530547654 840930253
433937559 553910891
440332812 394855964
934265265 987509342
893416760 605171776
529940938 445345818
40273818 753935227
959114177 987435875
963202630 554837682
514977404 443559137
338301840 123814128
559611746 772331679
989829524 620778465
897405154 985407630
451847857 193742424
115054826 406712064
159899144 257736394
887334768 454562094
354672129 633499088
921406701 653412786
25896134 726132904
678645981 684454669
305971399 301110197
30076479 960442914
50590004 931306747
509025308 650131641
911137415 598705828
751226873 668801022
257367800 778912126
794597475 897426176
34474758 237524858
640397676 220487986
290664948 235415086
116417831 455905516
449828425 741189972
558936622 218937835
255268944 536073545
723354142 194334669
310883478 137363855
882012181 489710742
71848558 24208204
76685114 807463726
801825392 608180168
485269814 214305249
610929910 727727859
647654579 802651358
902639774 34514396
100492260 212273336
606236875 977404219
388131581 929135848
744739875 720091113
301960886 927745608
9728786 909557090
381041357 17273241
671233606 935853130
567312513 416153087
126166322 452907237
679701783 481451904
297682059 422810525
485290073 920883592
525927630 536490880
441832210 938072424
793493688 526377151
963657107 417814738
253021131 2803504
211406385 634851423
721326288 35412173
68698052 265318921
106741840 36677683
979116074 658637746
466390809 685396772
675288770 43829146
628458687 4881670
21609202 848589037
222943769 849992034
937818786 542495284
88336320 811288165
699273406 3791325
128558228 44084577
866454456 335742145
61893173 736210766
779543555 17988753
398591374 836733762
314188441 548962415
900792647 939515133
87005046 13297493
386320462 59184479
184655898 66300075
456753751 225787632
637894155 400997047
864828505 12716119
418954577 591179555
994694925 547512035
331655929 163088257
940017010 381786373
129719187 1867715
31808331 696758483
601473459 839146178
332196767 441814663
956683380 338031801
61962041 734421759
105956848 512878023
584067878 267293243
758467017 787592304
99741498 50553824
232221603 315201565
900121739 865992636
189101479 968379287
109786099 351282233
934864642 263548816
428133522 18003176
684948068 62370586
67285579 87819009
870431874 469485614
541015106 235484
303772308 876057127
92054373 295928185
752849112 199633988
675922144 909203702
301564173 48685097
582835366 803610907
266238201 157131871
616106991 459005650
971743459 38617295
203988916 291831207
346704409 468289355
625058613 894335564
705492332 331640838
314862196 723459352
95447471 817089047
507031736 903431299
421157436 722361337
808699659 35419562
133963118 579063822
814895804 47378129
477131560 6186775
247208925 493662174
591092557 29506237
836955077 672924888
806059077 703401996
289536912 975147629
163125631 477608435
878637722 194271344
49106920 529730501
457798920 659633750
543399546 105700283
249217599 153564601
690137257 46732656
418833259 606201045
113660147 545905763
617277946 281362702
263720281 648527481
118406686 592556392
520980447 571963000
776240462 704581902
415532302 400998029
989227205 323045836
369515123 528331463
73406977 6993043
962917662 618578841
716276550 636601853
723316771 317044828
323201561 363328703
28995868 629719499
887404998 419625016
945672358 605559941
236113882 894943466
250739936 58540943
685053097 35287802
980792303 813478607
184359369 287662772
60632700 32815506
241617045 15321859
414241333 320658695
557244587 515955705
230904904 96946881
773686894 857768780
754693099 748673849
747954565 461013205
818998998 493691978
421448539 276447507
199426503 726604723
361401757 340019111
490548989 150981017
825176254 146254294
210982078 320015106
422435446 766318859
243553234 37184603
816987199 121175378
282625541 91513843
288494039 736534493
247678120 74159229
850210753 989750659
220233489 161152914
5363651 985700668
52139798 345391149
985979242 514377382
276171158 340731182
72477826 900441220
498749681 156165079
27400605 7900985
210149259 268065362
167123094 800592721
298505293 315515432
653894915 172886009
496941860 614740683
688775365 999766402
797250431 49107982
629207166 162178018
313173717 73062055
40723476 865647923
36040477 354670773
787866931 934137906
892783956 490161204
59307465 28174017
327733243 915072394
169721480 18367589
292522390 223460349
779480424 661024968
875231023 232396346
375170082 239784505
42446031 53619407
568882869 99801127
52973068 57375923
330824165 189085098
616185975 97647034
557113783 639871994
910046762 154530081
718450679 799630582
155513408 606618631
475001522 6970782
566810971 584278513
888312508 112615577
309217312 288983877
936194604 81137840
12876214 763012048
66820827 927794001
293830219 34477377
350403816 588835597
20084623 671465900
712129846 200200730
175087928 827196936
425989100 310502610
908104572 988597425
58407669 985353266
2495385 658649062
935718014 436312155
194665042 4697164
987427195 762526485
648171624 30597993
924614690 405344839
582441252 198176298
351644270 158761601
383899349 15562077
991747229 187244914
798227273 853349945
919661490 935817330
720035415 948633810
203076596 416392953
22141525 342388389
772753261 755240230
466236579 77878034
520858732 378758713
874348574 554293211
955722756 829352729
86792109 624697258
495136906 293524687
623137465 586782857
241939483 686257929
761120172 475717224
766918420 373582488
245123193 101789083
636647064 451790834
223038740 833152345
981056269 959771057
633488885 533207614
68455582 983822098
411131033 980367561
994130876 507500151
510834689 926398431
744936343 784910310
86758194 563501895
8852132 16185223
858448819 219678252
360536354 431867946
337104914 799382942
634359181 15707069
755349087 599915280
83332904 562253787
414286511 315059932
94364281 332006457
734074267 120410811
763013580 934934839
17169086 650292301
361128879 958871637
767110971 351461271
843725172 564226234
499185716 23471999
68672946 380754352
401262932 72047187
793443012 1776930
707738438 613017664
15591240 370848293
39209018 772714970
16852642 396836716
339596393 839260315
783131511 682778066
705327239 347495260
210879027 409367252
75002961 129939677
385527171 258513684
621925130 744104515
130084571 639149272
638303221 496795029
109399281 583998088
48838362 582154302
15940160 538926388
784600200 153512334
721507206 454414091
343828814 655934777
657321543 695832037
655316865 92642774
381859656 403488187
465368057 847525729
303325460 818537257
838364819 998484410
146760314 690310643
664522928 260969251
166413581 944673661
355193780 159898310
881492899 359602513
840419208 577667885
261617878 501854109
16189721 194710728
173628807 597375922
600639703 822044779
614356822 589001351
407265591 593918413
56970537 570041140
469302577 716614155
321030063 889393527
950390466 3213858
334695379 779903026
947328364 816743800
904514889 878906346
37860529 652518484
524753671 51850057
499391132 497016417
5789639 33567134
535246392 973700399
330397833 667658073
56800277 232918706
108139279 816538768
251823819 29845441
142933087 647646589
635349360 661534360
81557317 959710460
664844832 870786391
28766927 663593233
985943678 568069249
685463759 376841568
611128365 3599229
937159773 246877619
212547413 241511705
408139858 592636024
716527909 42935810
539495885 69973824
422516299 534899533
969511602 508140354
308616574 919134961
879845414 638368726
344839669 852074571
13035284 830145786
772380141 348489368
992616621 14636496
832760102 355892094
534837472 984102686
315549542 779069828
258478309 362742221
703273717 249516693
17854902 322002283
545355552 860762753
685721236 598505640
92462775 689828220
197429120 404131292
160250511 948610718
602209216 7449984
589733888 921332321
785610335 838375601
452986727 15563046
158129836 895527856
3347109 484238768
941227706 488167525
75883422 81648550
386654687 59355351
10781372 422474262
847135542 827720117
543839594 979733997
116788253 731675856
924329113 196531328
696509112 707949471
26941 489500166
402704491 904503738
751396049 39095834
827312228 785188703
497316816 914131007
362755599 979522544
697645114 720379477
782695327 434626675
280100373 624748325
535263372 680966673
6136295 124907226
518844432 31603864
697399617 636904325
864815017 263666936
17790257 164366232
539383194 12370889
263068875 449885291
837025641 647256004
748011945 838429882
955803746 8228421
85295207 328564517
685862931 329181137
283707173 294631599
547799246 758507146
779381769 363636544
454700587 887520443
654644155 332000291
118924163 687093074
454404071 605986441
130163318 672966753
377953727 92192260
483152230 668317084
216484983 127186188
850303481 311512799
34654662 489122685
451696539 234508965
7672428 374794519
743642618 691369617
961440935 47974397
188407688 857850345
887857852 11660598
432315388 949524502
753694580 408309041
270335697 716002086
873981596 50358841
18660293 753725002
178367364 15559428
748029789 194855000
442881920 429484841
998297948 436291145
455833707 697980837
206296910 949124540
518115103 484446550
689238275 54972274
98899454 284532608
193079564 667716048
456742765 524153419
218569536 600697697
416044115 255309122
58956089 724385105
330824350 817508821
730667736 910654962
276655038 507036121
17342140 942906171
61786408 654234115
226172624 23622467
540298453 561116272
574056636 805380300
259824577 626164512
138742382 166887859
969797740 771445366
513650330 659953024
947683164 614429626
100713782 111515100
365307801 311232408
960197116 781409044
957671727 997007518
224496364 11648155
993717168 528528833
437528264 431537543
582194351 635708633
163363735 465072911
132558406 785270048
298732835 140952339
560242065 231573943
319171451 89742484
942123312 739095585
564937074 769588280
64278473 311531206
902984478 289404615
788115076 477620082
60001369 419451824
55572366 288924115
995508035 387774341
39759510 652573182
839463614 11637882
197341524 745201387
828776688 910157547
761494013 466521332
808486341 904080339
62568911 342962266
846617963 496693078
68398475 28429760
298775252 394597688
342015477 255096495
765181496 331132259
260531798 118962192
55071632 781422180
831040251 3956916
780820764 54310382
735715252 914784720
295779805 202274135
563641942 816987001
630622236 750409751
197741882 311709485
847172577 211149388
94213563 392020554
800483709 450234680
11578044 869798036
203723777 543881152
558300959 547876531
511475652 44125934
42830927 210410674
31284960 325956209
585025719 916015234
1956279 194776857
939273800 813990005
637352295 354367835
726847736 148485572
661645913 61635538
43891516 490622729
769145016 10431932
372184726 347261637
870701297 623688058
824151555 30437852
231618104 615447313
27265159 755735060
429183235 551442603
858660269 116619417
390311309 195962645
376624641 40764540
691098196 898389059
897593746 385837359
10620058 60694984
269696631 721553675
403669225 235302751
70743366 636293066
392033672 639571301
76407199 714085645
136639752 79548252
947946656 961892055
871082681 544323177
747573102 981521425
268733236 734219223
747132850 812674820
365609683 997561234
727980057 299663330
48510004 348569261
394655443 202796861
25134778 598500829
385391636 759902350
949470475 421057531
