5000 1000000000
0 100000000
781076111 24328218
699772438 809696933
711573930 266919766
669069781 192379066
13845365 6714440
139018508 892092044
326834993 576135302
686226021 868550733
74647565 201344247
240493755 867645885
31498159 62685786
454255520 348656310
20507317 457409473
247348182 62285216
705967912 350176016
223864789 25025023
897104141 951477631
780434507 881436897
386999514 872813084
348675223 704934256
336418296 637457481
214662989 554567526
643627846 956433466
882246326 60476819
670110614 65273721
718606669 732829273
100678191 858370403
102012483 815748144
10811720 978021288
335856123 12341282
405219476 217255630
548789903 680586321
70403505 540836526
98333769 605610092
454845623 871726838
34356779 537726526
52665007 601727909
402550376 86003743
290026520 15131026
902480616 819188608
881783141 846541542
606955976 985495908
691590010 530424733
36203478 29525729
873281587 543762954
776741658 22881699
630523612 923881296
971549513 785921129
626699450 289482729
207448657 512747399
86616449 290888738
273519312 825407842
475098075 530743453
243413659 151137015
719388136 61210318
354699067 118576213
82477496 89443710
654221932 277103902
96763347 374618444
851386013 466760969
188905905 54361383
305439603 100893795
956230210 752446165
294746693 804490378
59960936 157541231
51161248 596557936
64674680 768221154
2905798 18095390
305502653 518900079
888647720 877980207
700666100 719249964
457399280 837995089
329671889 170032514
72295800 17355206
440582521 149768365
900230356 846047465
75429894 946299711
341755716 568961186
419605254 669714333
5126083 662900465
695847675 641991552
962224507 313929065
634299101 183500917
843564622 324117426
930165908 123640925
805178191 783753221
613508478 3297774
818318662 25011635
996211439 779989296
462243120 783998879
89417388 151513089
924777660 422931648
39969647 898079378
694801103 212878496
742547814 31951848
52807168 824612320
28295860 629315164
957795102 732278961
430335982 174584859
658562470 193722204
50938527 513169318
70625358 70177978
300577733 759125075
508536701 337788606
918185042 497354
109729743 912929511
93910444 138734985
130149013 63523534
126626862 272507233
636897875 502712990
962389412 879599095
629698369 142523286
383030738 616557123
444335051 234687625
771773166 768733460
68914960 761365086
980300321 171153803
373205863 254572689
141456394 779674
209598165 45117872
542310715 744463503
763370392 55736286
967882426 407105412
405934752 97078612
916292225 42986474
50898960 224259291
653414399 421405705
759497154 153803347
327763093 563776886
439001024 962413359
293456922 382578081
11430603 477359863
493843799 265764938
716732633 612302789
52581515 352872967
66127759 878838472
852161001 19263680
487539915 621924548
540783125 715441203
957321500 315965072
305551018 351098480
135384647 847519127
569014 697910366
781628356 785026136
40636222 968117812
348287807 224696037
314473395 117186561
33448727 476161895
977757827 354478629
641938660 660719257
192408458 50612694
759801322 886582344
146904732 737771932
30918566 189374426
400142333 285704660
452608585 49438403
22777576 170246449
920724279 84610834
504330253 65215285
572371336 352234467
236942859 715864766
115544711 162826730
543312378 536641140
71745078 281794031
60216804 531690843
226444232 527736652
624759623 792352072
287792678 800254064
483889044 981237090
679008363 93947743
522926259 24294568
244466280 16190510
964524412 863302764
531756320 479343501
349578816 342666450
544859980 929518390
21018942 304128338
221073881 233627263
151576366 594460475
821077093 28809933
201151418 354844717
84724166 878189598
581799424 592040605
405388419 814838142
162348306 441242197
33071448 60975507
349148277 5558513
74902967 545411346
711682213 108637795
925075522 817478983
110631824 33915249
575308114 832822416
108124438 766775346
608191859 430773986
995271568 854792340
70802405 93650500
102412358 992143577
294333213 766185295
979997687 148129813
183602498 588497332
165789524 420163250
231158960 352479414
929516421 209604332
222879864 503243691
308287139 416607574
299294942 421568128
972402749 32016723
3238874 62494769
676402644 453367197
683426199 211154261
98549598 271188161
515678455 758320273
76544966 927255969
396004365 856591136
51387755 695761905
303979682 316281681
940930717 609747131
95660209 693823240
630302243 858394331
430470890 145168444
335328183 539389827
610976563 224921976
361659527 766913208
852284194 8287322
293662646 397803475
390191748 642153495
391125722 481472002
18804698 399391221
972752508 254610628
467357911 203579856
859988636 785839216
911242979 730128534
250053418 164820655
838466458 273352394
502213773 637036285
976506190 337393924
836743199 839758636
58700673 623898736
536991919 57852384
314385260 596740939
211724030 23321877
208692347 106884457
44602434 439195285
201131214 151318705
956194984 679199874
49061305 545629599
564124618 579827666
539453509 951313345
687424828 924581582
60676012 963881531
59071748 914877842
529383394 335335492
246037533 69957264
599160328 404194726
72717043 261034765
413305079 291414850
72072172 363854754
82310074 746539913
693760474 708505788
73306642 611834628
876108424 147870492
292542197 937011405
80199990 776047704
407108873 637966100
15359252 970147672
974180138 880079771
130293194 377125082
441740008 5201466
754730992 740210671
430771977 35942747
6264726 416999036
488501251 18849920
52981438 842639802
491281539 944265401
657718749 242856630
35088361 768041775
45005405 365614801
738435274 968719771
861604639 462321729
121979246 58944205
827992817 66942093
253917263 820888875
377182492 393092886
455584415 528698152
796165081 529020298
436617922 231162834
985595606 881880174
416122064 242572614
869515190 346191261
305279765 693704504
644901518 680202947
97026705 143799152
164736617 353086945
390651769 768702024
603582917 336937421
902529460 798570288
887705364 369857199
185356638 48494377
702931259 721729157
849910600 845710158
414507030 872967583
962565494 533696838
48172275 475024164
609399711 889091027
552529683 445164940
4541361 525486407
900751404 974030627
953911883 947500553
695298281 741537420
937342785 1760019
759393640 561393468
209144347 51959928
641182139 718090747
443534998 214419928
547585640 584930663
292985122 138009322
190549225 524164720
744115042 729273850
989471789 700082397
944548015 274447975
890797333 26042309
606157461 433320228
59950839 614745623
395068757 555554105
264766495 551522067
308677729 722066496
98022985 760301262
333965028 624693992
71995687 192727730
166503479 728301941
961788130 815256060
137478252 345480254
168426129 919225917
127297735 140510253
699407556 376368089
761024576 472766275
988883452 659544714
442913795 947704081
515458864 703317470
41578480 102546240
259362889 414356917
192840476 594423306
72860839 21384900
884859981 564371647
479314842 632965909
102909570 167955009
311908585 634700421
125431145 723603849
928995663 810328900
68708325 774393375
899780345 7467095
8785042 873666725
488207881 158379035
531934266 988703565
901925142 730184888
977569373 186176095
454745513 424437938
667451311 746777780
526569666 116772189
932744857 602930237
920453969 119955811
464611765 942950013
722331326 875789633
535772246 64781066
368810337 560280519
693218046 879830545
627987210 339049115
27221478 330112207
640721275 93266614
279713659 13074969
391050473 722575590
529319131 867189972
89586815 139175498
199435868 770124414
764990170 134154458
85520901 935321507
694680206 492862428
926482962 631101544
559393439 760486000
36768117 624460036
142568201 68742148
957388880 316259906
532021561 948409057
692646012 379272705
14068882 424430749
703375876 162109363
838709993 170895526
854697898 595868898
13221129 726740158
13898081 792476070
630850352 771917689
635329234 145999152
785500560 906512577
626672601 568304194
873770190 47671890
54929156 268881845
294239878 551036990
59866650 553814258
723055046 581183850
418159762 947721849
934041486 575141903
135673879 892595805
342928215 176147002
353626891 506766534
538161033 670865997
504087297 404827246
503732739 44044156
42489153 577496868
565891223 52653135
313828168 479823436
31798667 106727719
111005510 327236445
331072537 980633778
30922397 378255457
775339247 741024886
80074857 351469689
894476976 505459532
667506163 50694230
759580274 228735970
110267197 123774657
366289982 65981751
895074681 808867093
226332563 796403490
599240081 814235583
19391970 86176459
199742625 627812037
157830420 696535856
705118328 591859260
297036800 572757410
995427355 185908944
800045814 247212614
91459650 664639040
73715255 712526997
631592921 314550239
186592378 355922908
672089216 581512468
883796840 617014204
653884171 521881051
178297888 42945194
839675907 51199809
445269941 919956593
33128994 737535469
691977131 38993067
431890652 318362258
773121661 227200333
836332753 910020222
371426330 603398425
328659036 203174414
260528739 82694697
45058054 604098358
479937967 48048234
975737620 330162686
792532296 270842909
931779574 745558272
202258411 408313432
908486869 946650604
900741195 561369475
878329358 71146499
537397647 892948956
643959985 372789920
729523151 306736627
899571457 799496619
674459803 628895535
131032311 41165858
559482741 186749512
240654527 376193181
811219538 406179787
494875450 504246207
405008924 732492953
195752058 70958788
677862195 127715943
413475913 695572477
685105639 849645632
483958435 280103242
207945472 554074878
9658423 10688677
747230263 637220309
994320106 787518103
209557690 753613512
448535124 420816064
611997099 984816434
309313600 698285651
888959650 920690751
313696560 627785880
570528294 22585711
670938328 552288105
374029880 899473178
573140638 29837236
781903049 939611879
61907489 774173184
754230334 855027796
955365294 98168545
870279155 507814706
392900812 196766595
161698998 870640165
620690609 416313380
596280647 826489640
657464523 27164824
958502623 545099782
979605816 761528008
527861158 698597090
824264014 928024364
744118586 737632945
995251221 70818644
564011311 522982331
360824008 131039845
542589322 17704476
1929047 964485012
605785925 818181194
51973862 34131116
105102543 336077701
523679824 417278607
153720457 745603176
154780318 282863533
728371017 917296481
355571602 429429903
52600026 928664880
733349406 178696782
557081722 340515690
750788844 476581148
15101274 902165753
518759128 760372409
623730467 800888986
649438065 254522623
71594091 857319261
96246652 474842711
150972741 116788520
570636657 350383682
536365487 165493044
355206651 69654481
443909153 990766735
62707836 766143533
530966532 196523161
12669319 42783504
192534583 943361927
521396581 515982154
434309004 695003363
210716817 239952701
437699913 500383753
492515388 445086049
701110697 451279531
556252362 525855937
947303000 642616655
637873234 679056764
311795451 120058828
128482082 381279556
887381413 255949264
111466552 221720547
664811363 744084317
666069450 648199089
566914225 23266631
451699135 847151647
878981634 130162104
722166324 979384368
35140156 948649132
883798520 254703354
612113722 36479604
630407441 509721641
457748553 732940856
64781621 256162429
732092076 32538222
28453968 674560583
156648471 887489893
49252612 4587502
766614327 55049659
307959078 512294513
986028585 962986730
149532219 591397852
648320766 46839735
654369792 556514770
782388285 293971138
491619558 12695562
311784801 291453690
127921297 285976273
404077399 817605157
875092057 618936197
364802306 936830812
851119050 943206680
107683767 228474764
739034403 491152531
612000705 150073335
16024027 836726161
218929373 165875377
833393431 480625344
725866175 452412195
219120181 307140195
730119563 442683019
668648773 585172690
917836381 726525050
468566923 251010808
897461187 789697365
260680190 620209876
461975101 108756181
76681163 644072441
985864387 453484167
801925843 889711119
513417535 807856717
404706345 138746703
792617231 14689497
37311124 709851403
484594053 186044474
165097748 30366242
318380135 616648776
83152725 153972113
863806575 20031286
387746365 264296158
438376907 5385225
245374564 723509931
664997534 729697561
796038807 844576041
352196477 52989588
174637140 650478753
246457331 975312126
477818960 693885421
402336510 986458536
906041076 937238781
908044176 476370748
704128220 840796499
597910799 574750776
87834455 658814599
193666005 682361197
231556329 722157764
211836337 505174655
168534476 855344457
78402148 75409001
268170347 1572072
599573540 980509687
478314982 908009099
123665437 209948234
849869457 19394986
501444331 242681176
47418997 284095703
295483681 15072360
437408205 537471026
8659396 612725915
424735113 281603061
562079953 391950687
882784207 410357481
865701812 571557113
980213877 405498094
491059663 253630212
583974281 35027831
362678009 800159468
649702345 112550412
994310651 753611890
524637995 169415367
932635924 555550763
753586006 556101335
704161399 957008897
650472487 382542592
453883080 489292721
298975789 962123801
939342754 585315660
540075821 799060877
363726868 97489334
945964703 374319067
7437086 687566122
76170799 622990613
960661562 539199412
162396734 472332644
23421902 16295349
116664926 956330371
1719226 12725857
484926937 874465600
433311698 67669060
18292265 101276670
521144408 500286395
526437762 882181429
832603273 14699380
86251333 673964272
427712274 586688247
15873674 151493710
195212437 263599899
835658400 611718658
28272168 761777295
100624771 437636820
60366295 239910995
777279595 286730782
551455007 165076028
459841085 897416783
466474354 501814132
678885911 29535082
113602229 404392696
312274889 907885960
285995972 116584984
941149270 431393107
94989548 858467066
529365624 737435785
380110960 552583960
121415449 531775615
810886917 421411773
11693017 69209243
343783510 981901964
973440400 972967640
35167616 321583609
286196930 819972165
176592791 25031118
380966445 745099655
818786336 497446824
472204608 294751059
954055061 716957559
766429857 4658420
13617636 268960769
436363430 448057035
129843440 440868703
24405980 376870602
16995598 82217855
758700931 38523640
796913546 189180577
782734863 995471857
148035871 33085402
108717481 300294499
547305090 939532180
336425132 583897746
466179288 538167307
211511849 982661332
733431355 31140305
981833316 642602006
294702650 858740811
76324693 283705685
696327766 425531955
24735526 677567269
39426180 845263380
962664124 185166382
584588722 640480977
819670567 19012521
417191483 534821918
608947505 607208424
951489138 789646084
220069333 271194828
643278109 822323810
345946820 79646797
204950007 32536423
322827233 278436598
512561708 910200345
399270597 707908198
647241952 466665937
918400829 353832911
365442985 53372348
560423879 254254714
556274448 282682716
88093209 97795138
611555092 377695493
857835418 325036565
225266600 877683296
243790311 69110902
253339952 34991339
80663375 599235581
486454535 10210935
209119063 308553174
778366460 316427177
744527671 573496382
160827600 61348473
185572955 10038536
387972282 955063480
99221219 232956958
24417763 820745346
276153892 44137976
37000171 796913871
463249700 722636328
962806370 895259623
82493730 776686031
883861840 619292136
231477260 723297829
11351981 863857987
449918214 592422644
666335721 581039933
988440810 343931165
26020964 22188143
917215939 492344081
815405560 893259078
663348304 718906713
690836588 201613956
387763847 764664591
683705599 343281084
643655184 384428643
926422754 71140313
21747141 508589335
364293564 186624921
3575098 244168964
971162152 808768011
317481263 452694162
287641139 523319060
470369310 19528002
199772640 67488238
372275380 405120553
819443620 968994216
652660815 699173996
941752554 130215328
37365124 997951429
783835791 252103181
6789276 579139845
562833767 23166583
589005331 63795343
282197687 106402876
212739865 564879065
725583033 744667917
694726673 822580464
290341659 573272431
140334356 916296945
544727936 936213819
641617006 742044304
108543485 672576541
77676319 771490709
479114653 700945433
155028827 798203994
180020446 147958785
623698699 964965455
855579185 127456256
69868618 778198646
614442110 137508371
64190953 403988967
392425374 34299018
853976556 24697931
785543392 623824012
411437066 34618981
91644804 125278865
57993777 959969927
1856835 31332070
559443200 996668694
689046213 397603884
502778955 830191374
325583913 192346584
175960986 663213695
103893377 1981621
212984490 229581068
801204051 575579997
373645803 90819691
552514329 429937348
604309248 918583016
273756098 31239853
86247746 764213218
629426735 742423091
712336958 52541003
207840694 683117634
34737201 898566958
273463458 388230171
10686612 148119074
63352497 9812435
881942667 405756375
365090710 949085908
156371315 827644561
819318645 105725531
346323806 491481255
176209769 368098808
291854222 900495619
13700608 836058641
651674876 31620518
188831678 63367776
937301204 476710433
971839383 507710065
977155830 538095645
618555253 230332964
367001206 490530772
625261239 835629617
202061341 387643542
12081839 512966815
648807654 150072645
108864804 97390923
797975170 861487322
918144207 674670184
799431637 830004958
432079325 246898937
910190454 374109168
558697587 195819864
676366899 299863621
928666405 69289907
397216650 512888356
426205053 18373770
575502897 911566438
1620090 146958642
428490896 267005181
880988431 69774932
828311874 606567273
794325153 309393007
933852055 993173316
674902921 638782034
325621781 29694647
787580311 304332196
201186546 644478210
843589773 563017052
409705115 52596984
323666080 468793928
916000816 883822466
8859898 383504778
176957446 2286103
424560699 252683542
95292452 238956874
418495732 163675190
369822407 848652092
168196650 37403141
495962846 142118437
27376601 86353912
827052174 506617552
580746094 364526161
548426159 232512284
684895308 51375275
80796237 581135995
12811847 122886257
396476712 101080695
215886893 346380134
322694196 890637096
884163641 777481246
420963610 35370430
608110749 170752642
558906805 64672510
354896385 966594640
836977814 248174526
93375998 453934490
502270336 509517160
996424610 320535875
217592301 138526844
260855792 231648645
169745800 489720589
20222558 132601965
459823792 372925763
286056789 538217564
553446139 167712216
612626100 809043080
13307312 703779483
822875212 782754170
70470731 127443184
794503269 392573326
625196287 566822478
379984441 493701494
234194732 971737279
535158388 602270903
158640621 826048356
286567354 64027689
620066956 772190958
275646240 62056059
42686730 149605926
68605617 53478573
946768028 35135079
526352364 45755029
943271977 49797661
972587073 80731997
42663628 225375057
390208919 147963391
139579481 890463253
931336392 568429006
368856529 142119702
381893667 29011695
784803309 74101267
940337129 898041050
838123417 885303391
950750929 791025374
766244981 565642081
728660612 375831708
43491156 83998485
4924960 575308424
892467906 121056905
430156986 977691243
150358391 83700833
729608662 528436195
195877605 474610515
180838893 504167649
715399600 27684524
110849263 104442409
898519599 493662921
789777597 767621078
767428336 822832542
680219054 957399508
493434161 71282483
115457803 747156580
921071976 442151458
817330068 96122012
5552572 796912667
179190265 480942308
752864395 38315103
715795810 219066746
73019105 185341513
319978983 663625967
546113287 24658880
906905880 721585320
912923378 937663430
13195894 96005469
888152784 41534701
783169528 514664349
845400959 874789852
615317128 651220040
120309013 700719567
343150212 843403540
890427225 51123988
666339389 429781257
377669191 666999695
862623867 589333765
365528720 351977270
855938295 872756280
743916056 845193877
196929759 162931881
704359543 795756363
399397205 990802864
69969785 682635403
968124912 27033209
758855582 352637853
929958202 182418055
866306202 987617371
498887985 294215215
691716566 763177396
727726022 52678424
310307565 305681964
73317217 324279491
499916848 766885978
759043931 420656381
581064482 959324009
239477890 468922478
685929213 68322710
52914072 727865613
940566827 55505593
406687701 595410089
781202894 713154741
298282849 45677409
552214585 893872134
590285787 757572141
17289076 980573756
810035413 967704404
225685180 753303673
9114708 793382644
144384512 685548533
610186581 206987645
940477029 152843899
608900163 995790390
733878980 71306986
541457282 341060534
222166055 301272501
954864104 636491884
922894927 406490468
643236158 114168599
329461809 547431185
460169923 784343887
85576820 361443051
823065513 403362299
335660532 124632246
425691542 681718232
651667522 974107720
453402404 594524152
20701218 969529869
342528098 562881601
187600908 952573829
116911953 327432682
542389420 876889025
710514791 177539073
657529186 567264234
129945360 166625768
812457154 613063610
488024616 536029139
504448276 174609921
139759746 125173580
315139286 292351265
984384868 284990384
690065205 888077202
869582088 335541935
852106392 47692895
88453405 673716431
70923540 954358695
494505284 647139817
770975482 702224156
455904148 856474027
69365060 719400584
681388311 223735828
5079083 145007683
516643402 710948347
344819095 78237118
817465248 361706889
376012704 444838908
514677248 435757754
538473242 219825171
829085506 866458593
559563783 4949422
31524021 147739169
575656992 3267984
778704285 723452404
314353489 307907079
436343726 553008039
558291002 923678588
462561171 916650972
448027824 881807083
925576041 396792839
288299578 267309155
81674564 804709105
193120916 307426182
604000168 355982649
12674606 372348940
912770577 939615694
25860783 479479359
598507884 488535670
725629804 710246272
610928796 516528202
189745650 761388736
360388854 905030711
208500865 704088328
322896580 192250750
292665485 803827187
483775942 292046901
479612734 400054319
63378348 608974277
52064241 142233087
155643550 878190954
244146870 64307643
90964405 917754550
670868689 15190093
48125822 515386382
860168505 854383543
169387647 523379499
877290268 445683593
473383850 866060698
567333976 121474412
574808811 829334844
79692291 575902617
644600224 558045383
526495972 671489890
988036379 539991107
480330232 748266920
757137185 150635918
122382063 698665826
18299502 626761945
156214956 324068893
880854832 658299177
855617992 899206262
169275272 704196823
172918543 428373665
483851276 278543
571566081 847212262
993890375 774782805
960470355 325980703
177002295 819497980
573737835 739745852
839253966 826393773
837162728 240196799
237832562 79683558
926341400 994115392
738844797 429543032
975414400 949990378
207833790 810230792
51337559 771255292
788800502 482217871
704350731 166182473
637069915 261137369
768569275 794630072
818912024 659812362
328216251 718863301
534306507 164128788
229174036 799905022
63650821 86089027
723791105 490771846
185423312 960939697
250549619 206104470
685974561 151951826
790192781 604909047
750830697 327414506
471057448 934024329
595608585 891374993
267550801 726659263
641627863 286592310
95053766 561459745
899208095 578753945
408033917 808690377
485466269 363967312
711203869 510130150
497446916 695194691
352008323 688435773
576744571 405770288
521451582 274517666
977532314 156827943
20257555 758990467
473533553 176581647
380493435 240410718
841715713 281164063
416431648 492818501
742836673 30096486
172100707 208480353
473483803 89181764
740623576 186554733
410129644 506803183
553953992 65372983
660938247 197941231
470494639 558421282
851842483 857428641
407313852 454868646
46892328 270156472
401043539 197930958
23968534 787674551
729601166 227584441
94767135 759292025
20666296 532143898
649251672 55830441
10260432 333423801
391139020 359200842
329863693 54112752
150991864 217280561
975856468 197669166
390279248 970348166
217366723 362848375
987748792 891461
187097642 539558369
85639948 854678724
352290957 391863321
586983577 980006435
857772707 822119132
680553634 675189213
634167641 301457279
606151644 390956352
9355855 997036392
964620786 946254316
863938139 2424466
87569922 730541654
510972418 28228620
132155165 556711496
341272065 900789883
424378571 58186590
676585930 857842324
600891269 662572427
683274751 126516643
663153977 109745042
641320185 340090375
92847562 62886284
52965188 868209586
322124685 526011241
179904544 649599150
895747021 871029096
272950785 159371667
62657352 597521566
377766672 288955922
870138544 259374453
54003624 286882158
212538155 9356329
7190747 128346877
562940627 56709965
666153194 871990956
363618614 217461828
493377488 855489912
657505239 271846344
904680888 615546357
42482348 488190054
142987650 425665739
497063070 764710144
245118274 116079924
455771148 53362505
184107712 101159295
903398216 843727438
956823545 393808785
866015512 928846568
68502429 827778398
552711478 10461769
110135695 340339060
336338129 659259001
290191209 684360561
942139146 409710798
985213173 610852999
549489016 841607799
909089972 922869760
617936036 721758963
858093659 431028
35963021 649065113
74653009 196776084
141764901 390953746
261459251 410111778
214162131 649281498
65609296 601086966
614272751 665441987
434995245 1628220
692615241 254449778
444862466 827050545
51281826 899782880
774896955 310984105
14747184 539815898
878067192 54572171
497005599 299618690
578737038 477259603
256491788 619738827
731012868 770823567
105698440 740185601
790398358 60991075
918347930 466299711
814392629 851237126
254773309 995053815
376166661 789071170
6537693 506751086
833736157 673246200
847447519 628478525
217016011 783423385
73037591 146929361
60436878 565955758
983671632 666394347
558476058 600705618
960118215 589995041
150393879 407689906
705029552 46282586
607950178 682308500
807989935 138750807
446264459 296855245
592023904 214620454
279648341 951608008
315633616 235377837
796171577 149521158
287816194 92810021
865614308 411218073
117155435 763983259
77280180 370315945
242963062 305885552
338010943 35603694
378908416 721365210
88049868 376166972
238927069 1024352
462794968 925653235
396876113 36080738
850716818 340971402
59398808 297577873
28358750 348676878
341671008 944079727
208448087 793176476
161160265 326644184
516524742 261851880
855688812 807543416
939114668 65417402
197857745 386131792
68671036 836126572
503074038 638460726
688802146 334417518
764738127 832946770
566758454 53112513
735714497 769622690
159227274 775953792
848450598 532991094
820878178 450377810
121981388 378395381
557441398 383269369
645819638 753317015
723824049 865921223
386432858 305001384
45730484 785715491
87224737 464707275
143705685 667043336
638423018 502747509
486679066 477524358
581664327 233796718
594779070 790017344
190809406 708855380
261320628 857316076
318844489 746779671
540026782 42472662
304656470 41910654
645656278 457035357
309308488 259211680
357086950 69618804
565393781 894115692
407710735 981524003
760300070 635942434
861960646 656334084
627716122 12546007
700112690 463584710
673212675 505851894
758649776 398454957
886577928 612562873
362216271 377426448
662133057 227975860
531901268 595127001
769597 901487946
886259383 941048073
403741312 415082293
970357412 551024689
564206846 454761475
646103803 713556474
382145441 457378708
616619728 394960542
850535880 181904029
936938732 487714157
412392134 267182888
733374538 677465418
115582559 776449298
203857051 739282219
311723342 950048395
605645507 894004380
710961602 165778585
81755481 151317563
570472413 107410326
359402795 156331581
91394611 624730029
697685432 579610345
875804241 23346529
559045044 10968344
75835699 856592902
268171143 207977148
782808013 820001862
730680782 815459669
2240387 959364254
65269721 661575293
385426097 54611422
33516075 261721181
620014884 949095852
792794877 161933877
987776158 906884353
78365371 489877721
466010454 357605547
35987590 640431919
406305398 38870984
229936816 169093810
830681756 50693202
449030979 893198321
83563609 782379407
425539707 537670416
60404916 383237277
762204487 473495622
390390185 588744428
772206028 705330270
302279331 460123842
748140514 362583351
223232262 626178488
70528917 471597635
322835111 217503035
819077029 419978508
896757841 377057037
780722694 997251498
810318401 388750786
550564961 54089550
372071595 382884164
29777041 106315963
45685812 954368847
426106151 41153222
370618998 767836149
20230118 473640670
942635647 739368475
360926280 679905151
602664274 836079610
816195576 632186045
980987492 231682975
373034838 52771007
512059424 816671596
678295542 12792385
394328164 106006165
180576032 33118994
21209857 386972067
292040273 320370836
693194816 821012213
946499512 546352703
907101528 417806138
586732219 499930653
41593592 69222903
581173360 503651151
693651908 423036423
111198244 965220999
1506511 964260375
855894999 989090443
101642789 304528678
242878 343598265
499148101 900812555
557496256 488482173
867067295 23211757
350478842 368213213
832348954 815758797
454829371 928978670
970033808 975203065
891518088 106783836
710292048 490291351
748306585 834104038
674469531 957770272
583322713 927622623
850863655 295012065
667447658 289715886
51664031 545686139
434846880 728212815
430618914 787184996
215419521 541487312
356329152 909575524
953707468 48850388
976968960 160472601
840653294 370770196
66695773 118430068
669989774 227412954
596789956 284966970
738572546 61015683
186569751 252988036
28434648 513067271
16454317 935602239
891886671 626088296
990297551 560765356
985887707 147132484
31501373 463443937
372843428 923973450
472633511 274730310
166035463 477017020
30180916 761552409
235350547 811611890
388574463 357843179
268178446 184532695
812226197 420046624
965072366 37250665
481870456 953152883
545248 252085821
964848287 765774960
2973379 985244921
229990388 981016824
120389295 338835417
755054292 91088064
637505384 757281579
588858259 957808339
883725035 525429459
653354742 767185931
528511465 433242823
369044150 445587356
569002566 911290259
930885123 251698058
230376346 373753558
128049663 870938925
442971057 138485700
183277119 349678004
11061514 891208610
693851470 827029151
63390044 357559885
296554794 368470595
80452109 773349043
614834116 39894601
97310905 382465880
675841924 9899056
925289905 101838547
52206531 744534985
844718712 656592975
63905614 746685366
21360200 923388938
377090795 503391219
762305163 702797785
64634316 788313675
389846883 404725666
546844189 730052833
355688483 868074976
109359996 383282858
457002963 93385763
997311867 212768750
702924208 847133581
611561504 711719626
93952426 146589014
18952293 6831025
904470756 353653577
785539256 187532774
214270519 2134085
870413692 884409347
901864111 864989374
317344135 498313334
223523340 123527993
638335650 784483839
1064771 924520659
36099596 833976371
838040827 523103674
572314871 852483068
764907024 34167218
437381385 705173527
461009427 359895185
313317596 742765972
20613576 398863043
206990462 614680665
148532135 757886408
712485362 363587488
268175452 81915057
113140142 580712052
59430214 108394663
207031067 547830840
687735548 118055268
456421657 808176928
831434180 110036408
860270200 503235254
31972377 889992197
667089535 212223062
694694703 71045314
442484072 630841266
149774694 651692285
49928929 310554960
774133465 432750290
618467470 48435974
952104914 494702069
234155651 525883013
760601427 956992045
102363082 114424268
345837455 723978709
139246819 4336047
581906030 659830365
697299518 467434075
642204173 455568584
203910338 65459657
194875 998665772
450487882 33798220
564210685 434790453
204431907 242018057
356724747 27172259
766634383 214839929
212663633 486528711
925800517 361086698
948118128 582746633
636713199 115514619
663554362 185932901
537932202 510112291
771001145 220051946
530022538 436728107
344249897 603612730
635340819 560554671
267034745 471979277
918219713 925105569
73065421 681370285
465845377 838913990
920068991 4613243
798340405 44182582
140684570 51038569
822822708 650470881
558756062 657033853
511964872 645497862
644797503 779348821
421431215 23891642
469700710 596314782
268401050 639718758
349902510 522568347
864638129 382583112
700433704 357128612
815973901 446279153
948693783 713982628
871631932 920555974
729849205 291614106
891859905 812217984
142760812 792602649
170632081 347521452
139789022 166923721
40597911 188173612
903943389 21446370
169391921 780914612
359615028 909959865
358989232 768152909
334198748 11409963
331782876 900990933
42400135 983336499
724706670 570787709
174106 392262235
996141461 916919114
736053803 277959489
688579953 552878485
162143367 557446426
825136539 16418955
775541934 783889963
71979419 985290413
444903253 40238416
698218608 258308945
585368803 819117179
711683340 50599198
508833268 184839467
87548629 800918677
498153433 69327608
688421413 587729028
721086742 112436240
950414538 721025680
278042083 963997615
366709383 763176372
679199915 949842601
884295058 758165692
865837712 421228005
918556436 446938825
955860966 426719455
239977388 764991441
754863283 518836773
699426796 105029916
548810037 989347802
645625050 378037704
957218396 944291895
214299761 323022662
773091915 807848453
308833821 762719706
305867996 665672996
641475395 329527583
563505177 889791240
56499126 989393025
421193924 750346038
208470595 814965697
366953167 382578635
784945446 851864436
12788708 740990453
232017554 307530116
665922015 465829497
909269293 464873902
550974288 400597547
420119698 139409923
502188026 727275129
256148942 935121767
158956374 383333857
617344995 822686229
295328528 907855989
734740552 737328665
62658951 758346846
401718118 573137876
366363731 498908759
565123357 680393851
966948024 606919214
829849917 276104856
535107635 487033670
318560270 283422344
95269621 841274647
813062856 936650491
791293538 804027308
366775323 594399608
787230097 580473892
9414312 55359190
891728336 997778739
479894407 566185924
653233950 42896797
200051391 889494850
31680174 903591618
497079249 948932901
762031468 848494861
255402029 239322775
368225392 241404035
997849531 666241685
942741899 984949562
363423572 930034799
912697795 360655839
751819078 707284555
456404942 109957679
922215892 672009635
685555866 616348543
611177907 503159746
814098373 591131445
989790350 247901771
829926437 113945420
960362882 745271218
5907521 587025620
28969891 962607041
913922774 527980655
239732342 835294229
688014163 87103189
725834357 19224221
675610205 330471761
985499022 630009890
116469324 508955202
70911395 485344443
693869484 831081883
837015308 38688852
481929661 684387
399043857 890172720
912366324 405433909
723862129 767663715
990750072 554448833
60482526 527075415
236509093 535043402
168658558 549396808
683691148 87718438
870589547 493316552
425930865 36025922
105343283 255630652
180589899 630363803
560000601 66084957
323229512 25025989
329041875 273742777
204099911 406109288
887742602 226299952
819798364 295276990
167257821 103932791
103202127 945749014
796526878 771958423
158439197 61730644
224674323 104253551
671814006 242145135
304936310 251940398
46709309 410596594
906730614 14023642
525013260 937677180
104579636 226938060
590694317 339373632
943231046 698727473
64802977 257687173
83962680 498163083
629777309 985229350
206987014 526140718
709146633 345314323
73257378 852115651
891538815 222645966
384713077 332455880
931376722 342882544
146554327 657968142
736427524 776767394
279672726 871985722
489131470 283661604
956664692 612432453
902791452 157204809
777541800 267128829
390251022 689840632
447765851 189528961
956810744 992510893
148857644 48269768
268935651 22034934
263650222 459228442
36971785 964280311
88788197 455933334
130645854 719087847
976399821 463544746
377938435 994107536
19581138 38200990
22965712 205618131
610224729 35176714
129193939 546003234
614107446 616934747
338346955 152916227
680970036 468469843
804711596 445167252
909339536 442447749
1066783 707749889
424888702 895640029
806531070 327593744
387640482 233502742
695967964 89518486
691025304 31509826
317338747 385102334
16500333 626949957
392198997 630087625
317177635 66023258
897589268 962623497
698370609 701532813
382721050 855176678
22280449 892559936
787889145 7869209
720564337 796398758
587019259 450025587
930047315 779289931
948929692 185335383
721316076 34642824
221998859 930782524
945096056 261524756
363772333 956837420
65841828 920658544
620496026 946854727
792685075 664998774
3875869 326967361
738755546 11394514
533858105 172997343
394806020 482322312
984061984 882404222
498936335 734701418
24097977 54442892
615182189 338877859
602284323 799592462
66682883 470621232
61343276 887895577
708873646 442687330
863303128 958154584
205035449 812414558
47347168 8685708
67472232 181795740
928290354 243405831
980737648 721231211
265355626 314772016
37284732 942847595
933864799 512283138
624070827 418887186
67589529 568666509
654859 339761448
515242451 821921396
863885352 984724042
29816956 290014829
563347065 400851563
551234877 248557508
8365547 732062030
475224425 426656216
4249953 723924494
614247566 705680797
58966580 173997975
661505773 804425240
651567274 220982570
714950648 99129574
938728579 547276508
862216921 798277301
922619761 10542102
899564268 514540489
89791386 188284440
185122880 3348601
552486937 498922607
847471642 298146223
660745594 572656003
391036274 53565291
559968834 640979211
541984116 96773953
366335844 544406166
122098688 629027031
623875277 21719555
941728811 307843689
748619225 207626250
942041275 864583492
827762139 969257650
356544687 676391502
331996314 524359128
490560436 357086844
183442126 562754479
487349937 966358874
662652583 764204346
670996541 205357446
523565126 966892243
654849315 557976374
537560642 249054376
805201125 386276526
729866789 439356217
618077750 192532682
970343660 98256859
451752830 425747835
625879947 444411192
171652954 495852609
493658982 678186956
77476122 69888694
574088921 955219561
890642753 502168323
125323697 125889205
654595592 29962855
73214895 51159463
359370716 472368057
818116365 389043213
36828635 136952796
208181490 31532296
358472283 417998412
909644285 380667023
72961891 750529432
763658431 201524201
19860271 771996644
14825536 945373747
835493041 544751463
157768825 428462815
792850442 912430828
770428632 161427506
218047253 769518674
776628927 1422278
672672221 907399948
916361734 454713094
48757025 478787745
981961077 818770869
240499929 38479148
409314634 679533671
24067751 423381981
77252025 469230853
112992366 693234551
19945830 11027278
896023224 500334288
52292590 419065681
539905869 446152020
561655388 763907060
848227236 424405890
885725108 240951152
1281383 246152045
4030315 473357266
93358331 398884157
142459884 432355195
878635504 792485804
922646293 82449825
765520783 713031817
87022264 939114189
125987669 58508087
801615131 318335323
1107826 265859888
838583672 752947709
14727496 36479099
147062910 215655480
273931251 458085434
42054349 729969381
214740156 629784351
10739069 9025200
402408357 494810096
686495897 40357533
202950112 660416523
144818077 361641599
515654743 203998172
702799868 766132096
270639142 56293736
410443164 552372892
577158940 707438279
413194584 719206693
415895614 79803042
711531900 557309760
55776835 797196473
349952588 891681894
940899866 441442399
960737918 15366627
375664480 827508475
779065275 52868443
975467754 307105929
602961699 604734785
956079937 164941847
223819206 715707742
221917984 411824201
360283435 8876879
218734072 6906837
430757837 143729416
700070508 435594760
755604888 71230283
922559702 831425343
598356081 686246449
975560640 748544367
636192939 56431016
23709804 920871069
195760531 785443828
52452173 934243174
65997796 436471845
84068491 254091129
707394645 16409766
191617155 460994072
628003847 372889527
278503493 104051867
935309591 463097318
65701396 426536173
390387986 797955737
287380969 487411213
891830138 610708104
799024624 7944844
282513990 85769794
967625482 835709719
322836064 648108711
195927369 59113698
839832613 18220397
728583287 666528834
452662249 286243228
928416912 929068823
653748848 13889554
498508355 254452568
360322422 429520896
469546869 985774481
263940136 19944809
100327357 228582241
871696297 625257387
354641129 139643900
681899918 814948846
70347127 95981735
935851618 808935350
409739039 809632063
840870434 48399192
886929220 60286641
443260098 901293180
496692101 4459395
414386343 764402848
83935282 250444364
897283371 405708692
110121679 362249781
487367452 630252543
774467219 55319420
716294461 153099224
122679532 821656057
5985986 50101486
879312376 909982607
199803353 825465185
234620173 850632890
374984733 688474150
166909235 556771082
52131617 405790087
718766500 412464033
423769834 772649889
924341843 421282743
979599477 217711332
943987810 562883863
634987053 58722967
38629034 209825440
66880630 228198737
46489143 900206790
963294757 502728065
404940490 654185998
37800197 792094182
821867349 236321685
358612564 489282072
860664450 961595785
262816580 102011646
732822317 488911790
658799995 871222101
77365477 559368666
651405204 228335663
96049263 910358650
817970587 272218482
453364802 839964939
175602068 273859157
606339340 905892513
799170549 52703719
194669100 463178340
762321959 266298247
638504502 705143822
97594633 686063469
428612467 322294383
448291181 755512095
213699678 959133673
559490202 282049021
506371112 993957620
493492936 263435702
596642612 190370459
610536871 626906832
821277596 187973373
683714776 250139940
671870378 832422349
222070386 337885280
258884704 934593234
1444734 416149635
835860977 237628519
508400764 903429733
89185349 444546044
518353372 447310892
447031673 11507859
102839429 911496664
342705244 443675973
549997138 685883832
644380916 946793915
123890320 15744753
481726711 327908022
695849601 654118911
723318866 136618119
551211484 311758636
71283109 55533461
215197514 799189787
954604229 572253919
896871659 229137728
523895096 449626225
919721167 16638563
33982141 371299822
876410238 907719974
402216386 311521038
328033905 247825013
48276972 891616283
5991574 795031063
384733331 649520758
927037135 372212005
704034114 959738129
421243507 538504332
716058171 349956339
105398220 436072845
72420080 763258295
31993496 435249726
803788429 69439500
488417928 544612872
260118634 374404151
709586884 29568551
963800217 389861005
945381221 385873453
228234845 421228538
368045049 931497087
943464112 5643389
481842690 975238870
20609212 611055017
77576312 45317310
593098339 26124581
58301250 31758362
729943224 401636142
440766913 609489824
536668291 351519504
744969030 870464342
800412353 746086320
116190103 720262940
695756065 7984131
835511662 925915936
993365640 468843417
784269561 781310570
960423822 7318795
75395163 275742546
763778815 158019730
302441514 248927237
786564700 460511856
701982703 533093124
4826711 689109379
892243625 376567717
940933978 101578170
525430601 75212432
792848896 674757271
146927927 591038019
950786970 884484018
42428621 83242895
542216876 357044534
292127703 237526553
848713582 359796834
959677977 918317274
192652364 131261449
267474377 324012703
770185830 861446418
422631440 645134985
585254416 142996217
692264333 971592845
550744914 514534476
276422354 71895029
986174057 959391534
241813733 11470813
397126725 348681688
220764609 905097657
831481610 19142930
613354706 803796427
484612751 674087615
628594556 715604396
398095585 524423760
754906517 761012427
554380993 679143755
69680101 388439784
401362978 38629324
757233327 945467545
584533164 174940421
981582368 867855302
518471740 788465589
377813728 666570797
387543905 266621620
340879498 533061598
59609056 703980399
785413162 225658816
281320753 803088484
334193861 164648970
786570496 794459557
936340431 513412299
686522285 48091994
808059314 394356323
67594445 819683393
392991310 459723272
650068903 351522341
940112243 228483650
138356663 960986730
68683111 925783918
664014126 967624840
983631208 940472383
183325040 344769674
382456352 6830648
115051413 136453007
791539250 299350580
227717352 934946891
520265909 145392862
103287147 418604931
487168947 757116729
735278161 687749268
516040874 212614938
892140675 702410220
61777163 456188841
57720092 665267599
143904446 474217955
431724013 96510355
45605020 342718747
474853369 337901733
589528819 40334196
398971385 748336770
31454213 542979688
275547354 402805887
825867402 757956421
425887802 998879746
419456041 34327978
871405295 233919750
432189955 365706767
918551424 348945051
940844329 168910395
25209513 700413795
264782113 681253323
506522076 130115606
255175268 713171122
743436219 542814719
980751075 756046259
9294494 954684285
916485758 855694056
873442580 265454723
487827339 767668799
591034459 165422872
380480341 246611447
553563366 659851223
57908377 543577383
873925855 22998640
265820684 668958776
31359649 254803494
334474960 232030567
93496637 860743247
582701827 267218244
261231863 282223320
593651248 973280053
211769287 682069182
403715547 660764147
354188760 53489812
825264633 201856011
72259084 126529797
682754422 98893919
396259958 482861896
625295022 907725475
366230751 993330093
630973428 574371809
46207297 127411225
866836494 495995637
8496207 470197888
535235254 978230545
985031660 489274736
76189979 48236090
30060463 394017927
282014302 992089545
808520549 613103864
472960021 698440428
27628430 406157834
28194508 685604130
477017056 904608152
50819711 8955074
613832640 770716818
872325921 113718133
60188874 580422522
764960024 158223543
530449235 898331369
156942783 61531225
39575770 486618120
613313506 21485827
877334681 17136919
729656390 199198891
569354748 548635113
749999646 137133343
783223587 65118820
876698519 490443393
336633186 442440967
787774029 156314053
150825410 623852381
362821587 52453684
822115711 265361035
542731824 588127468
327655047 326915528
28649564 343105374
455200769 133757150
705498823 249131471
482387652 14821550
314221523 389831896
653749723 853858218
291164245 155791590
423303944 553595480
856375319 681582266
52630334 297983958
531402329 974381034
195641126 210899536
86065739 619147102
543747995 518154124
177019797 470815188
752751149 695802207
194424528 259468893
430519714 900791861
463917578 624260830
332127856 313743756
287791429 987127952
468200260 985529465
415507192 781741184
495208831 6174243
279737485 816529423
239548852 62297155
735028962 477138291
356181035 800682922
488710856 431803444
973733216 64001722
181677447 102023600
474069637 186828781
161449304 636541336
848418300 499709514
536595945 502976112
302736350 303589874
291687645 877535763
29830261 937357977
831616585 431613485
9390278 20554244
69861175 989582527
974976258 937069712
167672872 436680863
777069841 977590700
406878603 792700405
176446223 17572954
533638215 314245823
844280781 739748786
47501877 763420493
981153103 400610142
34672805 852139718
807412556 984740895
504184538 558165922
671392690 166198343
710996615 206345261
365802272 657547325
318000728 758315787
725805418 365878012
282592875 14507437
66176023 936672916
287188690 319908577
48050918 325391528
672915475 329509697
531651143 536432366
212247464 466025918
637933531 463030194
458657920 27919390
648726780 673141331
566701948 62819706
410044215 813210565
835977203 670215361
722347722 367303437
20974125 217026865
643463979 624120264
922549740 761520353
294513537 336059556
39570143 315672889
579082024 102159333
576475437 980308342
888883762 442956770
920947697 107131691
164757985 9520517
67272118 923304635
239714605 369139407
657481475 741091297
726021444 187831121
378128075 776611368
478915077 284441780
270068473 70806386
268619397 229081907
319609578 912829046
217303435 444542491
110642673 471772987
592059923 146785362
758138836 414895007
584310734 788577485
533333326 586497490
444544927 47133975
287217804 968303322
530462752 536261586
417877424 626847505
488899100 431220014
119746385 16004770
719763730 6628722
62036216 192693776
752633784 382484860
463984037 19401391
979301494 920317242
410237000 16777512
224970215 721487917
121031753 539602939
970504027 291920879
167116801 119348213
749550935 750937769
377183038 55904956
860330516 27274139
26164162 143391564
179012092 166296
306143684 563074160
918425648 447192457
488197230 361488712
562465541 675323622
661513821 390186956
40827010 884659263
311329317 568593218
226525924 477823416
252749515 576361674
715861274 356017032
403287112 679185363
888985417 54210170
911386637 542277283
31888201 379478125
197503353 324590291
813451558 814702804
645842532 834516432
11742112 277606710
471627672 597779804
849542315 161836462
754894163 576022539
767795696 69473131
797492167 429694407
808585546 751620915
56483738 284020812
99278154 773201369
212138598 481332140
135072179 427018442
927323961 394184396
605687807 445672581
36394774 593746917
724970456 405327645
310445426 857624836
694503328 558617786
251065528 459108491
80724202 580534294
50031302 738374062
620657918 596067072
167894382 291696886
572280153 194436828
45989622 32026305
10246698 799020321
174463640 425417153
444504279 655157209
72922881 41568632
310590582 689351205
257934551 911019202
930659925 839557303
82249517 122707020
829743218 814248533
675779597 39772437
481147907 985622621
537038582 501918452
817747439 196312891
479850330 383202065
803177298 142132981
198266143 431645802
506535421 225874848
334462239 874280016
15796468 61210088
385678761 230034152
633406703 37120395
40397053 699710379
837080282 500471775
206566357 804572646
964735573 31470664
984638935 44829497
517771828 968128707
448080419 28088861
966932736 65260638
32561612 395956824
102506356 320040381
27035733 926132615
477636353 456729494
199184956 580065691
805641803 652164406
587261293 536941403
376739241 878666490
951460298 993687263
387548073 455554775
391885738 246111252
36321673 955565266
953170519 347384635
268249023 655999880
699626638 15238506
139227763 934814888
883375362 558529801
829543935 990213492
361813722 126852694
128736118 210210628
886442542 979388386
12522265 676861955
715133070 781603601
27398371 140661424
169365884 142445726
62398208 161595357
883617517 622099733
739291727 426085940
893821388 726204759
346988771 714037997
597419638 624866073
89820806 852542041
257751359 562602342
511744820 804241499
863871723 476928280
275584924 889348329
829740342 824425827
445614499 68613774
343545677 320188491
314179809 360242412
482951763 253725480
878656290 686044468
316476893 349103913
936679654 114440876
582282358 128169422
831611361 196383025
57994778 407841133
963565947 550346673
212938432 636874158
434643794 24277168
362626762 661467150
123434931 139027141
73016210 477952096
524757029 76228891
657478121 119492935
797766622 390306800
996750478 750764222
95398988 412014873
9582778 528191632
102050190 81474684
330934933 258205408
189075192 841644180
313450942 599371427
220716946 223278833
121978310 472961057
273244825 523036853
445674165 976173431
488036348 435953432
270968196 839661336
59028191 780469221
157341858 609393735
206856221 694348283
278440048 519945119
877201088 406924750
745199556 649768843
393437319 924853731
989178985 137032398
644451431 630219607
353967005 824068348
153513225 603177560
968345234 299497215
239308105 415222442
16140014 106122132
574575798 498819107
393890635 124942283
246975509 356434736
28050360 609236874
28389854 125165902
653745718 58313227
483139261 127694225
621155132 741096025
210696721 557938977
721977907 395802583
664796785 226878392
485416442 169655993
369724962 811383846
51306338 881938569
7772066 499841229
661586868 494501027
125094433 656814117
22706983 307099833
45292035 811112761
917728108 548931921
138614111 219995176
690279970 399768130
3980930 641675941
419779425 292513594
637989485 652138615
378764338 55202875
327633235 833342457
550461716 408262169
14107931 506093211
280692346 301337342
864237029 38980447
211530056 826385126
492295294 702404958
53904217 675264547
799976170 393410625
789932028 321501146
950695650 905475273
566317171 967580292
772577362 332015431
386318451 405056623
75236826 194489892
271887014 820160058
247402831 966930009
928685356 627610972
620756024 955999224
176897557 396989598
336125009 684229282
253433833 323769500
344444939 964781583
216020512 55388743
172720906 36508297
292721066 356886887
193331878 497517937
997018985 648198418
806019691 266196409
229360306 569131062
680407193 856499304
177036752 637684757
501791396 755522841
389106304 452313795
408035764 745588348
649785462 323689385
782712614 771515091
764264407 892921861
34213641 162570358
479219132 736471912
657041060 136829520
610975926 548144183
427271403 70278751
13110596 12376618
510802701 974684217
194216543 811997393
853421800 551495043
406627822 138896395
631466386 863955576
385048914 43869325
57622993 69910631
72266715 846925408
805261989 26005043
110326098 682095458
156158906 772543189
350714478 618273732
988338679 553746903
245239134 251408011
454953458 939702231
477237317 946498064
904017528 303835402
63217079 624028800
604699913 950852533
736351042 491965532
713982553 346368181
759175649 100532474
566691537 734546937
280397447 47782658
615500557 636175619
416003226 523816178
136725596 439617387
948284532 63535514
438870339 610073436
380424164 433508001
689544697 32427541
420157099 947607807
318482668 931631721
934091519 32485761
481613627 41674558
404878860 180593480
290138426 941337107
817392750 783933002
690560754 787096435
868477624 839200719
962174110 401001346
47698416 713755381
717889326 566757497
705369104 824500525
965361864 165116193
590749831 450579131
7291713 959366490
557031606 975863610
845031082 704364184
589202548 675257878
494647742 347918432
261545610 373016336
511263348 629326031
402362679 644809405
500211827 959463700
598690478 228555528
983399320 582667761
56021395 10860970
31193202 946364477
739746177 263975610
766295238 689073509
987453319 195676440
747652109 425900007
66102438 454503168
816448497 152563669
273894485 432121982
117432531 4105048
618831102 626611699
918057543 75104043
967409790 918500500
677156758 372924188
991561385 55012075
353983547 906374798
954792899 636996949
39838311 833886457
558597384 281556610
724588926 967608936
70978853 98742265
860581528 43038201
514949308 417524369
176084225 343648355
770398948 940967673
434161849 607999080
178651559 35808304
514333940 480294758
207843970 155777550
292442266 833157067
883212009 547204538
359592648 560631707
573462721 424754738
801527630 21822700
205958883 166406854
112499503 323502699
100014496 52798876
685472037 589772757
155653943 288099374
477949466 734505599
176543840 81571783
918498736 72830415
327195845 84340234
988374713 362281920
650633092 665622891
27613120 387663202
720229295 323105204
675099518 344380247
499560651 669838466
132076902 986781271
262721364 818154949
886720026 763578285
648811832 487755843
98570227 603437496
703345239 26451478
591651709 245102699
348368138 565532969
507153400 70105549
840056473 14119871
270250968 922656377
64828866 998938860
27326790 842121759
412509497 685024538
438620830 519740418
710020131 57290373
384123631 300003193
772920986 452156863
172056189 536775790
754833453 222926381
586850114 10573280
188715613 129592969
997460329 479745125
457474336 272628062
821239761 660636322
956004193 382557583
48179345 678834642
756206462 243482320
973193582 244066373
406705097 250967594
398836838 812075997
644920072 30363771
225999913 438194833
170030326 41815796
998844570 576340718
66039998 761994651
952750930 127222930
400766855 557648839
565015582 358400176
212417764 840746662
797500796 294605455
450533215 210340282
399747362 832407562
641235704 171250007
862452855 399208977
612646815 323244838
767507736 409699622
281161147 126584486
10343251 120015330
645470886 802422182
491956400 204856686
619828527 924208332
535730276 27410954
443900439 733955088
848295900 411664265
932219029 149665602
983275832 106566610
709996243 128685696
865720781 974467937
25790062 943838913
376616609 428759492
403278073 593570381
145895667 111716895
132596859 862947651
331743921 748429225
632846316 633702930
607953663 355536428
64257980 65767935
285743799 100856457
33278028 618603941
716908772 633213746
177917043 910983536
315340614 694251693
436178427 232055330
449846993 159188504
900048418 38311247
734182445 64655262
762236953 216803808
893310007 180182280
176127880 850786451
616614015 42095655
176028935 898464889
619191240 351094635
584209062 227277687
615958155 274231375
199657575 708673221
651189109 479903209
342405311 4510065
414776292 44665183
15366936 77794015
840440942 125112941
422400595 837358399
469244250 354429921
62401341 32175645
537107237 340394015
925509410 385772247
533220094 256528286
929716792 348820251
334813002 50936680
680224302 764741489
328910881 10898332
805717159 964287921
594387919 19183600
60366264 994392968
218293076 681797161
75572332 834170615
41315555 155809
582992705 818173651
800234088 103762635
139827368 46963527
362953211 854537638
210289545 300463693
360490606 331611723
790527933 421448761
100817349 925195364
463409811 497636399
911444920 90111154
882181964 808685735
26872881 634167687
650984350 907859952
273295829 740201290
76856372 984788138
593203828 227893494
687698220 142157387
261245847 507703451
588782232 174205339
45720827 374136796
691674366 890597687
914274064 522794095
339287512 942204434
800155513 685857952
581857301 929515503
92421520 122716110
70439062 202122729
818185951 392306413
748942001 235284204
590269351 743834882
794811570 624173625
647435101 83691434
579179605 581437413
70744360 150607763
171547469 568727898
870977637 234987777
199146432 841216469
325949731 622509131
693871816 126410470
631309479 803057243
72898292 879692020
432359913 35319601
696246469 715353014
448662037 824163425
599681842 77700795
642778379 753509777
394335780 383479267
744742367 158707965
637117691 150028771
910208858 301365746
408582919 922212549
366243959 162487126
320235535 448024165
485107943 959979550
287622350 21277429
477263246 62522326
658366321 778173819
733863171 70189853
253474842 160952398
935359508 849706022
985337184 999290269
441373248 293183288
798636236 357101032
962680379 580792111
704174942 620026500
776977005 617976313
135911942 389518875
890698099 418689305
31875115 543644969
596837020 253897256
238382632 768321152
683949678 8127822
301883850 517884870
336290591 375224271
67914963 109740530
611031324 999465081
3899771 879731154
533393286 497409078
172643562 102514824
841982127 941036672
86159294 5380104
352593569 221878758
873994379 809877404
45602199 728892556
700369493 349975648
403276419 980968617
53268760 267268550
60610950 278086408
725251649 528800276
189663356 266301832
633437491 521907937
492834158 193473436
585052099 283236763
929290525 890078923
439433916 787858436
460300669 293581616
773347932 78217392
855457847 918653947
385242837 264340360
42814757 281573359
376426700 699607627
183321819 786045410
850091485 954635528
879503642 416305472
965801238 703942309
707115354 743770760
202025847 820725083
61037384 36069325
826654841 310743863
28953413 458328375
837778052 896865946
432078052 377003392
997741431 37049
819696494 755868279
190018852 592171040
557208670 949382528
573834705 814535976
752723428 72190481
62290615 508890756
23513444 208481335
597882503 399511481
691184122 123706640
488841697 966284192
111473901 520896335
437197788 452723942
64124990 873565626
69526657 523966093
834836261 245474735
602133327 247934056
390032518 465459099
198120376 948196259
874351486 846989185
195785122 453479225
242991583 558030201
733902311 366615676
764962475 51004974
806343382 582271889
555003546 480101215
598417584 381921265
271896730 31067231
735865388 736371945
287144522 49184405
594610419 300376602
135631999 563797501
39847971 130890746
247977919 242410917
856330961 24130128
595472584 773466161
829807745 986014397
543585546 646529111
445784492 353729839
986703657 877089124
91759170 608424044
174820220 128997301
172075044 101535884
411946129 707840319
357307305 652159358
929755047 730236423
41203739 320427907
559569201 386144426
6031415 273485742
538255706 818628311
641199 48541289
6106747 990966224
305352365 23409140
859724711 56346349
242038854 832974557
961059104 935641113
712719627 371022986
37575391 70710355
461895806 622107571
11891472 934197293
620707988 227248359
318070420 830148177
869204535 141628678
573540734 377317367
27880903 837250502
868767126 241677680
4092820 713176623
707450584 150947487
209948774 8818463
933482997 190479226
703556086 556658631
497205457 86131853
96058226 299912747
871999236 768734071
35426812 830117798
941307482 703945580
160782635 25852259
610091859 946618801
706819977 932182246
255199651 665230883
947993364 373021825
310395059 317238192
997676478 246604767
985006110 663079132
520595948 701157501
43723316 841295934
800630522 961232427
14915706 872403201
500397494 288213904
91258410 2125667
144782560 148804259
680496300 547616057
296650161 75198771
205642275 66652777
940206161 101982560
219053538 841010542
998533214 116007455
618491633 166552536
133077356 414314426
440101005 105142985
677274496 248548430
932519589 190601082
40443796 798939211
175784543 6442419
426214423 765803256
719050385 381895255
431251817 685808364
172840008 458917846
736833123 939402902
188981060 935465656
271213773 966716598
542558842 32472600
22162918 764593377
864005265 521558055
541449952 371099649
358204517 886775462
656950625 557357266
878833031 178213740
614548483 432553063
473425083 884673254
58520788 551994019
21090936 760907409
73141719 790691520
972317037 968480129
652934018 498307020
33738487 392643806
86097215 936343846
766546859 830742626
546014187 332761862
654771666 503562973
521897561 882514674
414222311 585758385
973445071 849546314
624639258 59647574
956286088 761768125
643173841 366566615
897760816 76728529
873659426 528848467
638064748 423578719
874760283 996204669
827151695 389735189
824141179 109595420
160416230 105260274
968605109 363735179
265298605 592607950
135513844 844406330
58058262 29611727
820078417 537986348
529916683 883899637
448932255 701078135
36016481 1940367
31127519 922189767
55106153 306770883
689824205 686099420
378102628 81482250
360504658 72687878
431186953 640947889
959979280 147165105
806683394 178458202
689466585 296252115
633307756 631855737
61518390 665461887
449133659 725264855
176871141 468724822
913928019 956154131
93720405 284244496
582146768 126472988
372688168 263562743
252292031 598256056
345897401 622379372
8253186 798367232
446608531 117897057
247205873 742383841
451868662 29310173
726782163 176559004
6653270 756207995
419093353 75116615
356250076 698601451
752372580 50722890
843909859 640093807
28637928 825126628
911673979 748998495
491163924 424398244
87596010 934527398
526781042 844271856
255012902 264261955
559405446 923729537
539632221 809912265
520618309 721270756
920824941 890551520
233159578 730813178
608414572 260921026
2106851 157663865
848802849 65100478
267042162 697568874
348747657 777424312
314125325 786521257
497383252 277111974
344089710 721701223
58769508 647103765
452824771 400986027
293450069 75208098
820364591 417661389
582892272 994958978
959914055 67981818
229849270 107395578
175117206 861842099
424919900 12047592
298916378 504010574
536383305 570638136
50456772 968244339
50530072 69094511
894840061 599154848
203452957 808469540
184861980 307414182
411014361 871424642
141562097 235228202
874342789 55631559
895663165 851080741
56690827 129859017
736728374 957293924
88336 961846892
865233159 127154440
70545764 674389549
615329871 202011910
100568977 262748058
328010654 480656041
476810194 387853526
63279099 558698764
845731608 524810266
594436960 81231264
101023622 393186351
241019196 776842412
800163062 447735029
426721008 36530631
830635378 355772384
633292883 732129376
241961404 830379125
5259821 768597047
696654278 228377809
794075328 23664609
759824699 947076643
157116475 537147209
986930164 922079533
17732421 424035370
555631236 292309702
543076217 405926549
474697389 682521691
862334948 845207409
484175848 325575786
665488776 618572533
384962529 55877381
894951900 493457712
429131512 847545941
907775306 196162178
770269378 412588821
140993455 983016481
48211588 671157523
984361182 829431957
108213696 323328946
50631453 490803259
148967585 440157802
611735976 33710534
267601549 525159750
506084650 870134457
876238491 78872933
179644486 409847791
736796185 297592187
156453395 805426707
572083462 537304653
348339355 651762216
368913046 281195320
646230363 778387971
36678065 166960810
572157383 512402636
200068469 1238182
138942403 517917568
978378159 760788293
844452395 401164658
899410790 317458737
357116236 744776901
242132304 708073000
221171561 981143283
218954842 537705855
810690871 621555018
144414757 34241691
713108065 619131242
107092868 498966394
541917701 571277768
554318079 703180073
440866612 351482414
937367379 533621835
944035190 800984120
638420463 509649304
748374340 260466649
31785336 992729691
63488651 898978772
605521990 529054963
431457073 145133123
922205925 769993043
418670472 505990420
230384789 788507010
704063196 192632454
62429131 120140315
744525291 60104624
598370989 864334542
500417895 575272699
384485274 256276190
221519478 25143460
481797536 552981922
367570738 48132410
158338308 799716100
588824362 152053286
232156093 542199812
988775391 546313246
105626105 451275573
299445575 485960625
303558295 934687039
633586253 3483582
849363883 883227996
559926607 258719740
850348797 845375964
123689119 875487604
363844234 968274081
632732419 633583362
250517762 146168738
282899510 442663384
14438984 671761772
654924132 7717371
71924726 137259421
460771761 71132355
933822934 648906088
161571507 51937121
374420074 996739092
277335283 146113361
397968228 768627580
904525936 13058282
381232686 304467088
294252828 406921176
13462628 784284626
7123806 237571476
223575125 155418075
538462350 954350065
19860357 5159379
299152252 358960532
538027311 314483709
99396841 69086326
665840316 819903017
250392588 304823908
990407758 35442238
21499149 177997696
396557111 441173691
10389391 263360702
946342017 510432556
385085215 8869478
82053479 503315123
5965252 206652057
142879706 909887114
641375356 261595589
836229886 585736315
169600433 561950512
433034154 463722852
619845062 721558387
318703852 957811642
274431378 735059707
14424195 574786562
494186719 193499785
922554211 28813658
941568746 855463859
542916148 47693294
305984231 762384737
781508051 387485572
384931962 299609169
287523792 54624241
635707455 874723220
883386094 883494305
377309251 509742351
170013607 511484946
52874377 304368123
372748453 519584857
478999430 296163173
141390665 749358493
81652389 823870126
443114536 196283799
856322755 803317260
926274441 185008408
503635124 432988423
712891881 162126979
805361085 812114173
399417463 66204751
28640279 472168863
970440088 684293510
496661363 632278385
699019620 921329224
187322736 925156942
771356199 572608073
572619303 626056674
307984609 9242446
633230496 16021038
109469127 71596979
671154009 805339656
93590719 580540650
887868614 249183640
88096232 89293810
96636876 429274844
757554704 737095140
11693636 490513957
369713979 384393834
638730111 822580887
285702435 545989189
127722685 933453485
920956338 573703111
800668085 678193331
61610889 562864983
313917200 548621130
536125566 98296816
765612269 22996966
873958935 355598242
831628126 976459092
729543184 968091664
920129257 520537134
30234841 249100016
944532744 755678054
37835287 917106318
377832618 436850368
953792291 922798665
589203120 289382743
764996487 516644629
871635568 16720917
265237892 860376055
46755892 368582720
726896783 625457804
982458302 7125994
190876623 242052994
244777147 695932540
701509281 913124125
31513427 844717875
643837204 542005684
944902816 556726178
99642477 531239985
898882353 441850924
968939428 904589461
676329351 563764364
783647717 931963505
30898840 595158093
613721360 962587502
996775504 107156306
222581305 96754631
627532811 66709071
873339433 434954953
647742749 173059918
752773083 723431258
92028234 623779372
192952064 871391343
520051021 793319705
585439356 160040340
702356309 193750300
207423207 954756968
30390148 642948748
920390412 739659806
986914927 51394454
43804268 393456637
13375903 932479679
174475709 787519969
617207319 826357592
918619492 592499640
876548292 710184460
21287423 661133061
4930830 690280280
30249694 29559648
787722576 754556428
693838980 199963893
973200727 659345358
156152106 999973122
977176294 24046486
581686588 470264409
985126450 265239605
29116890 287537123
335196773 254545096
123247450 141362970
257453599 300086597
8327104 909704333
304235504 925278453
329572684 451527776
283976416 266182903
971513068 272089802
181357288 266355898
234017989 510383254
211892598 121062020
691372719 429924259
10656748 593407982
784627382 117551972
733957666 948259430
580144026 168786272
885379808 315199403
146582351 433747378
464610405 259925588
213312382 44699017
988020450 46910537
815647234 356768171
906131199 184078665
74445164 538833643
892474965 765234019
625651072 413980342
677119986 619438973
78735285 244991371
308974809 921852880
935707577 212053373
478785664 980230761
244192235 98015924
828921168 671951274
858889695 181893098
544583976 867406023
288960221 118791918
153395673 766827593
80740450 102054180
237633963 739671695
302279837 11563011
280740823 3434055
604271348 843935125
869425420 436902138
341970045 908602619
661066731 895698814
978374789 747444967
1874825 925366913
31844620 672892448
15089652 345454852
190306119 587489281
340069544 673430237
306219037 11404025
931482902 313598260
484161707 23378700
403000101 618004232
860236480 630064210
537707439 270021031
515844449 49187700
899882243 540215609
820534598 199946290
97690466 12056373
319091035 106937823
401085826 810830059
490309440 880551394
682721551 40669688
902757321 167854135
230682405 913173206
946699134 696327148
547643607 452711243
627074845 698458021
842242987 114780404
416581652 576240152
96781852 538398146
169514247 36692626
342840343 285645436
316868176 729901424
407749502 157308730
48689272 431593639
532424872 127058921
556493508 244884540
681118430 704475338
926379940 124676812
59052256 137471731
207541569 979207686
59257693 338960588
721272824 463186732
458587007 62558867
324051160 716135318
75742046 23855833
985119271 129066287
383147656 639890178
317977563 277590774
695710847 975951817
426213409 104623486
567494458 48797625
777637849 974220142
249051043 41831349
875616024 49017345
204892696 655373683
917873061 981386631
765461226 737900537
441726844 42863075
839529185 757076518
324686159 305296139
55544244 699895594
624286976 185779595
595121303 959117580
700011047 380249858
602994342 206950691
542594706 193380004
214784378 918968478
90550976 444999094
235788189 73457404
828053093 68757525
510800653 17650325
1158378 360928431
649892283 804226833
262634 773381640
888261135 883441131
697316790 209767095
932708194 781807863
506790354 603223527
16125570 62673624
802393461 964517846
307808818 494768521
804229645 154750553
793413543 838508245
116281272 865516886
953875212 356796639
324489676 848731976
282682367 312124060
286425936 386690495
85494290 229817428
145560449 232491485
44861771 737291300
110340687 758901979
288124580 95479423
441806045 167094402
367993995 527951528
501436932 346306482
525348707 725854010
80824016 56153309
938162690 297953952
865346305 686021773
31420977 59954077
516156812 369404379
436974895 310857157
844722456 716770038
55774254 316950018
15671425 829829026
433780948 77476625
990137177 671261621
239571387 77491714
775332449 347590556
688058098 100489915
210242580 599738580
360081018 323477622
65308 207024754
894343369 398144062
737634524 41034650
2065226 814180214
943820261 369285644
279486172 101606482
209977985 472540820
7515726 757273180
359308587 143208853
421257450 273475824
931263764 276199815
294263015 553764289
242837151 4117364
550602229 283972946
878864358 40824190
527200181 321538941
284142899 822201173
370510910 629582831
817339784 380771009
420273306 566387370
611358488 976257565
726751558 382659714
674530251 385874649
702967477 705744801
314523070 582234616
58032076 10265603
212648896 439695504
496268393 813427706
264027606 385582157
66830806 971455659
772886968 743555055
131107670 143308431
560777043 211086279
685718688 19465203
578092357 913559102
745943134 21535096
133246307 707703885
10837165 241806485
772440374 651756038
662622113 927755281
629995130 798462730
710376382 657422985
723817374 417393425
352670848 682335983
648145991 498972261
958479060 445331208
842364364 24006758
960805276 822685677
699575227 514872841
474747439 58229898
30344275 15807058
680958167 126502948
660747528 765248221
121889106 377400012
648365827 928446042
796277585 578131436
443775903 54013194
428998396 899957443
596213997 1596232
981313900 523394272
667416112 666904060
115427631 746138280
426688610 808752934
46952647 709199318
107065005 116640858
56716075 773137398
795274995 969584957
537798214 660025066
660918855 739983372
365813620 950938982
983916913 337121813
476877320 422394739
504545646 409660
727686087 33540334
645654509 595334007
815571821 162423819
130981843 748848467
333219112 156368332
475880888 561287277
31035161 836814475
874144872 83808506
66372565 728269941
735820131 77624639
92088554 569046539
211347806 759823898
585273171 513227427
850009280 683560823
688026627 689113829
24195620 47288539
509631072 817086799
77259998 917233117
973288132 36038833
458681711 67454632
649283325 716428978
329300496 208150651
238745294 628703306
259760429 947037737
749061229 950986310
399351782 621963417
730018051 484719559
152718 415797063
86173999 299538627
928253232 15198401
802603395 70035585
603824134 919948074
288621318 546235426
780620801 222807227
961578928 822675220
385884996 629644349
637839089 708844444
936968617 212869520
237695530 45089109
354842938 552488488
887046449 931594155
870063801 52784009
79695570 501472863
957568537 909592019
858629449 8258565
289629954 137746482
730503881 719921291
529064273 733024617
41623032 53544871
887148949 451908175
824513137 958914417
258622867 684390481
410123585 26702537
564601027 502050285
206193002 656791531
565821649 504498998
651930723 697386723
547942941 357189203
601117333 176782354
697971772 758526975
61094880 653271213
689426037 172513290
918413332 404325182
474821700 285558230
282424185 487235618
138885594 860115163
69272391 196934153
959813787 91065636
614064686 173523578
162120607 465346512
859366608 276353612
836144177 796811155
826011202 812479022
517051987 206619954
996134030 678785824
298982712 90516490
757458228 6769910
124848073 851337865
202355109 351783133
652922145 913377971
987925446 753673679
962275600 165956255
887376499 46959388
688038044 319868151
287092217 42460908
142726779 29430139
227974299 474627769
572305307 886181247
580792078 230422476
251152282 661855337
503450877 491217353
375076174 644104244
106043781 82736933
351248190 221819376
102854586 254042023
738271271 194331199
524463905 1046767
951876472 846236121
638457908 113782508
326115798 156494345
77265121 915907684
382666137 731503918
100886795 137997169
791396173 766383931
698636039 589041150
834372146 173143607
46209567 782181966
3872444 399753917
97128724 726943605
439607573 89604221
529644181 339670493
942727574 538021562
16489416 135622594
386551121 545872075
440360138 981435830
220143754 71077017
95689510 760660767
221330744 350625063
656345696 837281460
899911561 968015622
351080046 841952003
666632796 948714716
789340729 35479278
652297157 22201830
36488224 953437737
71438220 649709683
855732853 300415421
941163951 596005477
830306302 379396233
82148059 667828659
873973877 254580668
179265783 775603434
990424329 6662491
608741785 424061864
462029019 385056450
841299086 410978080
320454018 479429915
832160855 365075097
582244231 492956137
471712423 713169902
840624873 386830720
243979494 486589455
990885786 364779913
945504432 630370174
16524287 491217283
317562967 4441299
909560694 443573053
549480285 740173626
725092041 473160541
884291323 878420720
769952955 352141788
21987997 699642313
852003971 602575495
804553827 630585772
737367114 638346623
2818465 990009109
741604784 262363066
786292576 869002643
308111941 224609153
630589147 366413895
15255055 766724336
834836995 811321963
54334988 300525177
66254844 824291273
21493413 663839072
924258718 29678911
147697216 698695232
532876788 753975618
580608945 701729157
594329280 195331159
30301890 566013937
397042933 980535708
655897779 204580632
695584060 381337405
864692917 108439011
208276592 66354944
803464813 964766992
839189537 954515130
499849335 188309424
149296917 350605527
916992736 397978536
68003266 25635541
921052587 847987248
706718421 30799818
825289549 804216919
748793775 193963226
699852080 907241342
121245922 275875265
963086388 375014872
653464248 292418383
959863082 781692657
427279789 529069543
894875991 307307556
72694512 689600000
679445239 6587169
607815910 252296356
59681719 105554034
339320743 34784243
583922490 760208364
486927743 671242145
220826517 400313661
204723054 150406515
595253715 682650214
326855081 77716934
432156786 398277180
804623383 260375561
503387620 325520618
425617108 943066942
192745743 700679274
961665713 882588285
637257165 970648848
714101170 925754737
486891884 753296896
3861390 205022424
388290351 932338098
353675827 58513670
86338764 591119989
583231039 125472868
29052139 523458281
554537865 50797034
516400558 435833476
756897174 480291753
15791907 579120654
951968804 33579843
284603860 293102628
26984354 789091953
954110264 980221369
277296566 83000700
920423998 623665809
11613622 926003652
49252296 250792388
250410287 112516157
130316079 866976321
821027938 716861420
703130809 524028744
881914561 101870190
58545701 112295150
654975863 610296945
259324712 697319581
70676957 62761016
73609190 990812562
768771589 201479197
600364408 324369757
717175091 267810567
323933294 683457637
775711327 50625271
597631817 286358113
657302197 511329666
598102783 181466848
391711253 911576651
3678587 241903042
849685396 43156369
290723868 662837180
106662392 845408416
828187698 371831512
677872704 755875934
73582469 942127858
781617690 522714560
156910285 976431677
769138794 265978962
419187770 288807356
24950218 42380978
822299629 999193033
444090116 101179670
124512381 172415634
379573146 233641410
632513396 845186199
535503423 2635666
203113935 638427437
330487131 843788919
484793474 905032446
837996427 375077361
261424369 979508870
344483871 471457178
741525880 78086808
779251610 473896859
243584484 406544599
319947830 827778869
827755511 738760253
90945117 486371641
28565480 867083159
258211120 891383952
975922401 817645063
553777924 423884468
101523840 200499073
934187488 800554036
749438038 914861903
225888256 719405364
77279339 325016205
273087574 376962539
787618232 676480173
556657412 751067940
445182379 392804341
463241698 870378174
255386535 539123196
614991102 586872876
18817409 682133552
38044439 261179637
735756292 253610067
982096418 582235444
902488941 47372537
988810181 373768217
458341360 629921291
127115743 977205351
571757106 884917576
846357246 31566068
339256269 986902207
447321830 420010284
61280207 140641622
867998481 22977934
357176123 897130310
349013801 933279790
340645254 718601884
266510736 551356721
224429339 858073530
287482841 68846931
837977048 340579284
102158156 832288869
58123151 815666547
216682854 873775560
111161990 807400693
732624983 838330612
51105270 835305227
260519810 414034931
813777041 80031546
336722944 896621030
774544117 699295835
310169885 445559679
702538809 466828571
954062042 212196229
291374184 577980540
695008361 937826131
824589056 704665170
566372532 760471385
532323187 626924486
706317015 671268761
819976616 925056982
210786465 442107947
819684983 584463315
342249751 55758266
666262575 103963618
356225265 196590085
612023060 442599292
978630427 728018015
276067801 27848685
500586805 378120751
175296043 44516057
671598611 854007665
168067366 227419827
915579966 353398579
180241373 829216580
197280369 94983193
64439765 459848746
96690205 245928153
225918860 60361558
501589989 278425792
266762988 642347405
802850339 533829675
584676312 87231207
150326625 700654863
917271207 818293587
64020704 573185905
725496482 425817874
294939414 945338862
858689160 680938295
220728872 342942261
59093771 577336878
48816755 480715144
821550418 244334641
669199114 42159423
387617654 699581396
10928173 404555589
800191749 514463355
16022997 761302681
870778241 130236638
452978737 894033870
724009697 939165580
44252190 858203531
107004431 205587301
179407282 802846987
54778728 79202847
237204148 924152478
394372928 636774082
788413729 480086567
605031003 574218796
596678056 160024476
811897461 180460430
826859054 293782409
767058619 150286572
871924299 268662669
38039632 531675041
756227018 228056796
478514889 880903385
451831597 757065403
242928817 552060437
402655272 554413831
820191238 194308522
35855905 681450158
243425977 162355010
701638838 355217460
391880498 134608986
157989943 391957040
469118154 13387457
74155560 342366157
278502479 516613921
783753664 56257865
412120196 714915182
466599021 307160185
426196638 670734712
907709005 330616131
371974856 22647646
505383606 864906786
313447584 113979416
298327216 883627174
52905399 993244653
463430517 905115121
695919638 294885627
168983288 67179835
13879475 876798386
783318107 409876048
56324095 969547609
627757687 587549197
560697949 640082055
601185880 51213030
275479200 872807339
275049407 176522082
269735061 637970309
565245342 788465821
524595576 536601514
95599263 115104453
585191036 136917252
285548958 244448670
420274503 813931087
908521002 904319230
342766707 133434526
79021320 892571986
64178701 328499156
817070256 715401239
662047259 804187947
566482381 64586337
271805200 440574385
174835649 355660632
248689238 29311685
122875168 989892790
759574220 549898911
109151280 718350155
360677189 506214085
916772719 245934457
78765829 913707671
44935180 232630712
110445127 756830148
991700078 576314131
950092474 96988882
154261673 903307689
357555199 93681562
305903371 119763757
123598893 12023753
617618069 391923558
84495437 364776802
329635194 523425967
861045983 852192055
483804578 204141688
289161811 182318450
421345578 98016196
722101648 353032210
857154273 992031657
360918129 962177382
646160077 931104212
825171523 168137364
126142116 4100354
899172424 79284245
299685459 968501639
76270135 466866742
3219578 346122699
89567930 128132505
726291182 53834440
134884334 531237810
827329334 914881677
817395686 4362570
621722382 599701182
716553513 501285120
87219431 290519314
601367344 575526851
999094373 742802387
263732969 971886937
609023712 628756578
854609718 721186523
491177955 383349169
912017774 442960182
489674160 815957191
39531995 487483820
316623291 782709055
571268155 285454928
210673962 361314761
781434943 53464205
655954267 939400359
39087631 43639713
87800926 67912753
875828932 33394458
248952183 407635794
450657516 253743457
942298525 556399113
402075914 368884268
286908413 42320873
728800787 967630089
476804728 788562586
246900210 306648
788913697 153724502
402296325 276211026
389190592 886007404
627997597 21370237
199012434 842379200
277201026 349443638
600972678 653500232
691517293 14183343
352426561 858948241
960229516 591165676
2180378 250423352
256732674 56342600
704000737 791674994
308785253 457475055
48870672 861539716
487166782 687255138
73233504 442246220
544471436 128215799
433827639 73282229
266848833 284165719
536464434 570757703
334150851 103902973
831855776 765973654
92403052 28216765
581806853 345614286
829846026 803401275
128192411 711275822
596788832 280541040
75207885 161975177
971122852 13530153
605662139 22024134
72942590 179579783
931541177 165592417
303535888 2869632
26162638 44480232
144739433 459822940
269474107 923575934
723659536 676332601
522556906 734522972
733151488 901479815
746236931 874522955
707533221 246617997
343966556 254901035
63696994 1637346
491395587 220705136
276819728 199943157
231536822 15165854
706012790 645385606
220231531 525452245
596057810 598558507
163369417 678989633
171500119 776877772
683576237 15503013
348984235 751905831
25713573 351516376
510413417 849197388
118038905 694647111
704429982 961387298
988960414 955323504
761924172 569160161
285316801 424653926
618671082 43909012
473735747 680551248
772631777 568406689
701197494 39078377
727779601 3006521
674574692 24376832
793750602 927109864
380065736 792997114
797687507 626326792
9625106 19983947
4948455 771161933
653840297 739101186
394853427 156393274
865678754 54909756
406632026 17009066
474128202 767497899
631490417 962124616
269100192 689621271
48326529 43071767
304575707 981967324
541494797 840890604
556985056 738804584
847612546 65313263
644411853 297051071
972862665 58314013
753252722 384843000
334665659 30049224
552188626 330632637
963618726 945883670
387255463 701360590
176062156 916003710
464291803 706189951
560654821 55592270
164936719 29413174
771933337 774340393
718550040 797629934
416785926 273611137
492112509 17290167
779803968 30751265
77811195 400348467
314654156 417411749
72346624 922799898
6681123 378168064
695936821 402421431
911366710 538575349
503744493 136977001
785343461 5043614
199222454 234340899
114621318 814717929
171697360 371400684
792753764 709059349
947031727 687722591
196282685 73263161
624778364 665479981
500122819 51959741
39573137 291300246
947446300 388695009
98351618 278739188
991289186 252034354
357439760 277083952
349137955 975039767
554472372 435849034
265233890 2366536
159091225 956321750
612476053 266794838
836819745 702686585
349525797 478479133
530720991 243338096
259665905 180152661
562687260 730907658
455254347 673234695
57185234 768946473
163801593 267835151
794534325 929400005
869413301 477534879
419583141 887832936
998765998 537571772
415783996 987728563
404636933 646872000
287378503 718325208
689032528 49581525
23206724 547129886
291583771 177061248
620947177 666165600
449598050 440083732
450594973 945543310
555029272 196853819
342440445 21698089
88169891 887390833
218630488 519765197
685089630 343832968
154623539 483575712
823873301 193099301
500747718 645447395
308019597 509346881
64288124 50947689
589635065 42953128
425812344 39382552
931374726 435957887
758410508 473457775
71919824 940813239
970144575 430596858
172456555 388273050
717760848 774820571
160531803 395615302
260132141 452701004
19241627 750491692
445512186 71266838
472486042 371433617
685675665 946175514
690609082 549981710
285685757 21607370
22806224 811024656
981281277 629594541
970880422 275823192
20731270 866936542
43068284 233177980
118444355 991813004
290977666 402384741
247488524 290401148
357951840 698809039
124225907 520673923
842130863 986674379
564472891 899813645
55808637 965695296
309927133 742843033
656806860 192046950
579324421 87224378
307566611 381089354
89534740 452319511
722416828 327907661
948642461 363887339
742691493 626193061
724621032 676627079
283634335 4579289
754045553 367545419
120410610 18868809
626760298 52873904
734713559 878267814
320715061 902461634
221834492 258277491
323556075 498845342
921807364 469409417
814844376 241409529
78762500 317163927
982283004 31514776
35449350 686574493
619731595 165966552
939742859 670695281
785848430 217041960
60257282 276039995
301741248 194598794
498550610 40967929
972823634 768025622
740960341 788046076
60237096 401761655
7927897 289751656
65954553 140854379
590110369 805372344
398773171 14824774
655480034 646672696
985639925 501766769
74908615 909332361
648473491 937976037
13772141 528150560
983736853 881816752
67466217 55964615
713030456 570601336
932483518 208261403
904555372 69060849
368118376 542027021
665990228 330959210
62115027 416220001
487078217 132298303
376844771 86351666
348169176 253630053
672434414 859890539
110123071 313258209
837678141 16802639
38648308 660346704
807507343 896912115
389234718 181597792
215124630 572856255
52189721 683931221
325400952 205791472
700785655 674638726
733998416 503017497
336456442 12768989
495600298 530803101
926384667 399783515
460284939 956843319
69592710 635938194
375035494 984143474
50522650 600509992
414913960 787686705
478570990 71687770
700530989 864769576
757694152 458918775
949950536 444785505
141673892 259853922
264799936 329327801
103621171 987756561
271876429 496838752
28328792 380305424
882635295 63344988
186411437 333029118
481785175 155779591
580134909 7909134
545514892 509739148
596130759 887577735
729823304 95220590
972021697 152397381
535571080 56236033
86256211 298200630
34258240 974030063
119599640 634296797
727679444 337654453
465732192 727040723
99694240 886428707
940122033 756283201
260584305 833224415
827710529 932416104
619587081 327689186
212581501 47721240
355475103 537810938
368061317 161433149
21078620 718040135
59766189 714761038
692210145 780392126
130305791 968235227
62249404 778627752
734581685 458783496
80343798 526475556
455418047 221746700
798277000 423899553
954754626 107697
351248096 270285413
579077654 513921753
515176032 358955273
57765446 527727092
587180512 558633723
376799125 93549962
64239654 603057658
819391988 739176886
13176181 514267293
34533132 53443495
943656446 87081677
50962107 69175842
447144549 654575174
351574415 338017277
264177221 545832730
344515916 434460834
192023724 341357614
927486828 77828753
346662557 746590139
374730650 52330462
412233613 599533519
95908917 744707246
98109927 381490889
865275603 890479550
804277129 493167584
259290300 748842716
977812037 738687901
964970346 43255660
194418785 17722971
970017040 331333349
152125719 4438735
66033423 66297168
430970133 402641531
675377283 87663569
829339390 377075257
254342838 688916759
612866024 150916278
609617319 565120490
45798364 147801331
201426572 222874533
981982809 341638854
96718412 786337464
74481361 814433111
467108355 864433957
372874538 300993957
442157954 67870467
506093119 236233470
244145613 70716672
105451612 347126666
235882908 470032600
67608004 821099201
103064027 820664287
360745776 313751536
317911082 689408892
145977414 533141177
515963229 474872747
852101159 221179791
154685949 287268730
827833315 6129726
379863749 36717965
422590721 947543137
657587494 729334938
833228283 67169256
909156292 528514030
937268928 604755357
559024886 614654950
702888242 965110677
938050890 441216631
438104485 578412478
304885758 641496998
174239590 558197337
812731272 700646928
257392945 830143612
577883152 57217379
214969 689895567
914996720 43518691
320468005 568703696
821426747 181869544
103891086 712569296
185969459 688498267
890011778 68549874
984260817 448071484
987163523 232412916
18347330 81170206
16511880 972192351
44204388 482131112
443130235 854187541
632463693 491289877
651215289 182545356
974178499 70007989
38344341 409797260
673736645 388843371
580261590 533987123
675716865 828504365
46455860 72062193
31179868 410205831
611804640 21001677
314062702 433874200
488111866 730581790
508495363 808008724
951974168 985497107
620126363 809075904
728176325 441700396
52780778 48425208
802456062 50447295
414487641 205061549
851986615 468341876
941651075 482328416
105261397 602111944
499451833 314091177
483700530 582294926
790818686 89962163
213688092 576260201
35306252 498505660
457716694 809211476
741313485 4779416
268642965 645554459
432474595 609401392
268181380 25793758
761833633 889436668
17021505 595315349
654162703 583653517
887859806 557145223
319903850 49239300
482964448 68847824
34640033 41660061
70323139 995412454
126578905 661012766
343786613 16915208
24270827 31848808
537332311 428459733
660151009 665224174
896266303 516512181
565541244 480741175
986188792 553314412
689824433 142173279
285090496 368084622
764152103 863946644
55827400 904808709
94062522 204277914
616529593 619302542
633951739 877321031
924134443 600447033
531942574 372264968
39398955 162181612
694123083 34120794
905298621 85338849
745244542 319939410
932672087 625630755
492858279 483972629
47260257 729254677
451129690 545211488
912470973 603930091
352258783 167249154
728800058 129304623
12840115 893902429
19744799 622823741
965653510 2813160
404734119 297158344
742344508 156898737
22391422 589452627
847302252 968913620
129195337 813715640
940041700 36277764
86350108 463316132
224976034 142987531
226857217 574235929
123402460 78982209
668181879 927495915
636980346 299174679
890350321 606783556
66804118 159072912
595867219 838359328
234997507 210570178
703707513 448287697
30074051 411305050
182611887 44332412
897073295 615251733
534780474 963151515
650938963 123708487
750226638 56828793
309168303 592405080
985074197 719541432
321084792 482029122
5547566 426473422
152377909 381064212
913454380 955152260
152085666 946214770
932426644 487773302
331442992 977298451
254461663 879787414
351791491 994987585
315570173 30439593
719617267 510337885
689699280 493837000
895125772 797100633
485275053 44025568
756050958 282375228
949987295 185759795
47989613 808557729
693521443 872957653
116916305 71047736
707910189 329237551
406801432 296320835
932581922 403657088
460209359 947915290
174774556 880689751
979720637 156820904
458728873 440796441
728100824 580844012
772193355 976460673
5355086 365825146
610581498 230974236
39123196 347484407
434109086 677883337
992399099 649595296
111686037 280963647
138431247 637917123
720370227 568302726
505857078 82107460
36411965 881714812
363370527 451643417
45569644 276979794
649361840 977501391
186339569 631669005
798737791 216423683
423682540 223794950
72492633 971107562
834635763 329273450
95193534 311689929
286708370 142791610
10642531 133089150
176478405 422619212
361580206 666093301
860730750 827141832
661111102 565727411
368366629 607054252
319789409 354658383
763399444 505206217
780455324 632129012
683250199 496046787
271018534 417490657
896150258 880270229
503033197 995962345
329138651 292441867
619084944 235770867
820297723 285476934
938420195 997550203
193804785 385615676
394231663 350593551
501902415 797534517
547469167 398737106
294684699 949088591
71572692 986150141
982929231 317546747
108370369 54047577
450036058 463839357
94898703 573731270
757208989 758560624
166617035 434164152
949998063 684594496
473765811 717459124
736727833 126593454
632094141 149667543
6294875 868339024
381043088 423355216
627457765 708016654
376757001 916965601
866106974 592892837
971357879 64810593
674420577 76775464
52978272 713258813
671643386 428101755
683512186 611719155
185198638 355711190
617189810 890018454
795107440 459282760
206641000 743857485
348511277 297391665
779848240 401792211
67371328 958480582
3657554 5620984
610340224 250335121
897654861 772002078
448905006 907945711
613702477 919862461
418829703 682684817
423357367 321782752
922225464 818743547
839429285 994980775
968891619 705654279
724490082 209750723
646698399 180654435
901969902 912534012
504982390 892169231
385626493 808031406
72180197 280717280
259281655 903102791
360413280 726800384
174504825 225966539
93754060 579322220
351276755 343673937
260127235 350466932
491829769 349784963
239277651 455077951
975751122 576380706
65435134 157820228
968656155 71441022
750180795 949679057
959509893 210689795
444846388 394725768
63772643 959510696
400336775 70191326
976943805 89526910
324329414 755384730
29696207 77866279
314507638 976402780
999896459 739275099
779302163 53590546
67506579 656703589
344535179 840756357
968757056 893088932
337310654 820014284
219393822 247540235
814011653 109311699
389811309 309667489
17470375 46940892
965714337 984111873
42052709 25321469
80141539 444379868
411886576 564755104
675054735 589854066
14324590 784393471
690973620 825325085
946648826 7411628
570259094 565155014
275427872 795091984
157839151 797937261
889116260 41601246
30648746 416128422
9826235 907940008
814020839 196602646
387817745 258839629
484668154 472894970
155652290 86315394
397870507 15195297
69835552 920236369
711809783 413453549
780767476 298867350
240258446 930981078
269283317 37784195
735391059 8417509
679916370 747994397
566727648 754484926
288464431 782837181
345835775 497140112
193597983 688617360
95074097 469161635
479062959 272236056
845672491 627516370
805121755 99075497
1210195 607521293
60490646 976786412
351754313 884559318
443220550 352481376
486744 848742342
938758213 655129812
908999177 235332870
595463266 592485870
461138321 689272790
861145950 540767143
571449693 21237256
536962160 552182220
927826829 114381703
529845698 644638846
515718518 39068872
148785393 151260339
424188959 269055329
51762575 426086580
343568580 654695023
589311910 167132317
566216022 907766061
314738731 537786080
900260089 252888421
670127503 758541506
791026820 65761780
100998708 275450587
650839813 908288850
748408559 62913433
101538363 803736578
315791242 396669376
646201114 761692448
176854853 941288673
958980682 805312731
732289360 570480102
899045544 59755255
122167635 575411597
290083780 900485964
588777446 48592615
55139424 383667779
14949657 65376217
895785208 736849244
333813486 484030875
64275509 688924074
73314265 100555068
311097209 450619988
149412168 159643677
777787735 460221717
195138070 483110001
65937431 263925438
622432533 27906500
619414582 751296431
629350285 799314289
987905763 82415714
194346935 87243561
109104771 487207392
130537793 16772467
651725614 165996105
127235534 52792871
681429808 356852049
146427251 376640242
493148041 726309053
880042811 27793877
988098669 262538474
46428580 548819365
37265861 450539847
632088352 100741773
790210476 65147605
14084243 597591687
791061235 393407151
249126876 16545766
555638174 959865469
275481670 505654225
471981925 353485054
733215507 552621757
56215602 442636423
360575481 844818682
121386666 618004862
672646563 632501544
817866909 833542879
110243375 226173629
480801684 486431415
134134703 480700033
12662604 652865196
716350121 266013458
515431477 15232115
260331671 514935136
56432626 587371096
24131175 888254770
232767965 689133498
719431421 869835167
58338687 939986317
350539692 995365270
280006940 723373782
376590529 994322519
344647206 153534770
229310456 213526007
467460549 29730127
112209668 322575328
646080342 850343793
786921483 637171023
439846632 887742447
271997479 18960340
31228352 839824307
340076007 57596373
347283158 25773246
264157644 427769100
94228310 232047266
361664205 855638789
442639136 29453061
304354515 670798241
182914376 34897956
783212350 672375189
678885527 349260622
12965725 391921899
217820168 309107046
665811706 932895615
306446156 119000930
865047757 428282756
289267527 503019726
18858755 369912317
691774096 974316105
82490305 260323140
254815733 459946502
102504347 989721479
619768053 207683660
231531035 830000966
410288708 384288759
540902465 153525206
185959498 29443829
598749949 917210081
13547940 365049545
329888695 912102371
394092962 722535692
9776838 32032942
102773959 47024614
24134652 865610216
605632844 240175771
352703771 864509576
946595741 6796793
892080726 351131996
284991195 245168362
470599897 29472133
567535960 13992679
955770689 966023930
744067358 339038850
390022178 516543234
781878377 743436764
293071488 870495418
444795432 880216877
213366359 582355861
354633344 183826240
3929875 827247062
38847816 434296820
716185114 52969751
39143054 13823675
291497790 577759941
522567954 739573535
797153611 289767586
732112582 904473400
796704895 586933570
