5000 1000000000
0 100000000
486710411 24873480
135984362 352144215
687358598 824698690
10060919 598359013
240048366 105602086
451561997 614952169
596827388 821229700
104142649 358323826
832106031 336345931
990729483 130696435
465624267 926783250
934189719 214916037
808732757 623492244
608228216 106932131
539446808 833254700
521336392 567017772
538363812 672402781
820005673 973012837
805968202 561499981
688767551 565951028
198414497 48008517
568941108 367074534
55497476 596065330
753637043 396806314
983620625 456334887
653756141 786335508
309890091 945388761
882498583 339037338
944850681 510194722
642256874 57658138
514662885 202230911
77863713 900666451
492446366 158164370
79150078 61688935
967839127 46851743
607603910 805203040
382780550 819018515
767666753 424645799
233223398 717375738
622832187 346713998
778589813 147193732
461611526 800007112
643086774 807575433
734690549 450615020
309700207 756699137
515498722 2749941
916376108 958953610
927166121 660294085
502134459 692104166
650179754 69780894
587853999 68330107
691460427 345058727
543477213 4736210
160724852 689141613
142238690 717473305
233936658 981890655
638535323 887246497
198308756 744279632
74700459 716879456
610292337 920843769
69670391 291426160
682928544 964577653
25263661 756629646
638572062 888122564
183553339 799993755
438002284 764427848
691491793 245300255
254532878 898931019
967886311 23185857
545275662 524986487
405340472 665557712
646013558 391809115
448157123 396999358
184584409 654768621
972461130 339851424
92041675 510321923
559230163 727036335
62830436 649915097
658857257 6676936
539621058 15842957
763588444 618102769
31928964 302303655
693602365 438883531
221646160 422087307
332662243 608053537
34272332 907496197
34860585 94039648
233722281 424153284
628911406 154874651
204582677 30267870
872276947 953638280
373141572 663953225
944801344 991917566
36535663 228550497
171543135 436109693
347190740 12033637
784721504 819620902
558158387 598063866
546053939 47285183
980836176 627940519
72637712 956105264
203747955 127451735
727337972 145762312
56158699 242105050
65498137 28862201
579105670 53876578
67972230 77274200
36296986 142368779
634627455 551279518
522197249 407290445
454660368 456378602
315046037 308287369
399997830 467141500
458518199 882058626
737438196 79208507
235669582 545467103
790758066 801027120
387815616 233714093
421297113 353136393
635498618 619508187
31988169 423576983
18391918 3195837
169196964 61746256
53550992 390472330
721290193 480928206
48695639 282246878
788886138 868141390
160064579 20731704
299415566 233887026
859141458 921525373
145750463 6567807
521665930 814305396
848048645 413326944
162541170 590937160
813276953 785328801
883354264 719610121
634208635 133266997
990792716 135099435
543648364 573539505
228834019 168829445
686840437 246138830
386700214 560193619
991752159 935365099
135978528 433508532
636085560 256094344
201823044 20556076
333389780 616808140
616100932 463464613
994971210 600432640
788295883 26723687
915576563 974651922
248126852 242480035
72488558 636289044
59095713 948315629
800878111 742382778
607898197 922442172
550118059 922717407
65124186 337177068
343902845 458871296
33440107 662647101
26198596 133276863
686568907 946322641
178417012 455552865
907010493 132583090
445132993 559110225
841080074 53178442
277316775 990403739
862654078 498881769
378978788 726989426
765394027 331107395
87357947 234761131
773415717 338101487
866882995 902230079
2120580 320003817
810419095 849914061
958730597 66031121
549123700 1704214
755108393 2949801
169391070 457796223
171703092 998186459
22639274 23013010
507588719 571711538
58214773 364863869
27919047 115175452
901459228 809917585
746184364 3395693
233930562 327919812
844913299 934485727
582266062 186675504
652762484 678494859
598269034 835638675
702469453 759788146
968535301 534598861
459931037 957674998
258114641 21612388
945665513 478654817
14839110 336456195
511305787 946878557
881067678 240941046
950435742 402092155
450789718 753063344
322301603 853377964
387002163 688343878
405063135 398484171
251994427 388746994
861559403 45747728
598660664 753622928
518388835 27994526
290126136 794488612
390249831 40750071
933277712 155770194
932529949 824222851
172161492 159285732
38926251 6413325
684432736 151013192
931154499 59668293
522332115 961107216
351533456 453589823
229964559 445762160
647199306 174967795
968748090 436897987
9777064 517743291
92303936 404655622
123399143 60486871
277472334 380821339
598554311 166961645
72842839 258376584
520266766 527078017
781889940 835882358
666417668 336096898
91172605 164279986
29203957 177475005
688081 228264431
80940212 913421415
56707603 340467074
80153875 98276759
66963211 870047205
163215979 875095497
44214209 126380085
844974361 67730781
10008454 503706803
600413950 566627094
91692651 264458566
633668094 763713180
520809927 26124791
654184067 763532026
260971701 886828405
692919800 676839712
159895699 32990095
368375118 657891938
403139460 575863741
971068282 539638520
786770671 616549783
703109108 140108924
587617790 793294171
252541242 239431791
177699872 762527339
448252747 7016627
89113480 645799373
587060781 26217490
749848492 520873
652065895 653405367
742950854 240341711
981496199 647235248
32138582 243110191
460800158 796424306
636859038 818502751
754999999 259651412
462704933 215357209
474031492 93299219
687497269 595590330
747282825 7280972
933591901 219876292
731349230 718382086
479987951 263684188
231495129 564891173
145791107 492723916
846627058 980836088
549409138 978423298
269527013 862538156
38905691 189727248
142326756 827746774
367516323 198080170
625283107 703186413
187380461 742341035
4732505 904520142
624562598 407700881
972433222 192340279
820166267 622750716
428385576 541735500
142376929 663769139
28650563 871921685
69728652 847049119
887740771 36605181
303078136 22789196
689882706 485897556
917347812 814441840
807564385 787540430
889001169 528597469
164622565 630874627
516524423 588969102
65979830 59287277
216411025 567400224
107917233 447493485
64308411 33612884
128705847 781136070
638581148 707208338
682192045 49928991
271959047 723375202
961905402 943479302
90064280 979526385
617255436 291288297
89052206 374483601
92911444 174599067
810996330 939816249
566221381 413910740
395300404 831080193
260297432 948712625
891105078 875346087
18194443 667609904
208500063 51943437
958410333 130079413
846628706 865916090
653798996 664973448
39896884 392242773
719059704 918432084
533164691 917801772
36933717 515601322
586136954 885194930
466817533 98312828
353617069 24414205
339075459 960343970
379402803 933916740
432162049 58311768
318791126 595472743
956931475 284282303
553237413 814110311
285617626 40141143
181533298 1112041
794620026 893449612
50229332 661112504
345734812 936680998
644612904 369960512
544900716 858971351
682607368 603936532
639488412 57475505
273964250 133443944
676420576 493885356
487769796 899542936
36712303 557938469
1306287 602278047
493587849 339863642
641100493 993204897
310268140 57300463
742384653 732161378
418818141 227512172
590239911 726717644
565447462 362781628
47271574 478976876
52768656 484613040
263163417 472243445
931824498 87702650
792251442 933423293
87187099 996358707
202353959 193201211
918326629 154333781
608731396 159729039
29346604 265913921
625069079 651918842
547833045 706842042
870454642 846541922
451316543 917428584
484132204 322711503
491216342 171918679
753407008 777196017
8840452 166402933
823101420 894894487
54064317 761529880
517997556 480208185
838385396 691442293
615802525 964472175
532176416 17384234
569292818 142258040
133700032 31109813
121465027 463310772
50834643 608552442
517447649 816135210
206311008 381611713
19156962 793409283
846459884 802422326
385849091 260043021
398568455 141297511
99539394 666039354
474526399 40896456
745256288 587898398
365204011 487283636
136326245 531114612
870156514 853798114
700456731 887541145
207798401 140785909
357042705 563781391
261035049 66490862
172053658 575902715
608659198 870296246
872099660 798689704
744065705 8186264
30605953 607346690
817837527 109464261
661515481 190391324
903449272 424530639
83579318 386189995
934718849 754979119
930379711 42709127
239889130 685978304
282933086 48850738
968552112 563487809
948123970 552778569
378341908 995378390
859686109 597758740
972524123 875604103
330243815 609093372
907616076 375024320
310507481 814564879
104485301 307794127
246180467 409616511
588057062 21888106
900565559 615342624
55794739 255192614
332366315 890723565
707043704 220633089
207995419 111313795
522242446 730939353
973946773 566539172
918357462 478048754
921584107 816664758
75378102 500351861
217727476 32080960
450031381 730637547
237787212 414042741
928171234 436454598
348830671 654719137
386006411 405406168
732188706 405052349
848023943 432827866
508740650 77222114
579242444 701489127
830095506 875751884
733230681 611620606
50800202 204576607
859763886 429223043
309517571 630694943
452609615 384112318
821899700 190676662
94762821 439614299
435340568 548721778
53023900 732369385
854067757 793525189
618164966 537089627
872305847 495644355
967722167 48417674
941455291 214963623
848478503 687639984
892990468 532226382
781572691 710997231
479278753 676967866
791774172 79185864
585787237 48650896
881559910 629734820
819447654 39693723
28472603 477040975
989077375 750947144
148702758 895738744
36028110 157104424
68513079 989375794
4243253 16716401
460772614 546964086
575641054 232335996
896017608 349103262
751132080 29075271
384047803 997549292
801798619 509320694
766943393 268982017
628486738 394832203
676555836 802952038
497654858 628512817
974677463 207571463
374442176 16209462
126787261 89711795
506096 760799244
984209343 724269469
274505440 782401031
57265585 689098206
40832466 668225186
640078319 392488945
222084822 556425466
868261074 902967861
97728823 911777618
300742715 228928879
926207752 751782285
762291216 6678852
680757665 838270903
972555961 606324932
824861211 24271997
509485986 161874138
947863510 861872048
149201341 314207965
513902324 848554181
729309693 845883651
208352987 451019096
535799260 987781863
733943991 62483876
877315542 395864075
130809333 410011918
519403500 799940176
357011145 443833496
453125666 806746240
582265002 865701229
745657601 37922499
815746257 844367195
208345622 275571502
836476605 328181588
31905904 868581425
868905650 955533804
133286183 851758883
781478965 119701982
501333456 694141122
30597776 737541256
664976137 55314348
54052693 214067818
938396915 138689766
483230421 479754667
673851315 305905238
26413220 444588179
480546288 329999689
433007136 935131154
819316568 130774766
14125287 638281272
195045147 812507353
22776153 233003195
462463598 4111233
631599393 750112629
991819530 755260609
392690598 455964387
21829546 702446171
336297112 997135014
536470673 159833200
182959210 257587206
738729474 143761418
153002194 919083114
900804293 68337553
299572042 365665249
180203688 38280537
512960403 586222493
106970364 181568533
122051117 494996594
225772308 284764506
314441439 733686107
851668682 804041253
785205045 555429366
54189818 916303189
278038781 748032259
976677893 93687855
18498249 786132713
498810447 423164121
933686385 949163057
45610176 6960863
501383567 815863817
960699207 550674355
607020033 576849602
551661907 622042406
71216744 871177298
616513624 991204335
922586800 72584914
535954000 10467883
415142015 836790529
700127288 591820252
495566788 140014784
163926159 781265761
794199348 389723540
342130138 709911557
434556611 805368616
785866018 584134258
587595309 207442888
998673524 52494647
180971377 477955815
776278368 22159178
869293905 28161432
143617915 883963521
864377299 379502362
36701404 7474199
173775042 563851077
65988771 234299183
68184622 383061277
835010415 379175240
72396007 77161288
119738851 33078477
553525511 221320335
87074090 775009672
644117094 220231264
816302447 96261417
730012451 694385484
564800099 28097987
273350690 95546761
288187 334269519
158652808 582760817
661467568 964946728
415523136 611207169
868553598 886092942
759599482 2910555
894903781 802071843
731116326 320196420
219639723 105979505
504200317 541333415
820267544 944175458
220135289 923395856
398874488 66513094
65166935 20157234
238061981 675539921
577309725 961142113
843003994 250204314
434882319 147602713
402212873 515851933
957885240 242662005
361684998 905118009
575438567 209606841
932884786 206596659
258984751 53888712
492915825 31463984
36977254 425319343
24493867 993008960
475301542 775539992
268630992 663318863
534214735 7631831
653851725 389536946
390820995 607159906
643841175 2962591
638196649 149899601
714010409 903818165
7862251 332811746
335936893 259887217
205634488 602598007
1377428 507438007
681513026 602636053
253795701 227846478
512914433 143785959
349659047 286164067
958802222 919637945
410827701 49926148
95433801 303344254
59229618 279446440
7741586 847634379
59115443 279335331
250613909 54828377
441336910 688102834
604178583 145492359
45074209 529640821
877039914 244444629
615918414 934880494
339907487 48850793
427137016 19169030
608699022 504128399
56036039 872534538
682838096 888002098
273964138 926469671
170476932 459622500
164499727 917869554
37688717 812228827
282226412 598033634
364781331 938260593
39232698 38625235
953835134 555300003
58490933 609084293
58427519 882110996
902706333 182485275
259647111 716930823
327168312 823844508
611745613 703178216
867239886 42901364
270271820 749832131
917070636 529840373
643945794 270550731
437980578 192872656
700875954 167559381
895715204 719623069
462651491 117955034
499723692 735802712
874330848 826037881
851242998 3650528
50326262 504350322
303568835 701795195
929323576 615612204
878747255 818333006
272319358 474588721
822350844 698740197
880853346 37505964
714839356 634013104
863653058 140907762
589943466 824573315
754371393 190707446
945465018 15331092
563129798 817135827
130399333 802005378
720051963 758527558
992626086 608143306
468959695 858192433
18413566 112564048
153255924 143001882
322360565 568531035
951609442 88900522
644951183 278315672
989896146 967674158
726431707 402104215
714200388 12294168
941256041 701037898
344646778 548256384
14148047 245756041
148201595 353692828
996896291 944039824
308628497 690412364
736470660 1770110
393729610 6165136
415293585 866334681
567552251 307835920
656542192 177222405
252495672 353475987
521637577 756812496
683441117 925230984
400183368 608055786
617175049 68230528
202124063 394802021
228737438 369902258
368709121 929510713
310481346 877075574
333094952 257985218
68155744 422415562
873363408 5527360
514503080 547683536
694149306 582828118
50273418 508254030
121844394 284045451
609810752 465146669
102217705 425077197
584318146 53052409
795190212 415049705
457211472 397866600
840931594 15321363
626889707 395904716
518144146 753484389
532019931 778882975
204730291 524357208
668714539 292278784
583327435 272364365
984456488 692824624
296775608 639878151
16236517 679152148
716833890 991751214
700241851 157565878
647095599 258261709
778469826 883516356
286209933 596962516
655798617 258432016
494175340 987615127
148688035 829767182
581947073 88871758
831591687 61113689
66809860 839267731
538498479 100692527
656982195 697019367
346038794 41069039
349338317 804689453
417277003 218801059
682030168 792428845
811072488 774983280
732238812 694696210
815082523 485789735
5949156 316976108
23927396 591527352
556530308 347298863
88022277 264232889
142822863 917463859
691280261 336526564
690101340 835683250
494973742 185300117
274383562 711216205
899811727 654911824
367374137 307677703
815761146 135805753
942192589 862669512
692764423 977343131
544342318 562048987
780131599 466057826
255489291 349032560
56828594 728189600
811878547 740650011
128284241 50190603
393974522 389229908
129958293 533476734
603485178 683555829
892657639 346857588
226085455 283467711
114547957 207640977
403405370 63465684
15975219 902080536
811647999 768336959
632666712 35186036
806922855 298650216
222639581 893389237
167569727 930022816
639169409 536310281
507411415 55866012
489589192 706772807
918172548 486026481
777094775 117173865
725081630 15819164
475307290 923106572
765918339 992948605
290809214 909202417
46579473 154952663
653994551 305103232
141413936 612149458
381142811 682132544
632900807 879651834
302421957 226485600
190591682 686372541
44955156 420635442
500818322 12900591
855394473 511060906
761169068 505240907
504078700 163456740
436254729 76068840
671083527 640962971
536952484 660688072
44786280 211625906
202000640 570536014
534138181 964239023
393268127 33778113
225574545 188756027
745760140 595867599
568566792 681997476
309974739 928747270
306369448 248991067
39257859 426242137
372073524 129703798
579345330 281246112
940379059 137567791
728997625 497336856
223776239 911844707
866727412 865926367
382139127 398730260
606398276 466889593
145063325 666965735
344551821 62232141
990067193 362451623
258388472 422482217
33340389 718462656
47829169 283605435
771159422 426188740
54226793 15811605
870436265 839815658
492293591 185204018
31192203 41603978
984608816 375767916
561579025 462798755
398411698 503336194
66542183 69897812
164647198 684927128
512216192 958939495
383235385 263408054
814486163 399985346
968077130 797825863
393248924 405146356
242025375 61547036
250283223 820087214
645301768 669904743
423245385 160528966
82620506 51422017
258470711 414484022
47565037 418070308
428281773 705210267
459446559 78383217
251040760 213980087
539866063 454998763
50512172 701347183
360401891 887540538
523067808 35076046
914004674 549566826
660657005 348135552
562288346 36514152
239004402 761756248
744012316 34635148
861245267 442601419
543627387 251193099
788538101 184661362
520455793 794130561
178336259 366093452
766742394 633420397
551956717 651683193
710737046 618083763
638012131 366070336
664054475 353009691
402997343 611940618
819655073 115969745
384587160 616629925
920066468 224205027
621924624 118923522
597484262 72007622
257231367 279005623
384277370 618693586
29703428 964763774
173983226 63173314
702983252 856833460
500322306 526298677
48593539 371760347
192764083 404466735
837082341 961812249
71567153 910115736
204802064 790490550
871723302 472317628
724822110 742974626
763924796 545979849
746889327 370240749
63407013 280848725
442013605 946822988
797806232 451540181
872102 609437339
536995018 542601511
209190879 904444501
450805754 799338249
504658428 47466782
112178535 655192479
525685360 813036346
44619350 50980592
215831027 841299219
719885969 983100523
156642558 796303799
79184611 91311452
498532945 309726551
315164573 844159351
561998190 38862280
293144340 657716564
183996699 731408135
453902368 791639792
661941732 846602671
871924895 884197417
999487639 888846721
58226159 600545604
192543942 928380387
434326905 878355303
186414920 498019936
550870818 475986718
913605816 309028132
461698007 707818202
298442741 342258050
284319242 113315181
300544161 758594159
63593006 534610064
745466274 258932996
379876669 980141918
268236707 484031232
406848307 749421782
75530132 347864388
935912848 7763548
863137062 705984085
554918362 31878199
403902800 31226077
14452761 463048214
397349069 424023594
823077210 484972933
31154843 335562925
217865773 271480952
951574142 846245501
765533478 990433736
19749755 804869074
233038175 741139888
993025629 154406282
383082741 900411471
33445939 708273063
334517127 254647337
878572752 80808911
257476794 540558502
618789194 248214474
371003063 845760658
841265788 673733640
611788971 196619420
118289284 694485529
973624646 817384919
50930757 431577907
371008829 248800316
173268966 223731375
468525512 244487462
43309392 732291212
517473061 231970260
489360309 495844330
380172051 34725354
190653701 598543761
3747159 44067313
44550262 345849448
196587579 988614098
720767749 53517822
886896394 79779679
444447727 213175556
724947094 712900810
40085814 254851025
610240434 291533612
687976483 128278749
4557238 196958464
236652479 407714630
63816962 323305637
522740569 920556878
588479862 725765856
361778947 46633691
497328884 718799191
579196949 57784310
751512037 793116951
121863080 243237708
23058872 908231951
357442844 370088112
329588059 530662546
381107346 519469975
528947653 416086489
509035891 520542619
148690029 768373887
1150184 55305465
665250256 69123075
823453791 508182290
11831790 21264456
269943820 44443884
199966926 57072665
362463589 728301492
611907830 697501087
741057958 238416691
153146868 771580138
815716427 33081947
108382423 306220142
441692569 891985350
783577270 456799106
192174357 865798185
40400679 517991137
154432522 12641507
649214155 48662828
470869000 468732022
92055486 151604071
403772767 305677576
36453413 87765881
218619304 17312481
38080684 603274924
516942397 644977906
725561598 443536946
93241021 459485001
919085130 612141982
905167753 502125981
419914182 784866151
830039113 92466119
913504042 689471337
50820198 80511558
732684596 9212259
154951570 401653947
29124131 31440249
715068477 449765483
173598781 598066356
434947614 121583297
606096458 948703102
72346287 458543049
651915286 161157159
222167472 664606901
935080178 410367330
918004643 90118748
94339636 160885960
830840911 886850486
759960498 915748180
360426814 596558945
95586379 677396965
28812351 443316000
338508895 964864960
618713573 337894487
683678802 543175947
761844741 996025488
576359181 561453907
566954044 285100792
454383740 698350087
550308454 979517410
14122512 273366267
163529512 933208899
220479 29762278
213485160 29921077
34941440 292999139
585187792 287830645
602346321 874311668
782416718 193100517
72666544 571664763
66477975 441913354
807212965 562831295
412917919 689954191
598643766 953632109
476210210 193916352
118288241 144457492
962331167 198267919
403272422 236787111
9374038 550430611
572646954 225868031
607473619 208113028
582759766 601674327
468860251 565646273
359212933 31581903
421359104 861051722
673424729 229542377
620662419 696849094
395284343 759717903
212337963 10764542
859579654 952873227
959766435 791011168
165804596 347196045
805982745 873153661
34059441 873198248
991479153 218898059
4920371 46590549
957937104 349781476
932361456 937951215
365863201 157118341
156838439 265236918
709346707 972973968
266949272 779608141
85684249 500841418
909637894 699699515
447421161 302706206
8941755 997507437
493034494 71843095
582254086 469747634
39704981 724549738
6092979 70731582
329960116 678969195
27229337 400011816
746828191 993877907
928157714 934763500
93761121 473566465
248955000 7000552
725683017 665071349
442551468 378372068
23811434 862560854
53840276 485625476
868629274 225723437
159650456 988977620
235764339 568790056
816070693 212214212
11245012 157202200
324611627 549406375
855692386 60274547
537842335 583617462
66826880 68790226
25254392 761997708
6973020 242070389
352440246 77901993
86689890 610566331
178880727 940555248
386846661 106405291
363411041 757101352
689471228 50389613
108964315 291806590
810720323 424793553
852641235 885326849
605237271 112777158
162966617 197387301
641340346 29463011
266947970 431747649
326111157 39695332
68095463 52685841
996772432 873982498
721059107 130825013
19121692 945794082
65281112 622766000
589705322 314885384
615658667 543103593
734150609 584001566
43512771 954986413
156492461 172165970
140366927 41769387
243301786 995955125
378945661 660919031
444037629 789841405
334040196 315531528
691168379 56206596
659303194 50423482
196385663 22575175
71689213 60573389
139234745 196427880
154176624 265950820
584124570 886042541
124877236 483270534
216274649 23456381
465587091 195556256
43394288 953881579
812052697 65916418
883749280 527176740
219641816 901908061
483932265 8091390
321823972 69342028
570143763 583533685
569546965 388177096
644602664 173008164
584353672 372580017
600139896 646286543
34878557 174201676
858761619 681161946
889535163 680418752
33723217 28632783
709333128 62377112
336142927 154769116
168681650 657902660
800683368 184929874
542777257 419213720
444350528 34970663
349826018 64406603
55717309 550097270
253932629 162124153
548260492 52295674
49704703 35357729
17962392 821076118
612261730 114723241
291611799 172125136
76508416 700379222
252587134 17522256
350783972 993844692
805117447 65319269
343025945 980975539
952414770 910847874
595477808 322160615
545538753 315902649
685758 134967111
556099771 494783303
704420572 78940175
798730986 71790087
795150757 406855775
472169564 857099005
549412028 391673018
445106918 367635405
758040004 645935751
844553628 723843650
650343653 743852692
388809562 70262471
783552334 735237006
686821695 962160369
161756589 109575306
470790444 201776115
467704505 652251007
163938378 419721512
228567465 308577225
676691329 884829326
390216889 603136168
726370306 353803077
898786220 772157375
197209534 665799699
100940357 82952086
949389804 270588387
183979725 824473112
783823751 238896706
401840273 157676309
962280398 206758881
636255841 890749633
440351938 359108886
259845393 376922163
435025835 863863386
892141052 484001768
73349523 902765772
162311548 55791676
859999178 521265325
102113651 486591992
36576865 1645025
103776197 187986624
317622959 538926197
212128988 63374240
2393549 251050772
793807394 22104457
52796191 123131281
729115787 17092045
137516738 991404384
570344201 753786020
314394655 755596828
2665236 775034794
195772000 926388226
902086957 659691615
489246964 958868085
359400272 375890598
988720654 773245560
80677763 526870343
310245667 725623095
384566352 46402668
593607024 102116991
871098690 565510696
64327281 579201857
761269611 745410796
856207468 691373075
981840350 543506449
357837541 633840558
478391349 814741073
8875815 219598193
715791627 993977933
840900800 729237469
112473731 744210696
321072645 989370135
956666560 128677994
677686922 564397929
887954027 453677502
717246892 398247874
82082608 414320692
123362568 905909297
516697665 427048800
132299520 736292974
540184274 117245370
584259901 500757073
848134299 772941596
867145512 730602584
394110553 953388871
457475183 505530405
487401549 284982366
132853638 48092925
972098235 706691433
633586724 325758540
298325100 871045331
922335682 134868509
559564077 879199981
335794719 971210658
316333134 171396201
333457343 792649137
975531811 383117535
475647079 895265091
956370823 282668363
440629155 649626615
190743124 43455628
565855552 424114830
999818732 376006632
912688082 884473709
51895987 216276356
2017582 817100063
949759891 52432621
221205234 991774928
678300791 586541457
49403640 106011859
17799887 550955845
69330920 63813915
259860500 638510273
50838948 745752518
184432185 587516959
157422040 851135375
896341566 158883680
782199923 84373079
628407458 784553703
464895016 970262949
510255595 370780156
996652269 161446690
344615201 583685962
310394493 890715932
423581264 847043426
1438422 325786372
794547465 527601462
633777339 142727152
123424482 717796510
939337267 591138074
597987826 246712023
908928776 599095903
617154390 952589567
185844553 696382144
36188077 740908186
351840712 166844133
272001952 199244816
367854237 239935381
816971348 218666284
202202529 437811264
317614071 287033247
834515188 961505653
504265273 673934203
636446584 380179308
685684942 992170937
12596563 433584253
504725489 503947443
902019186 767907751
143866588 171893418
540562176 785848074
128100945 12340289
525295091 19709549
725105428 341243136
476714367 249430457
942894190 469478355
519393696 775936892
345720492 217307528
212206741 807253863
467886494 25569619
297519456 369044688
455605017 222199119
826245703 811977009
896474486 992156915
27966805 621537959
803886608 469711777
925623514 489106036
640941002 50425628
400108007 463853437
646972806 899558925
73694419 997294285
908980399 163823229
274299834 363696144
30043567 337935454
703452920 267842585
469325946 7526914
374031282 312761180
626420482 926559393
399255629 654769781
80922561 807485144
567514356 34517150
166706739 740815653
957284887 479312958
479648600 401110636
1823973 897481046
425574454 366346869
298528730 606616593
365037653 813707372
89718061 344128829
208486466 885906271
45404509 284872395
829516812 876679876
12486574 951555665
780836298 792108272
287320741 500848521
123739155 656640417
411902605 196939472
633477252 416896117
788689909 892771240
233567806 515970928
671616560 181713718
985702501 991874426
49228243 958436037
571502754 173090015
51656507 249416257
550675874 487547341
807132421 189347517
258664853 984371418
43728019 341415150
38379182 190040443
509346447 352342957
406255531 709574798
915550560 57175673
847432259 540273361
35996598 255219698
28766136 88534888
434931971 936014944
567876434 194521691
613109247 175907882
104310485 827784982
782977827 148889183
968224016 453622504
725754671 922901296
151379539 366217092
466678181 296373875
981721331 28405123
547350859 748204578
846690249 599221983
822248109 952705242
62238383 542507385
999799449 850444381
233427723 496538005
780525729 947797009
96986685 224556121
666793372 140136319
223963182 531685969
222108197 648601812
909564876 484266478
222858523 742763363
291641224 668494339
112146975 19836960
730422229 678364230
420141082 616854055
826374573 495435733
486479796 536964404
994838796 392274862
75063774 130409512
47394675 433541429
586262089 688974218
34679909 647808691
497629676 47887364
580137454 796897745
65783170 743946466
359986967 816370209
256787465 590632598
383090 853142421
200347973 30871350
940830358 900614406
683477051 497177340
263527064 31248047
799453622 221240005
898965654 594910383
636158661 378868372
60011056 203604362
340863803 94475276
10813709 493354153
929821742 706621689
285786451 451088597
399847033 41075654
915440688 76359360
175354170 871189513
987810900 418856828
414640212 754173172
658796148 66252033
282587886 391304162
686995401 450287277
41912305 880095439
491496590 45250492
151791247 121625311
102442629 647673299
69842614 709989078
634714995 400798075
103136674 239363487
64394143 6330524
773518922 535447238
413829208 648706827
936967661 378583805
574759532 475093240
975171726 708776602
540700849 9617273
846844275 838218775
941223552 311778063
31387559 703657618
26229301 322404373
922556027 568593483
985258928 996098385
40630270 322993449
609819351 472924265
989327241 527216948
102688274 216549994
198966837 906824476
451004621 85965379
815600482 591303345
619016698 520645447
491559729 98086761
706071180 28228527
247667979 766243549
407510013 859315990
48523800 566457164
293750473 321241339
417192905 245610007
539592945 16117058
426156623 479013443
324260985 275596468
654353185 767013626
50345450 667528059
372795258 76988939
12320976 772640678
769759961 303530597
367675454 591129003
257759615 736170655
737612102 103778528
114560757 714362740
77880705 652224001
58369155 806104639
474115980 547095981
936230841 362686339
428563336 11755751
567595242 39367014
702799258 985307547
996258220 692439601
94060649 113223952
307237722 799478481
472470435 261416566
147193235 993753433
678490744 185337699
30839479 678982526
754850333 533851213
466428017 684673306
407375947 934032144
341633576 149679786
284105149 968579435
22184331 519237584
704528566 750317443
416716048 549677521
59695479 20535902
154842218 573937175
957317838 65676905
625222420 996041904
964257923 936667635
979985614 382281422
798555625 412661679
883496474 666749254
340458067 78946614
785222335 142417681
240505243 264063363
715816007 8534989
51355804 17317236
828164225 851598908
883123641 535795793
462176256 871131844
172323669 705192509
27952281 145290734
679361113 426329798
338950121 198958824
862375602 351012187
468466124 21442562
511850448 771894736
572831463 902974261
687638311 184001244
16107296 163401880
32308913 959622299
461626401 183459049
345163626 661854988
44103127 959185417
16707026 135526548
655745785 401836928
576039537 457690233
903003003 750684405
57350730 559770984
71217943 624978103
152177519 888988656
644818381 631579192
139308397 224943365
319025246 54142604
305452506 683388030
862260947 212868335
774747342 506290070
470338292 12062523
566842726 407658351
749370066 978365047
620880964 927212427
412241726 150594372
48348169 454554705
382874191 50062444
130498019 367377806
981808608 732604767
429614074 103182577
856756751 691211949
538618880 418052238
879113152 249983117
387038122 874527068
121428760 292946774
775409969 147563959
22628866 147650568
359463377 223240158
633897645 508585668
821811274 530672758
757241356 589220176
903412578 261682437
902365781 240223636
769836129 287480440
472359299 591136799
606199187 378034078
989046740 68232354
956907722 313160619
325857867 304530037
515165657 591725750
496756015 942555918
26289945 590283323
9771658 75350157
50565096 613967769
850796715 759793202
61292839 323675797
31885477 578966756
66057655 55533525
64488654 202337708
14445316 221554535
776329024 806661176
130432379 339903288
389369947 19837273
104413449 482738588
490102081 347413893
809361830 206211533
933373529 16341846
908685769 930560100
786218445 595950089
209541872 474677729
16323594 257824768
539233306 73458985
335427656 591682880
850544716 254553602
303977208 133105140
514166031 607864729
369064024 374570216
61343984 225812221
16135396 635209231
449520127 962500002
518252001 45283582
852200529 626066399
913332181 200706926
340848767 801393520
22050057 973286334
237642277 310835701
209749006 212724590
697493091 84147057
9041461 562362789
107956831 108977355
297551381 840052140
529369536 274079312
410281481 974692721
921142580 809604655
290930352 97868806
702466284 177464060
93633900 675187743
763339547 75001390
455504611 424071831
851561083 372604577
219103616 8180458
851711176 90888981
194878451 223809469
588430658 122911917
78173101 962855250
300006191 184701297
332560229 446137365
709863511 732270284
449134998 528777490
547665799 180753422
24614654 423125628
110344974 310762731
510235936 830033448
125385539 534742010
115585219 151613455
211557629 350967095
121267313 38308559
158095385 320336001
51015418 427545644
801422840 493845533
31479789 654445448
204099582 584476466
159334438 832563310
168470036 810171467
571599932 716653324
536831271 186844120
712517390 941983923
604652967 861157037
377609791 713225817
131607049 229130369
986221238 459203352
23427908 906334832
82861853 864361134
21090649 967656826
468026979 423282683
315119044 964152578
673280570 108982149
208174603 874166608
65288602 122321399
702513208 945981967
326731580 533745309
873960278 64898766
91723808 448691690
358807030 790586244
989710856 65024498
364709037 66150149
401947131 812051186
57874067 598030734
995259074 824047043
694494663 390800703
525445998 347355754
792572390 764215963
565908944 335135883
163314327 82813706
874560768 196581360
351171586 41242966
874378199 586173191
7519570 367470130
731337589 421605730
230463804 671520431
956123579 15092788
944218224 416996037
529119186 138479323
770001961 669552080
65328801 718056785
821410467 705796880
913106780 872987321
138690463 735014952
661167601 731111897
457489121 997572512
726983576 252174746
911638194 460510051
689754956 943103881
922830430 479096641
368443980 728683097
540556471 539706222
497061529 230046815
379032209 42266369
849722747 51279381
77997380 753996407
110668284 884131992
655635757 270627373
710378348 62672424
16559149 106801385
373939164 158097071
941880361 499903058
446727843 22689332
423124360 178869619
932677339 63173476
68326840 26072893
498372069 700895249
73032616 967548162
369592801 60742577
936194128 386864890
308888631 552482783
510708005 21184704
633180177 49188566
987789990 127448535
607258846 515957241
478602450 794361887
729702609 161681998
930618287 303251041
321109855 852440318
682855876 634684616
78524357 163032534
576813728 319162725
5789055 206166473
1341777 917051050
793930963 26312555
50892525 211455471
536085829 33590137
912577805 30439920
302912544 698451789
997863501 781791565
756826354 442853225
40324300 954239241
69664272 676926453
274884275 510301964
100591374 327597368
803785895 655656097
360755017 775026209
822983254 58468088
164700253 722951874
330624239 960750502
379594927 330129103
63846824 960941856
476543461 644214819
664970811 98968387
548026216 485226812
402733922 54718415
775271657 442742714
680505183 353703655
493012185 28130020
436357750 686985107
72455920 866217507
435623792 680081470
254682791 894612356
792222234 333461817
7256509 45368377
234264004 60454710
420605622 786259226
336602051 322115021
685890391 775791902
759847407 859900411
112311084 820767715
529940773 599014557
815738370 652026411
62099910 370588922
340919917 297803355
192379959 936084279
60874306 54404861
838839136 609403616
920123167 54168896
6608172 65504100
954979551 504485747
570048783 936215706
600256551 450591630
136070267 813751607
109290204 430418345
578506089 335606102
423927977 432187010
22587095 235840248
494417277 670119420
90081605 772034176
638931979 884053403
4695861 823463222
131970121 310249225
589399477 881854406
832356850 470346387
377818829 270358718
745052932 41904556
585104400 402521875
65019458 63451497
44956433 122577053
376244659 147111172
39198186 306535574
226732321 730869850
208212407 544337439
38128282 633324141
501310745 788455099
801930995 648165346
576904884 451905746
257365057 293629316
947741617 325233200
77457502 601748159
501771836 869320323
872772970 62338086
63345671 105552352
645704263 902018541
182787270 767335231
431917340 1676399
670738609 942509818
948852179 443863210
803661573 419244370
989418650 141121215
200596611 187023594
781621350 61922418
370751984 460984650
650666347 275085743
489833107 451546462
351898533 517541123
289981114 951861748
148966739 433710623
399447605 80988226
415040887 485326938
132267737 434915421
832035415 311872811
243796734 802884546
260335615 982453938
988957698 366059474
501268156 403489328
851057860 345573454
66725793 134093451
237287465 953516511
62302983 61980874
476143515 88462480
668044551 823877792
264720773 218183250
68996094 486993625
303681497 901365111
130064657 90621934
12924554 570155832
521696933 227248247
287318546 57480751
663118053 45491
480978412 353295581
263740480 19941889
357634843 31342116
535174121 262818155
564547234 421656015
705783894 777437207
556349450 748053255
574950850 516150484
411213791 52659419
517462699 90111379
96816691 454847681
11021909 458064875
481106201 7429389
56629061 213077908
719391531 486814080
900956614 55441131
607230469 886320053
429880935 53072244
383380680 400970673
749463675 383058004
129872536 41863260
405345431 228849876
917211422 184245250
158658328 200478945
178025223 7974097
842179227 721486222
636673667 387647839
814980739 717482896
582695879 44188960
529544567 271393216
921445259 113189109
254594017 728204189
10882444 859969433
615913072 102262727
980686604 369081905
587491478 966661765
394942797 453743814
448336651 760435776
134696985 982819521
41931336 19837445
624152637 321050996
927812877 101591561
96570890 735512209
614605532 535361053
974042067 514774705
348621435 941211197
811632753 717187022
688980086 429687046
19408322 779709386
974947738 451332154
591413029 166058726
538013052 874914622
137164800 686405195
585121008 32139164
542919227 897800837
310745234 358989188
124288194 839508482
122143553 782624323
408070662 997169048
167029918 115071698
700962429 864123132
606506898 77145162
845059870 321112396
411148485 34453094
349685734 613954438
49466664 625986573
341693013 632880399
552667244 579665344
818185201 305678381
29305736 240758826
717976770 367388300
514351927 434715801
811269589 652819389
457256567 484992383
818200505 134524850
766176523 196972784
419870981 852734276
785219067 365630247
939945168 705513646
312307215 732629249
181705015 868235791
139998807 762528384
820837851 999798763
46434982 15875402
141701729 488089003
678803474 267464488
846433520 366832152
738562934 779296903
59756213 534893028
207288304 687150842
37264483 867566114
21597026 984502198
250294444 851933896
903597814 735021588
477619913 966437172
746908051 398746131
306183928 437324452
862800489 460438228
7496951 34149564
44828010 729168156
643135630 799500805
673446862 308989397
578162692 260687977
532630159 388190349
855134885 722653111
330549482 183282166
533613890 10781221
79763172 70403171
848646833 695931081
443661251 650561618
450011720 736980510
458773649 370414301
976756326 900362374
223498909 929694792
417305323 39926465
36470776 506988662
26086330 268955771
837406717 99085171
99728190 24074940
56205249 941290476
719581411 916201591
174852776 451841457
17487255 284156668
845292240 658179130
186971220 756051589
498023843 114347296
238517390 186931885
875999305 448455328
836656323 78411507
59510322 696102428
176396019 784465212
825649554 895058585
826073381 609801294
384224733 981903169
134679519 947905110
784634447 360215010
638351534 278818659
698672743 287043950
735977636 649533416
317106790 488089721
69132500 866504510
548670933 739071934
835031769 23097888
742473212 970447003
139583310 624355629
302687339 969672592
874080339 571726698
974665077 754532036
746630669 851112125
138137264 543711359
869678885 7264882
877700471 324858289
59944776 658057147
175949160 93537386
546872743 605770792
326016743 763540064
393530229 324775475
614540697 379348845
547177067 415266743
412581609 663436302
749931335 359256691
790511750 276078564
415298632 168981132
361643747 557290551
175794100 558686472
386460598 128759406
880759378 566775380
884524153 904387224
43424241 143455423
638865644 812987879
771007455 188451580
18526609 77338927
963996531 38946468
177585711 647904107
366913667 996503218
777565264 938841145
773981678 862322182
528610755 899171929
463071252 954029538
548919066 238328370
38388569 909082736
879558189 544442445
354484902 601588537
891048085 557405144
37289447 582533551
361460274 702657828
118653070 43951524
151671718 780407847
752607247 380179410
330420440 473060090
749347426 862886482
44457841 523675740
2353795 28290339
206884194 290851374
69822197 546625709
414519132 269494261
722384444 394488371
831037271 987624796
14503263 476259939
446393100 426886319
26763372 64862668
302142075 704213345
58128114 60336993
945632869 391846534
415710857 109138172
555030227 393833818
538889542 721255894
178209165 829325240
615038024 288819471
52184739 734968483
677411886 324603436
447068393 585782465
5155740 191330707
65101426 118086875
47378367 92265233
710276381 45110367
534054591 437962837
882432773 148593118
152220238 810176371
10027278 188801934
72932386 670693730
870353248 412256713
190645873 741334142
459529187 582771084
402686586 760004358
533317831 757196537
411940604 55200159
598369535 585332693
200931005 939280847
795292353 353951243
102885125 961610883
158076936 555084327
470808096 865114250
913224978 51172315
943022560 329085208
565035746 911566462
380620312 825411652
758374847 67411336
696609570 556218762
705949619 121722136
619064410 799761482
950746893 493870703
862785185 42442310
283272416 203073650
308244187 593606184
845813634 355096619
367718513 838256122
23286540 415345991
359134160 46418859
816073185 595504282
67031783 189599122
367759136 616028823
384592302 944552163
237902129 213747161
364304538 335763515
198180414 320610717
981016361 376538137
847051957 618147909
8627803 53600098
527321547 984661462
641389367 867686877
430206964 392063611
491587908 160498357
707509613 768902400
184386830 145156858
475611826 796964184
845115558 427399199
638411016 42546968
741262369 862389885
938502389 537863161
185723927 786709456
901171394 443469401
668565542 69640116
375245568 192621499
364972397 392732722
745366784 717573955
51449617 790499373
372643161 198538299
661221053 977296884
370463334 74324113
468807450 8782772
313395398 986523478
61254234 541246465
60252121 468267840
496415410 950119509
731531851 968081705
615940827 5168520
21956224 290923150
472396945 700031069
225358637 964255761
58017557 827077622
889210815 947434488
852686251 1780314
960504049 44995756
526294556 505658103
635043130 548294458
123877172 874416922
214091100 32073684
110090053 566789240
779819735 486000210
306465442 42146727
172750451 969546922
499464741 624107174
378066618 200680828
646209963 846885714
550469243 921803912
677074578 586952174
373736265 535462709
969858626 530440612
870411258 738896652
273568929 794574078
513417001 649383995
745611933 294644844
599220660 264619028
775603366 2821314
554116414 299181963
290939184 435793335
354739886 544454075
291335990 887252072
397597870 47273056
906882226 405007826
966735405 738521183
127051046 513368411
224454877 27281978
717260823 16151370
389681078 403265182
626462604 134825802
628513137 446792405
171816595 653906667
279611150 699534675
231178173 32474656
603421263 648072749
32508829 39239619
759518266 231721884
983514956 353729549
898147227 20826750
434436840 953539359
553558912 550644439
71032849 910319996
929991099 210402889
19783273 635372684
342549860 919271071
697928734 575339802
66274131 546672199
72150615 578562518
750657195 594115794
408212938 6993875
610995018 662401399
724442919 223614731
332249178 33447310
883558313 267200728
86650051 995905301
19526028 313542264
905142 31428909
561443985 471335313
294663972 704125087
117814396 880357546
16235587 409872976
137742230 406897070
302078993 18190288
210709804 305568877
823218633 889897426
553964558 35867418
797051248 8685737
875704592 823291600
702401611 488581839
983524748 260664838
1863524 236311907
989623775 64224030
535593998 169693350
40013800 574313691
954548823 296024701
10019212 853791460
13814679 756338930
206307124 604715079
569386728 319884467
257186381 608867825
918784426 917949330
452315079 617823543
844981760 37847298
605820567 61948496
815073615 525546145
664679990 504008408
777013954 690384554
914124063 174031951
700139976 786078334
706781013 986328728
713931923 531626788
10560730 121538171
843697819 81660356
553300025 533382179
343576346 668536366
123159805 651608481
922120078 546163026
424197687 862252391
974901818 195211206
571172093 995118285
152316068 683258948
918951653 630197903
303342104 548217384
46791822 74722637
647588388 869435382
3540503 937828874
61503259 272183762
44329382 933897902
35186834 266974215
291739620 94275716
784430566 522651009
330805883 133925565
180907187 179219026
253527198 194173163
870170462 905440817
891318656 772802950
880485261 963817206
54027483 809152618
9041576 684406559
251988331 808517975
67904610 19245135
982617969 195986032
22676268 63384520
278037297 709283517
23048892 509112057
145142645 799500458
367197324 25268203
865445895 366550149
727296603 758848979
261302330 796783363
751001261 687570308
75157858 303117243
334082887 832463353
135511384 673806250
564160436 362755279
709769463 733432750
40457667 519260871
159681185 138666763
12431880 692641353
784091322 624155113
557680215 541661660
300073004 402950099
251659340 634892975
101837538 49584184
835359173 542216980
231405133 21294832
300720486 818779391
389732834 30899372
679465236 291294348
544800154 394078093
396826746 457859702
63238257 891623312
181471111 895188640
734605031 533010201
56216301 705577616
802912642 244409200
852753573 635229167
406371145 416729409
60712037 494565131
172654667 272467738
389794866 471021909
484736022 50937840
813283529 965651427
343973953 643071387
324875826 953003503
126304995 676676437
324670522 233555798
713610520 714879039
791539437 209556250
75442563 609464796
421526814 37187551
185584327 746538644
658599653 523467891
650666509 742215731
732847131 136531519
526495106 956659303
885801696 949944278
805242582 384407877
898242070 257849711
57440701 584504261
362994660 672204130
408939121 617745985
702078003 564374190
230345775 171712762
339369780 209360755
382166966 135169683
207518681 11869048
393851339 622730900
262567511 476852902
682734007 743997417
964570794 703766411
74905543 117791584
60563217 773166552
440116171 57418798
775875214 509375715
186481560 689538155
275774311 61655077
237080967 923995026
272806312 714249150
14659826 841233666
51749278 30937324
96474814 487991423
902849117 785841816
205120461 49478832
488860731 229103050
689203079 323484579
768214868 654873135
413705307 677224774
483117572 345434778
247046199 494989804
129378159 849925504
850656017 255658702
82054653 49645945
65869154 691666566
465081814 483936711
635913894 544569237
618741610 126184647
344695773 361425631
311804396 609663617
7296525 518904362
550988242 50693406
319848638 992749218
766642007 59051372
454604924 724497240
964357369 608349532
546933081 880220094
252837372 946082436
558894441 190947885
337693924 101419166
887264068 627337823
22694399 211047431
421647495 860795893
45875673 852630593
642268242 59465970
70558148 492168818
725237196 207500351
199444571 749117410
835107483 505750565
45762036 596162689
719747436 33419989
852095281 892915039
50015345 638227172
829513586 1284400
504465374 866567624
61433694 366588115
8822378 900960860
373772130 770111936
88738262 684782945
96956969 662337692
41648989 423157243
983298345 905107883
599461960 754970672
795287830 447366487
810947166 374527852
81019501 187890350
120679531 767240448
30965739 67088352
150869696 878335646
5845777 682016454
270106546 43083486
661648555 236620631
348762650 71825854
262137663 351289906
964660179 521897754
924965276 765251863
58407487 682816823
538747735 709798764
554762947 116484413
15172419 26577595
434095431 500523960
105807871 514030387
253384375 699802390
69974118 461742628
633509253 25597485
465192989 191782020
49020963 18013875
230854666 787355500
435965326 457204675
42210006 902853787
618905535 340751454
72415089 760853746
745000504 605682152
762352527 378090230
979176061 5520039
72705572 609807697
428003479 248261704
669313516 570073425
29375890 68127832
632562149 18642279
745092608 263177424
501510610 270807978
276397173 846826114
324910266 410260562
114808841 616387501
605262696 614897725
378850009 646645871
692417257 785478509
690673798 495812429
69060880 918718343
650042548 524763053
939508982 4451926
979333516 592958556
783704434 962073671
44670010 498478600
214026150 142402283
269567345 16061895
798092146 48823159
219278307 679554958
962589694 181174599
914173642 719260859
158296628 362017879
35178592 334483084
474904387 438508488
947884138 120412326
336835357 656015458
29074601 166368143
681673466 554825484
664085864 899137332
71876050 685554517
63329778 301684067
772709608 701012462
601542937 393739346
501442107 266054446
460303792 424216855
552202003 639081869
604794641 398823981
666294394 481792041
694139799 983372278
572987327 930118980
32200996 857315635
128107764 598783172
893580702 106893709
123468144 920807090
742730091 68240911
546094671 346537403
828723704 177780651
582683373 25411505
451257911 894872497
368563055 52296204
45291291 452039259
186328891 712370275
715453982 898672452
336158586 775041779
146418620 414375403
602922397 785884960
996048374 326276149
394648021 145095662
631596752 985945320
625787289 299228296
865008339 464890417
902899236 14254778
105013132 363790367
602389237 983556470
139645451 481433381
619734093 147709779
704429412 597362332
420795828 939925769
90628402 778063679
59228277 505635830
719423503 206667181
717722141 142207132
354930205 978902251
551273216 303688993
94205824 758790367
865449140 571160526
143775458 64205014
80814228 294793617
561824750 559782399
179541566 980062331
524362197 799699437
938215958 755798594
409728460 157638937
200635329 250169023
259165580 206884190
189922474 548072049
56355791 328793211
533675648 745984249
235045083 434849429
549818806 472637340
743120111 65034418
56028161 933468101
376322775 304514879
850218718 183579008
36996190 2778762
272582154 882951679
852566742 811544394
470578696 469404185
891311506 40885522
81640095 255760582
65542252 965584097
545740121 166284708
337238592 212346262
203860997 586035062
152028014 71984243
878909237 587000480
281971804 81203106
95338689 46062507
675603442 13488301
75797058 286697927
126510621 319106820
229258136 23195972
908239436 15762042
47501156 565640728
121254390 618362312
82682768 958862941
38573329 2824457
407423938 234738896
426400413 899712060
418243564 335549267
158204696 731220422
416605375 44852587
172440327 373225709
197053491 326902467
691294068 703197278
527928321 673350055
815656553 893272232
8011303 416072073
12280696 595517119
741778796 711058816
903487544 650569338
759556050 750943940
948993727 172829973
666214694 17401652
503897129 748807087
256126837 130862032
842951960 569264589
725175188 928704319
265707057 43820500
111568791 435997770
610155163 127535508
145104218 875946079
479126148 277827769
882879739 318940687
948638109 975796056
310446941 35354512
136279449 508766824
57259687 707776828
251810994 571745349
602822340 388738064
286540835 801853230
407541729 645130286
111177391 426997704
682745074 489113435
949644057 585076634
126168109 643823489
81863337 872382351
623961997 963587375
175982510 857279095
812239696 673402388
38212085 118538117
47493752 352529288
623560536 27327698
457942863 294669571
12825642 832537049
34745820 612649636
28161996 490574330
25533550 940947371
699643164 608478967
777906715 808623359
1658110 173618042
65120564 684000169
366855390 691631501
976669658 468651863
428466981 184310048
143871079 810461402
64950213 743729799
488729087 792344745
337341109 651057401
54154505 587395419
465819754 51349778
390211502 489925168
519347298 857257809
652584031 617761161
513322398 881011355
962430030 211631980
809752355 449017527
68127727 827133953
41164408 23547600
752380802 534146584
148093483 643262454
909924736 597976480
276011084 739568541
1817390 21285936
7777007 66910748
401654548 51229571
676528304 8666415
412943739 358207989
940152615 259787381
515545842 885615880
141493624 474846707
651230411 780518881
224977093 440284304
959458717 806910922
365194425 917122711
37038019 692285617
930812415 860561976
310729692 440726439
602891465 678589959
122666825 169081698
606944074 793500539
445541043 614494396
26315323 874373488
457459842 18254130
7390042 814225061
230675302 270217574
710388199 231029823
869786834 839714718
709044518 787023941
26429819 893740610
988687584 589461538
527311327 12366945
614494177 73197861
378404026 206537261
218909819 596376837
218941838 49700731
864998146 517683286
741573923 889915973
359592014 133953813
341258755 881448743
974890044 878487330
24726780 55352292
661735469 453619904
32981923 324180963
39394180 518343958
19437261 821374635
24531500 15617713
161659670 26702954
794990866 981239297
460727642 300253300
55562915 65497558
973903165 866613693
827724120 684395502
234916774 805849438
205173286 104744799
418726719 601064213
559497484 421152554
366505719 692984260
48024969 909788852
18876544 779606513
530156322 273784388
152055506 860386372
122566625 707728773
636654758 804460557
383980241 821708295
442367740 589667772
212558467 47858621
460379030 138887526
77761420 54268289
555071354 901279047
481310469 419778445
507460980 588518459
14977290 21329918
556508306 393223235
532309819 829919581
463611558 67112709
106254142 156194574
322229960 744298062
616873274 419753949
964595665 951792263
977347166 294706810
744846049 405850435
695036760 42286585
509146585 217443768
882185951 72205393
647070178 104559936
569367594 175199455
961847780 644600281
131948918 500114144
137281808 829193379
19432067 54991353
171440471 584904804
155592471 805081780
743502320 743781383
9775483 663666937
694537686 464123161
412929273 710933146
179055175 690369099
676381796 231815113
266579271 768800242
676153488 572514206
66771482 28319882
387497685 77716117
525709774 33112879
90435472 436614414
335646128 63455265
172575906 815288780
704696785 341653323
529352687 175844471
92592522 592424113
635353569 267234330
986230773 21216514
286676963 696714661
240291440 774293522
14348517 41561708
489876255 922653013
652932575 852680358
759240551 674786916
390806598 297182192
627240563 702394237
681023641 799409095
767824818 695522307
44067030 951791121
941441366 809239801
541697798 55539092
804234967 560766859
69706156 742429823
315053935 544886662
583878746 489106141
813254812 525416923
956095518 580883748
325410977 345585440
395195404 747011243
280270084 435330574
497545662 466629678
10164497 842571268
10060240 20189260
513154134 935373187
2024034 694881291
296589606 848949424
43776410 325691216
481473302 382528469
425688096 917020007
914466179 714929633
753001377 861951361
171917833 348583651
285570380 274833200
530284301 314711699
22501464 626668780
722409013 385855177
88947836 755945106
102707946 254432771
15582836 67434974
261599453 308779491
320096388 885505785
869395071 932598191
497267949 773488359
485332871 328151248
500557945 155560469
186071921 526770516
779333365 978432209
348431353 111586924
397349809 232832976
250935204 496615150
191232002 326025898
493999159 65312210
157071808 798094937
722402621 349363898
730196424 372870078
166271622 25752676
440046203 753981980
933026 995180342
679513662 354099611
566209899 131354043
407268856 506912198
363395705 586496287
111374231 538683406
690608043 219271093
1770636 27353156
244464548 20991857
20913737 216244515
687589452 328314990
83216074 762932933
76151115 928120682
18196745 52523815
917136017 759482437
414395785 67547315
643071697 434802822
978582221 780970667
11453440 62644694
869272030 261921724
995460059 963372163
881896136 853436022
9340511 539396606
493376797 546591181
731085904 701810525
20477039 131697561
785230770 861331418
859341019 283458324
129034322 180830034
59639673 390538079
519754302 498853062
832423662 204002813
284369993 260234462
171716571 9368918
497750665 929451105
999553386 395773750
20887768 115870398
391882183 549050187
873666902 403098759
582439588 436791723
320318181 595090929
309514165 443579723
805762987 518942037
793068850 603332232
161696660 55797169
571370072 502974882
737899214 990697768
672746472 930585917
950372427 943324030
794469030 826383583
386159683 854797469
447789532 273023860
209894063 260805395
774137300 936224205
20737998 751912593
589793890 733635868
306215077 441092717
618115416 986132857
231204215 913840161
876294415 281779297
65477200 890665418
880927460 821492530
650808704 223933610
524741049 403904944
982252568 271516582
550406256 113605763
427109487 646111689
474450036 868889527
574810784 930489535
403353648 641350970
872075530 916907867
299518357 935884641
371971790 443221009
992131225 56908131
154168916 974479229
490381746 562427869
47212998 338674394
631414879 240894797
948579220 19168395
440765856 538680984
331682031 864242839
901240441 658059140
907883598 573868837
729309810 474118973
664725996 46573316
338561562 975161556
312346695 765877797
32349567 5411771
737900194 268091934
14168247 490147403
56675204 165970601
627291228 4469822
998308664 884983843
76662792 340356405
710514251 291511822
10197724 565231412
561158160 508947855
624378367 415076641
505234719 371820529
325190935 63929672
565549522 362692896
28293330 563950554
836815047 703633967
646140768 662302057
13551969 119077843
803785974 730885486
31304773 637960421
668386892 925340867
199343074 182866148
7192351 14648361
626546403 861670000
137944240 250760900
548643516 751254992
107724868 24329370
580220962 310441838
59450273 76619031
900242322 874273366
531579288 718514572
182664137 598067898
314210422 794654635
566558793 736438384
17398416 539655181
412592091 781949298
531854530 810523821
615397128 717481053
676834021 842945386
849786526 718428915
560767578 973103240
782762546 452416666
276170375 662244655
883173016 123386074
971200851 413629931
681005164 39885283
223078829 65180971
918932109 853925637
968055299 975037890
6603419 176226102
700790476 287585641
366926209 599968655
672734462 903614266
453438951 142068175
728723608 646309430
996458171 534978262
183640858 351979457
141576113 84248875
443943432 821009953
627796416 81259384
783926635 439485187
530667937 76277513
161887824 988455413
782704211 265258576
780993862 165325549
480092057 252376931
510408932 882857152
376292474 631035516
9310784 837644204
604643777 941754488
416560506 3849678
145897595 447685978
669584432 838997934
187450492 655553221
462127111 603376303
638163674 991358597
684355369 55693215
535205999 515762438
870214849 40890667
195600475 310685659
610879360 11860588
817834625 94586937
565747739 549115221
459530757 877214074
922881994 782434626
349852629 769877914
531062474 810435444
61811997 55934397
997313245 53879695
872090064 490662055
718724549 648982041
127914790 976806210
322229197 774227711
243805720 353765148
185832000 459508752
115997158 858000103
778481135 550160255
92593810 443181303
449479087 194441829
98691939 803779527
331699417 371050301
580207971 37790836
252154313 571466854
897344993 569800513
682363999 448200356
536766703 598278673
64818816 60578207
994962404 844964592
957886615 349080675
816151516 196438155
778529805 18218975
965350451 164529843
67845076 205374823
135081230 427790558
281162466 190031665
386357714 412796069
764512430 847021275
576452523 472474695
370521014 255456739
121170951 514957605
850935288 715389998
206926616 376575556
814638459 330319490
305331797 866407118
93684423 292291340
727556857 112948369
486014825 27588570
480942211 245584511
726064241 86861666
91866932 788805420
717211892 370192122
804578964 243215188
65896073 769670494
156117998 485380178
66152912 367805229
33851599 27773609
18531046 85831532
371161483 834288767
893008372 708440577
30742967 774787101
63735710 505302585
64062641 709317232
904270227 40366914
158003220 432201099
610893571 767123634
719953477 655823651
803346723 32408831
298388200 297166610
617116076 308851717
747397995 877296085
129669466 877090692
251676026 855147278
163931757 474246046
981273993 295717890
614189867 687096156
237286733 840612379
517848155 352637226
522306115 981100903
944941004 293477719
954876968 592238360
43167947 134358167
92136319 769170435
122337457 84763777
497385487 39827233
410067284 171306000
20307810 912025616
814868369 141229606
927722311 985897362
23834056 37176324
378437712 843406349
903040608 369037268
896584789 797569034
568843839 809479968
40713455 460611767
56362834 634539352
71925246 56733285
733158667 908584527
39127076 258541834
941194461 898418878
346668871 547101376
899986627 526854336
476782867 390423108
764819895 276251221
604406646 19504503
429436475 689376223
661938978 801686497
14547 393935016
74760719 916132137
940305032 166710105
315889142 290725790
371438951 153024644
615007958 840995506
1733376 977901852
781204851 937972090
695007976 160230648
401965522 210456879
931219767 8561491
860645823 723840943
233321739 713846607
508647239 239787517
43824899 587421294
172787518 105585341
977452996 864474904
743468987 930086073
745086584 473188631
360099479 3886430
264828746 696519197
858163185 128643903
780356075 914911293
927921324 863349906
577112080 388844654
682148079 105699758
958905330 712539404
452508325 639326099
11026125 348786775
256634875 172354146
993197921 572290801
10400740 300660705
2133619 272877156
42509464 36065784
706770766 19729306
796207122 742969654
795562555 354561379
686090894 8697164
168668941 755228402
699457296 775000466
170211735 344859232
669234655 771814270
901229107 345496360
143709445 474456368
351665213 760246442
1382097 27314151
645510294 948043945
442046550 248197773
998815778 869310924
722343913 115372072
11954249 855324192
636445607 966578791
338365307 974704020
520247277 664708635
98201509 71356027
852946398 876394426
667542716 399501839
382097888 63413726
139555131 77318889
288668191 30086084
972083868 842996618
432985353 256664526
127058913 408176340
567109585 420045313
281826318 72287377
70255852 364672648
236702893 196979691
503612054 743913519
26107464 646419954
245365070 38278889
889723123 825233434
534794838 833984075
578035392 387079866
376497716 666966030
739520072 614748046
704883508 717567633
52337960 28761141
630748132 144125780
27122306 330521780
800341398 751197566
849699193 131975666
984223457 517653592
715097013 93622330
483780128 681093584
159706597 143651260
282867698 607961336
179796023 589396236
502103480 851305604
21249249 678788001
671241242 437084495
8811675 53928534
673098115 190173398
309305124 433503726
210828448 289211323
398058938 482252168
19868389 639728707
942953889 614272303
530337544 844921049
23235235 983582285
126005124 847285897
945676687 776997938
517520664 94098310
436771506 399459986
975053125 594844069
727307361 35191812
748412115 986462431
865582966 27859587
10876492 933063123
70492109 415206386
400111743 828190786
755471047 93750417
861765887 20665745
412640712 548186504
606412450 6320970
274005178 620786021
590036994 774835611
685033607 99176597
297103872 48952276
370888098 827927533
563228220 268037358
668252799 975002404
626850205 169680384
764907031 706362198
146248399 599476425
52776549 16156546
814821568 286802985
78073579 5995789
56611107 439599270
720504622 573389374
426120942 419910379
264632629 517305536
351221979 532975172
436807694 494594595
579928042 119123748
303013449 836803675
560616925 611177888
500532348 111268928
862315450 673271794
625067965 796210188
896909389 600831222
509890603 594237919
534294180 948801200
28854117 523014718
240512145 757814468
643985169 792631952
813601068 745567996
108005207 574550944
569342798 727726022
723207523 589644830
713838614 930649780
17127911 998525726
650512744 753928954
343639958 36477079
399873129 351784435
901040554 393548262
469696517 737850780
85002847 191737929
248494954 266215191
660302198 338335588
291464330 373352746
570888883 771777982
982427292 180125374
527705183 157077828
793389211 354611552
455779783 621283782
583470021 130163651
907873722 275000182
53129245 362873916
854055183 363708780
869123307 817977157
437367069 205117476
829690679 274502138
105620034 314089470
110534737 522798239
414147165 829759421
698092108 294982936
352462675 613611273
683061374 604686704
636620173 240103661
35725826 19685971
156733048 289646169
610376758 269927827
611714820 312570017
378018110 715225255
3788326 611609597
141389438 139558
762895191 400738823
183860004 85283153
288619794 929870912
810378908 244223623
416620377 690814603
338489113 994619343
376611377 957737391
202754067 142341714
84492322 188184026
66633411 865858013
885163192 905463065
679226026 143993699
523326212 73043425
992909320 403693433
596704284 540777865
919915108 363546841
722003350 613477070
497154314 507804384
887701521 396965965
353589128 640601103
183324077 225462028
774988849 259674254
494450830 833198322
365741722 674227364
131791196 976438091
750927391 278021952
15762373 21287237
137764959 157205620
426622715 129054325
433645500 705490932
604878895 522441042
2314716 57812378
769830172 13120440
50250794 269080039
546099326 831436648
503905367 237571192
840325782 274779267
885619410 709545621
20209576 879599634
385598803 323367847
428160637 895745152
785113941 472861115
533819106 21657117
18144406 177389572
642504743 516152733
67858330 213393751
684726177 390873752
91864615 400563886
824594216 158959112
587037638 780560806
591254426 591166670
340663880 245276417
829518678 69050925
85230654 131678500
952487105 126016077
12688767 970932889
86586565 921224377
181492134 982687887
35283788 606609122
520660625 609324373
954952650 733165210
431488739 204614371
955805617 517336217
133662851 541513041
267593979 368396028
535577372 769228125
740044451 718443457
553862811 263099114
203261228 449289036
473141684 71794556
458028313 285762277
608168029 739946685
904360306 417529655
636633680 802992890
357994054 939488979
677497229 247126950
611092259 815740075
892135638 345703382
756638 736037527
683534898 945803972
90822611 200655828
713500011 572692557
172492507 644990847
222805648 427374451
624672088 645810975
390526068 464724187
535367150 387880217
848658221 437869904
920562118 359747385
89095829 539863102
97900301 720267568
836401356 569285176
468711282 262638352
59416243 840098674
939105964 344561617
686480499 541791816
749353202 899301328
401449973 65517492
753025409 339288907
37490536 337550301
72400665 425788646
862797246 708738179
498797698 71975464
21475630 335144851
858807040 112465919
235384756 262498202
240258274 185999673
882007437 369981513
848579064 183315721
79802299 280543479
353558551 250957703
698325127 942235419
13920663 23655471
490766329 437895381
587826134 306836066
150962786 129929062
62016434 93379553
231161555 738699700
199435796 293380949
877082019 165490375
905626208 650935498
87766765 576919631
233600261 110529070
162128144 53929243
460999668 76500439
857845549 18024866
437350176 826322170
737941420 1715327
487048963 743539253
261995192 637967598
467579673 516079622
179511486 477700432
645943394 489464657
594839794 26555819
25219044 839185886
702760906 199479851
710892839 265871576
269170049 478683547
63182007 730877776
708914325 562696173
700582566 51582647
392468553 571544248
773185799 831351657
287347492 406699444
13280371 765759261
606541168 929766719
646018185 398743413
276214717 443424987
413460071 844492405
295071067 433460653
900972338 664657667
248974051 170668288
461203604 6233450
865471663 573811392
251244855 673340382
796371293 153675776
277599054 459839726
514612304 218314101
406784781 637142548
439092270 11768312
973847852 186361899
805048675 40208648
840019305 997082098
57230493 700292421
416990467 925569165
357268815 505135862
67247934 409401860
876812334 349694596
880075239 89093059
352148919 931470077
783077318 174873368
309199014 842112146
586593069 484501945
370584704 698594074
68434032 78100539
675259403 429680781
287068266 785895580
675082193 454485897
229606134 669044922
749444256 310928848
172136820 36852440
196315660 102735559
375030602 176202274
189155564 470146553
6686304 637118750
962562521 10361235
33404322 9418815
742693811 885333221
337868674 624232023
717584923 68371175
730078323 599129375
14688760 588759218
481723759 586697649
571027960 899579906
679172722 456919311
895337733 22167482
805064956 945546906
837788884 771883105
286163603 604730011
620836444 802564766
712069951 941124286
98415189 27069888
134998029 413867666
907682753 151230521
926002573 914776586
701986400 141614109
48164435 960794623
939365690 27987878
402291065 295541931
310417690 639457716
294934812 866138160
647956237 822925382
757536987 955711759
622829287 300121859
651697243 723928753
848542142 6926260
35306436 902552546
66874987 514006726
536325190 14678353
152011281 118291916
61266061 854831121
7115408 48051707
215960914 460614683
468162829 675689132
503810506 82249417
247768693 548584414
941319220 791505245
697330679 386359474
82075215 834617208
576883075 233009645
785892833 99760547
85847122 501189753
626236209 959733706
195870045 466596836
148998029 122483644
507830244 654343392
64526789 480142252
767464 528009153
816139951 6573235
156872883 70880002
704566177 653626700
200514380 964570560
724508922 738355158
122764546 922513981
441634458 886289685
114963946 505540703
539767909 982427314
230664024 945299503
745263299 14012342
792568425 490927195
568901411 437418259
249112185 16647347
719732339 363114524
144879533 711084207
894486442 43672327
24335722 289366504
385823807 32043890
523139292 614528667
435287215 675299036
687965041 957062185
814929659 877999399
262452571 515821978
301391143 790341916
496534545 536021525
42097083 430075111
258607310 656197481
707647559 122696855
334364433 220677256
347815895 539494560
881021723 263892998
33705347 184993880
626311284 796391070
539576546 71692924
33142374 909745582
327222418 33995182
398559361 626372022
717497522 40030957
434297110 198847709
995587431 699997219
633985980 80816491
629690715 183008412
827478478 494720080
13637689 25970566
111268586 597339036
806466866 508076152
744971123 463582469
500774267 22925284
907897616 520276069
547188428 721202092
11266347 577366585
117356003 930472844
18254707 603600418
201794815 287138215
582267483 26532200
862777958 277322503
930269081 923901298
231528160 711109653
974528168 75727439
619709497 162970403
538266438 14556976
269069250 304442084
30715893 976703212
804623569 170613999
351112831 38523
326812477 761119808
275010155 28645755
59321826 648906678
552645513 25082542
930874659 849671318
121246315 7545978
827853155 698777862
62038249 651478377
34304395 842145427
785764508 5339302
900620679 454991020
963137892 803302534
667119817 501127972
347774947 932951292
64812740 146672820
48604159 311517218
333554547 287525239
252567396 990695607
943870416 231616877
765438976 416524444
809677405 421027576
76778117 392512342
205074334 456550754
464158955 607797392
761470620 14347604
883984619 352689814
841561444 65312608
196808324 905241819
173969798 60073081
63911033 72619122
864013975 785540214
556131538 919889050
485665968 7192211
761437016 801126699
877151980 183970800
735971353 61712168
427514349 379106319
937454569 263941946
992975448 727068506
813318367 526544423
452238164 55450011
281487571 650156894
964838671 620295298
808315879 651346288
721148730 627554850
714868475 525337235
321721224 310828916
818727479 753509153
164412466 89941715
8587142 260727831
649851510 474514047
80531733 412609943
910485780 491112218
507561944 19941734
358334159 2584110
323058181 678260079
903865586 551266469
674877847 966940222
181999049 430604623
534745804 983249286
481975075 91672416
594700967 31463579
94381271 704362735
318475631 351394553
361819964 168805752
32807725 780884155
515733935 534937690
25841715 753003813
700452112 61104473
349499281 669247771
299749957 533233950
891291037 796564903
155498678 255657907
2614388 835352182
88960208 196440840
871459955 158213212
314203779 98735985
386669245 868145100
301520836 189918245
147990456 789351265
459186955 413638080
967259536 14868056
191644117 333820098
188190387 608599827
923611939 782578701
415036499 536192407
131418618 811238251
657882344 78323215
4363233 680761862
35010730 324592455
671043430 154727662
629318172 191646002
538735257 684393879
311019645 554448740
525779343 749188184
863031892 458912665
374732001 457503469
703216109 447806508
5154345 376528630
720721366 115700385
21727372 33401460
118990689 629577244
778197804 939348052
446970149 404606439
637186994 654213853
636882301 40780784
302940874 5534272
229842184 414486344
939517093 273698065
51045671 367554213
886749049 605981895
334890626 435819233
563528188 470124606
595161988 806713721
525560301 631608886
165785306 21237006
194804364 506970066
486971896 347443689
480574237 483427097
545936276 972246128
629970281 614344056
504833577 53116849
43748412 59624509
631473781 694658527
763675112 49780510
900702716 47721166
967069377 668381362
193199491 185378938
943794079 84664563
460596117 355523967
80434271 530719170
824075009 240352158
958248546 581151074
933829978 698593342
163405580 620033787
705111414 441153768
169342534 462595352
724807151 967622090
415641853 869649449
108283813 363166774
868964257 363918594
395833403 650903840
886299815 233741146
456700053 783430563
896860935 544620621
653937504 42476923
460362942 42437851
164264842 593653645
217131342 23181926
337593030 7358556
214662201 914966328
138168329 155579026
52562313 637232379
845923856 706110844
330233420 746307392
692292056 361611661
502510352 399244281
904102180 991169242
227047019 210208766
607508730 621441948
340980086 409315723
992750630 57699505
845434956 745906880
486916534 69960221
708214928 63379999
260660092 356249986
485394405 397299474
742954127 922949803
245066355 39698018
954191819 948280838
309633385 389667523
657667660 21030180
522035573 654518596
35191798 124438844
182645070 968978910
664399857 775219110
804933675 922312685
757712678 202013280
952429641 462188209
334544579 416301708
336406888 468949965
654768317 69534448
289961806 780413384
659334216 866323060
617855043 34646159
598666336 689721000
339228564 36751858
962754115 282990140
174665745 91746339
9184756 938455942
335733391 196809786
109424315 710037247
59456614 642901683
840097184 960512454
35144690 770423790
934001651 695140380
764793111 617758382
934800327 156079078
553058230 19575451
711512178 793093934
210074170 523355840
939130127 536420002
941227533 461404173
955331324 478561300
318155811 357041110
509472860 415465720
805838702 412478035
35196566 427927785
707105639 814645534
520614101 986502181
810490508 565417400
827736710 505956876
972023004 203268100
52526043 13958053
588977757 901874890
112964175 973770264
818982294 17997364
450896665 557675829
27144212 826839125
520033720 475602412
199566059 412506014
829978735 369469651
101956907 376516455
997509316 467940516
518681199 70641772
690504195 617593019
532232019 352601934
168827834 58860955
473633271 603312910
422893627 651874667
248868993 308902804
761701150 68329075
483757977 272464430
293781436 285735328
45445355 833224201
78448565 678859524
676716969 830480058
580286827 3938389
491032839 460152505
867653252 832139630
22867132 506904032
630477420 728315594
990923144 100490224
721047761 879427597
395888041 511322892
71349285 394194042
994378596 27715643
797555743 494729085
1659777 872538091
16806970 863540003
128935888 717417577
588952117 956224157
996668830 572968042
54319760 911647937
482029632 497660806
201453847 985734793
64271248 903980727
158065487 582604178
292910699 314482398
489892618 104123037
254258480 231422782
486550233 249685010
529138757 13580798
44633234 912914552
411866257 572210348
779723219 749758718
726049794 179652278
325582455 638667766
943434760 212472815
861760290 296003412
194474009 860301583
91460027 930822964
24126507 284241971
701429229 54891088
302490429 963189593
165426085 479780494
101201358 604559077
546524567 690163569
314927204 906234911
716540856 519684259
511635975 883487666
57941956 13525618
748432067 530561071
246715835 667856463
837849642 858417288
222723677 971104592
284779983 308640405
19788210 132646575
41975243 428203411
4391299 335401545
199783741 404495520
974435298 68960543
525995202 861081920
739929503 576947673
202761473 808330715
637482192 122400575
413823778 634071100
937405778 334702270
718225746 396569620
773939522 374794472
463992129 935820661
968019843 992807412
872441507 287548247
5147195 740819002
277857715 431911447
347628886 372407993
775279019 754429427
385692930 397467537
507354957 768228751
18469424 381820553
580677469 285830259
20998939 65411465
841946404 262323594
40977336 708746530
620752111 14634405
718080587 701049602
142631566 480265718
96669650 27728000
466421718 631430806
603427991 73033494
871217952 2172670
696157346 429713633
135355847 370940562
699695172 748956451
634591918 630058770
797092494 39841985
225983671 515128103
765003735 934821062
908989773 743331549
380890170 668003550
978219739 158566434
500759062 977691612
731555666 64386380
513224844 426787893
260054695 637675408
759695876 278870658
55903571 161324428
256912041 308172802
144342738 296316350
459022056 649264405
960130084 213776650
27535861 22795202
600425039 62219063
9361989 1235506
264696027 367974260
653781526 281673011
702175317 65387723
6576611 72579253
404115660 797507253
290382576 782730321
909656151 140687751
29743555 823572926
971391373 763689725
994941097 345396058
56004618 35924149
890493486 234628263
999473394 897248950
272231334 265739979
481342822 956112357
504469927 145693454
169403664 111403663
871819404 155776352
314794653 287749346
730764019 316716752
18066493 30905715
185178175 225284118
387334692 585338810
358636310 635495435
851528973 831507602
43438052 342172203
439702706 410825914
536492887 178237722
805111381 300163926
409108706 166750492
256707387 836380782
611385658 565091995
272920363 411917166
584157404 359578789
875206387 210058660
410603140 725479275
968017635 21553861
417857975 568483523
423213392 732259689
375908667 253589671
688243987 71617418
441127321 636111797
696718343 261898
623938466 616460717
966355343 874129963
926890727 734497269
851441934 805840916
6829120 993051672
761908332 97248593
950545478 425425474
758069912 532417619
541324760 556096454
890498560 46954476
671781018 941959065
63109914 952612309
26658673 753727188
936609503 580163881
395042569 28003637
470220107 846388455
769053775 74937760
461821919 238900851
703539959 293509271
505934879 430356501
51858423 626338501
212367892 679404409
446329866 422483320
22481097 418106414
7497774 750234401
106278611 363948583
93386279 12359638
37147330 6962237
940420858 527343058
441167794 63822506
796391794 781749232
13907389 233511312
51142303 837454899
954596997 845953904
227746386 926133312
145043886 886453171
496869793 272413154
958477666 986085669
231194985 956872070
43099339 640968821
83291335 638897341
546952860 397588150
513418142 983024828
243692425 414053345
988518677 650341599
730635467 766221649
925852182 771879202
118399645 277594181
233911248 356074662
349588161 315108449
524956214 956800051
156772092 666220077
555470462 201783472
502496150 381815189
928069026 24016811
26504154 364186728
874499810 89944024
385839772 183587033
4704832 520537995
486544558 934418433
726777603 587866941
649587562 172876891
600988213 262262284
37527339 410295366
396762404 914484794
309914068 24198279
10150372 320503725
392235336 946215620
51831243 148069998
104761840 915585034
475410933 156262698
199936824 361669447
581484991 581829556
480694290 294415313
397957964 902078849
811586929 865510366
174004738 342114347
653031631 601191177
176218893 127429102
340618920 600226004
155886555 38424109
887933181 814104352
561258654 562769391
165662162 218594487
125784781 381813340
488922544 878208962
569825187 570293057
769878564 870406227
162590366 908801936
78609470 765721309
839682050 720456160
801458963 41702071
959767380 451969769
659219003 610323612
542850528 704990217
428922963 279011630
738103603 864260546
525473148 841500526
740712865 544915002
401844699 733558598
748952768 636765114
767767575 171064319
223512555 724711216
37345246 516658891
39370432 401799853
37340256 22524221
13268897 179075047
575654610 981606348
955323448 919595703
49448173 370226259
981560301 721992604
19349867 488906900
685960814 65118262
348765330 947300528
426508334 738789325
415044257 983262641
61200612 109593033
591137380 306223105
59433997 688749623
135141798 611256815
96492388 2423881
677754297 248021553
65059181 18195158
790653424 298370653
716563951 136427222
889486885 587574639
236105332 516112359
218180916 661668422
152405195 703590604
947055485 361887271
107335046 5644777
56409446 70490423
812957309 681532359
145628631 111419142
163466569 68429717
511702205 854269184
755445194 115420070
710122888 940941562
899702946 441319917
492240300 510640555
262263223 252044933
413084451 358611758
808453813 961814571
963486441 765776261
901307786 452834497
225251199 999883537
808671976 964813772
787586922 561105692
291539142 475607287
154823601 24917072
84763872 859274894
78605922 408976189
827219762 608745475
455280909 63223509
516122753 41192557
336730951 379047156
148213970 731691268
686008616 389914834
368653809 249291687
287805901 232888720
938164715 449185110
920212952 18028719
871627156 330032312
312241643 631666844
321149698 299180182
805286193 21901597
983010320 667273822
431770581 49090534
733272285 813338785
770950536 113693959
745128522 95058325
443783167 274752378
393256063 503721364
15881587 851501466
344833383 326750619
55566112 105325991
953006895 292155852
936848326 183429188
248003275 720698348
92053035 847939320
115297905 422857189
673115031 319411888
259941403 561724486
482775638 11732539
358269962 597124286
904323130 275353805
733191998 269402277
396003606 32063613
479440383 107119475
468340036 302497991
554557015 458158407
520433696 888520970
25105045 117918049
864435851 947660555
500199371 997998760
51878760 239096176
498220113 580226085
18681378 40149061
148917825 74972038
753862438 70713212
123734521 364782492
639280737 47127909
163704988 767629533
312951755 22241083
425606800 617724387
351006171 60372886
278501889 444205547
325609999 403470074
992006493 599759703
755465062 930542151
506210774 560073261
358463717 518419269
683458020 41860244
418018325 401185057
199093184 349859679
156544899 241763562
988140522 58045049
296789312 317082644
330524580 182647166
851041631 79559414
787515252 426971171
655840377 610576204
407941542 622600904
798536236 229380790
785531079 800274158
125439895 436034871
754661932 415690682
10407392 714917814
421440617 467703926
131497134 451446400
496442842 918798096
286806191 446211012
151653150 934076057
734505492 805302806
917009814 865245639
56025359 575180525
510263786 610731380
764141149 196769061
223585925 794067741
582446519 334765950
95611412 318810980
100558942 305183515
123613707 36667022
395680152 394553859
73226015 202006790
882634541 555488675
590054862 777245145
56193002 847335755
720296147 934541623
125911582 399854764
69632434 334590200
510607904 269768288
149677875 634247445
594159815 525626979
616741342 222573098
4749295 151316626
149100163 365512699
196358908 842047283
175432373 210512876
291656015 733754733
241792330 52131206
710609106 614787531
565970140 531255034
60655729 71497917
968042059 390413206
402373279 747081495
471685945 941536850
408057806 608193680
798273677 499583558
600969463 693294660
868019441 856291120
708613144 721320243
562253652 539761650
465296560 740154560
861887849 556593425
86239812 224707890
361906725 67425080
338970334 67574838
47018564 250027444
64290185 503072092
779525318 243389686
811081942 808889494
417158507 205185299
331047258 351087804
864393018 745756743
702821422 332771338
794984703 885447022
21544813 402660512
414375368 977925769
422875834 303499009
524088167 936095551
704354744 43906196
110289139 202799962
28056719 741551655
45433671 539714886
810464878 768516711
576333186 898151573
62276100 84039785
589376390 476391549
399070213 943387172
366843001 301056600
281014187 687718132
752121671 110731300
586712882 237690393
395430685 205678337
121619035 373125430
187577839 747224501
386454762 830987987
847964916 654956331
280159528 75048155
110303525 395676912
63308385 31046430
243100097 75106741
624274279 755664336
134745804 347997135
194864398 71882760
935190923 778209210
327442606 317326914
556863753 17336465
731591332 731777246
658563221 506772632
150706385 179285663
341014082 998650804
57397530 541220653
177912166 83936749
429457382 43249043
475152668 424066034
492512931 138246850
201347778 326517652
133605953 175106060
884174971 23439946
911698357 255318441
440760238 31893420
223569015 465258805
563761029 184793080
99315973 779757616
819930991 406980240
562660190 562991741
936101279 14772346
105120648 887951588
534930827 907667167
51917835 10709904
615294573 694081933
9657970 253299857
335677893 446501237
58655184 525431387
910262741 243012397
58436921 254194246
513052708 748511598
961222727 764447500
590279676 98228119
17360788 886998862
32677611 42636329
873049921 754626575
314078534 951776073
380772724 900255543
595675298 712317249
407977685 952582673
616770137 737971455
63177488 76438477
67743242 839836309
35885910 231692287
970175514 136410551
754672350 439803167
97199148 782644289
848124253 311103239
990838701 558430382
202668945 22079351
912993867 86865057
60459451 521362069
574101112 60318047
198549535 143996262
647494635 842267732
73637254 85972054
28634655 625065355
638359997 918262710
134596307 300607030
386165780 403311672
210319496 443861291
656785888 646419828
822734087 673341283
876135673 885676134
509227992 829203069
908939837 616690158
613957836 676001594
861782027 167257423
57408116 275392511
483341512 869408433
440785063 31073622
309300574 533546400
10638080 961385070
257479608 331456394
105307997 307301271
40958790 539083332
461537377 295126214
884337024 171497094
560980979 422601238
426621020 510503530
573673918 711433285
779342038 713020401
825567663 335719219
108150641 533324670
863154809 142590055
549344431 494904921
262928404 475566474
764775323 586119469
111934010 742388458
979501120 700459659
864545513 727876088
99972656 674622821
870300900 430464970
19997949 996858771
941474354 569473945
491540676 966101074
1675420 542731588
67607710 742826688
627159604 276127692
536360237 849881185
258838474 596904919
247641365 196978589
938029940 56883244
552949119 145068607
418399503 574129725
105473175 651665400
686314168 893302937
568347663 308691162
46161746 53282677
109520795 272441309
909279491 42249005
452258675 274904414
167863 123854012
638163668 674687387
708731804 96609350
51383935 884164408
343679908 36444046
39977272 615300541
605955079 898080897
397338697 722531350
479253694 525874090
841844221 422030097
529022985 671440571
619500581 550744035
356817129 756388106
956835990 53843107
20254630 453718033
226928040 217330894
608006731 866152941
597258425 13904321
149522214 7306719
316274856 940233540
532561737 322459855
629984347 778847226
90907403 806554565
484507961 72401392
380373639 129901166
489662896 785397527
814193692 467035037
37411761 899509697
411884267 817026502
460244783 491000614
219432284 732137861
270687396 963267043
31963545 422966293
735445899 655346806
713369106 460118490
309649639 785326019
777253880 542936
479342011 253515154
753912258 52844856
464362896 780459791
744753067 529185227
107992306 905015112
352784433 148010623
216723443 316927411
431511191 901617387
349903014 565737637
136379748 342849225
501722533 71970267
15992034 205646454
232847500 104414966
405834144 738830708
620852348 723501047
492638961 5720296
439166105 215797191
197914987 296896029
523500172 600698546
584527208 182329599
218975490 480984806
639993224 119047841
941383211 449274617
99056942 139955128
745370172 575474272
789871358 361625373
301364717 713294329
61962085 14949455
953758971 403396226
990591761 369214958
228532392 521996063
704261493 809775169
897459766 231622616
857682758 956666802
311661935 45156888
522591488 232275789
807933728 824037681
486810978 248103748
384775066 258392275
708444142 346073965
155511088 354583448
588248939 253643202
661574331 594045818
987339874 188584160
4494360 983981658
473269156 561282697
795808425 484935804
826971330 200283683
631531473 403709702
336226452 618392374
15510393 941470340
644921267 211336178
249657485 560501095
314759422 939858855
478395774 316881537
869290009 649571659
847368898 274292619
624094185 21097975
963715408 884012960
999191834 527273834
101898533 740942271
617606297 914449028
227588033 379459404
812571162 796578252
29384362 297987728
68313234 626289644
358595048 728034612
500604607 188775983
676820616 1171657
8407453 988528394
469371162 660357956
801775342 717064336
256132146 168843643
379425210 202875644
52231914 142453162
988693195 294919979
647220062 179678192
502873905 491307295
186891567 509724369
75943612 386169470
15843330 17142197
656921221 714077457
453803518 306194280
175649638 770551109
464213585 772311193
63116924 798792877
141714347 787615323
189259181 751989886
648843969 409463975
946856477 801138706
529680587 686802136
236553911 366020453
209885703 342509613
819070122 38789018
726175796 642902602
716276713 514582392
978911511 200909752
463075754 78456294
24619769 114312288
292919015 952250483
670899496 111007252
142264032 238576593
889969266 734269191
325664151 420833364
534434734 830461007
734631507 207322231
166796338 2509930
707822109 4542296
117402205 661094838
645596742 545778487
287268367 9311480
1133280 43134970
622221099 951975894
237238592 600694188
110255132 53831517
938388098 266186490
745279566 864779900
888661509 786301877
350665392 72920709
894283755 807250
32431161 729287604
835397530 571039597
492426848 406913953
609433150 84917826
86581666 30237644
672386372 759108915
70011390 523704857
29603041 517417797
407385982 762528081
266693257 403782562
581677221 562983838
587403128 928976920
672740609 49392911
39394603 162474905
992186788 765378074
41655272 10978489
872923554 14091284
731172660 283758643
350983315 459337148
832693337 944823141
371254549 29079982
52484324 741439183
442556231 342691055
216666924 798716056
185653070 809026408
301868740 295083785
478064595 469503075
399714056 325581583
975425667 586173711
16050581 919227069
451030159 384209666
451072209 876010440
28053289 982226610
440731232 421318154
197637133 329600507
658214317 237530624
688265718 626200220
328437864 92151628
604777764 307216570
514062081 285071155
344861661 657400155
630114097 545203999
522933992 211752172
998183538 672585502
564914196 564627900
703296642 777031778
121772207 38871165
416424420 41162687
80427024 468066507
519931487 448927793
24283148 724445086
977400701 448200019
217638277 179482070
800775948 21356008
72212695 721340600
336671137 58960981
736225898 410367594
1825552 887763750
902947620 764817529
321303286 428624774
37156593 758664788
522588976 140602311
862167878 80574415
621136481 931164127
297087892 916580257
987613295 368750056
64768980 740015590
70765829 303812767
823766275 804987549
11980307 128434661
823608738 278591531
710071371 371074370
673876021 707599830
630643106 519561821
194105797 419578443
65645013 736640901
229957727 331400729
358693088 25281067
845633939 766193204
211614600 65048934
186999030 14493298
252020178 719703663
458571424 9278481
756005258 142044962
612865455 860633136
41419965 549722755
448244418 356704850
49047102 303856438
8993407 578138846
340672038 247993349
730554381 151186849
317216845 55269981
813009818 56777802
633065171 614621393
929827030 447070445
18635928 646222231
943363447 280615041
479508423 430143750
513214387 849669473
387472456 837361694
375620809 314964431
726576713 884700928
72252791 722983533
231724734 255414130
203257478 661524674
419261405 343631708
14551867 397907387
625139616 601129805
624216035 171719719
156630599 923998455
361938512 232596282
41254101 415009199
1435221 475478283
78354319 39054574
147014732 746605846
856440960 580020947
365731729 747123386
72979446 195896990
63752453 607744956
894146822 160741686
34042252 60606658
616840197 540064676
380309647 61281241
1614094 832889238
185653883 376361201
424620159 210641885
73399615 695240795
183988091 574880495
701901011 970244945
141172328 622209382
888754604 943748718
369911666 244389503
300174152 51946545
696884487 230275228
696360104 851935616
840665177 491687874
963027152 267506719
146982880 34123804
403795274 431991100
143277525 819715190
556452001 907658726
248024760 489959619
163885286 797041553
593276875 792288408
480014894 525546132
149980564 571207086
509103377 322731
892801631 168241764
432581933 661059446
825177273 50396218
338194337 685938424
559871479 109537879
693877139 532459544
907602093 706978820
271670955 559061795
62363447 93887279
111302549 392005192
48300595 19148521
638601346 36628507
952479493 196961769
529012648 586285587
123618898 961788167
536941501 233730828
632177286 152333761
479898240 616749510
241230 329416889
115388209 950667108
3535646 559849524
688271636 347587053
38497707 681653917
707486194 807048911
381701747 872187136
982977687 140131671
783922225 813682064
670899029 597166394
408067690 602902050
431599231 986836239
617847267 185518767
890487535 203164882
479279399 534210518
695920770 350740578
522736389 129963352
617220246 876504580
734023952 703907994
797359251 889447647
290131486 765544230
824063071 3587966
113558729 539476266
472526056 925849169
728894961 56982519
44856990 903805484
790818616 66129027
307301365 24618181
577829253 391913960
951039976 78576955
788494210 40984547
797461617 905221771
935078942 125192535
822470930 230589977
555655436 13529286
335335760 650130477
23594305 155448543
271274802 734525554
954506106 238597867
712654278 838663288
841595060 838199646
154953629 992063027
173462193 400611405
812500298 533906042
559259258 46248944
636817382 566609801
303644376 84008233
38351246 638240640
316637914 451406838
246644197 390888162
30763601 349965821
227026059 806193943
63056982 732471048
309459884 753755370
843101125 575704453
78120051 652417803
469835192 340788486
785267602 360831118
386841109 736045247
993013692 959734634
581009921 3071499
402958379 763473659
452890728 464070375
61627163 592051841
431153271 708021365
15840333 50730911
37409313 258873723
860466053 923469021
474544800 619767010
588393228 499607590
402108138 546253879
701728303 604134730
572024383 580288045
109182910 119401597
577361570 739046681
431513741 62636757
125164891 22591348
167615990 302134994
53797745 445039709
268603478 198215374
357928503 31469588
719468940 588050320
64217020 675214465
12931452 31063231
156035930 624633260
220962450 947266918
791342633 756300354
958203960 393850486
495942536 887505941
58130783 840342849
428382618 612922524
321236220 140065279
284240326 885778287
385896072 426189388
313300790 901479628
302415998 499182504
786961753 21068308
262437601 696243702
62956641 997062224
72490930 915967486
394813895 17675941
4491646 387547115
486085314 201301732
832835536 258587085
126158547 56690173
953011640 411852312
160117820 24288902
244918858 173844004
540319876 131485497
976017184 768668843
196415221 23484275
416862421 926513230
797589278 813185461
307733900 679468560
448510801 85669415
890162024 459838425
941307686 458773776
978061074 869374708
646184438 561119583
847831606 972221073
958099809 640037670
430322182 480141893
529602505 250325529
322055605 461425797
912210644 909326355
245503229 425685294
57560045 833100690
328722075 375011328
6034629 7301686
907880141 304896798
246391243 560433990
853980635 375957904
9091766 292209195
865253003 683563457
820596996 831211762
988447914 624192514
728818801 358021838
958413706 7150853
683373951 957550228
135318655 837118050
881963511 537059646
260154722 103947030
566816097 446713961
291825422 423917054
712859533 887137495
504638437 950362209
945255182 208833773
814997068 767142499
348627899 251635509
852696874 805265299
21687596 543857886
703216749 62087005
933611843 688999479
173815685 639156633
304627360 201950008
877976551 598373628
468451115 90524153
401302924 47115168
152311438 812596536
23017328 41677704
386803897 904722648
224174611 235618583
349323356 576459357
87472635 125514131
320974192 607593329
590167599 599068585
19769774 842097761
51168445 375475687
383437079 427185824
544813878 264291138
687416427 871300931
58992429 653274514
227400626 108671364
587068093 740672529
705352374 120908096
849870080 586275296
254720390 196294009
655799959 612176002
21060341 524563156
670039592 701307487
676559640 20026908
264294619 40158017
679527884 184436413
407027933 411845852
573525294 51068745
781745118 528831807
441292833 21458934
797827474 299273572
177651915 593598240
198847027 428247461
432874264 319855552
341646590 99964483
6574389 508848635
778196658 773595617
985912343 525026708
803053588 986710023
628893171 906927735
598594669 419347361
697631939 787557169
903567370 334510461
314801862 281056115
131636923 394717904
860244736 319040148
750961237 444452786
875030454 10579978
228600113 816581021
226216180 673438712
899726506 88210930
647960328 904947100
106934178 23936628
511311108 512811485
337761534 10730956
2243902 854465475
705988133 785563139
86315476 36419838
915511686 917280523
28755746 669410397
526084367 434419510
553791050 41191512
37953205 386265021
190859700 287873415
57658612 1785145
439698827 982348073
93438277 519461934
942552636 984004510
841920169 56629116
696477435 959766253
735777318 560459500
10153533 133180735
236282692 429619114
542150208 147609442
