5000 1000000000
0 100000000
192344712 25385974
645905341 968333321
663110499 308735790
424793881 4371728
539993189 204489733
764105486 337746758
866754246 66291328
595833868 921838743
515757137 471314847
667190618 467521578
973492197 790946250
340447631 81110229
523249141 789575014
969108250 225288101
372892937 242526024
818775227 35301466
179623482 393393467
859576839 64588776
151195065 250154109
28859879 427000569
60443465 532334144
923219226 179581542
541108929 235697194
625027760 733135809
223323275 847461590
588971149 839874510
519134760 32341583
589210091 936035589
878889641 42368156
948723160 176749586
624106295 187173424
680679348 47037525
914554764 849201269
59966388 591542370
407123576 148300362
107109218 72646784
712863325 36309120
59106842 763320624
176453043 345845857
343216526 947915676
675396485 521554978
316299843 614583852
594583537 10951540
433144851 871671542
819827884 969668088
254255785 908876360
128454012 993993157
882717192 534667040
377536701 20983780
19136260 700523444
15316957 919513300
35626950 938451436
611856352 552470792
78003277 153338850
638798300 299994468
113174248 771430505
120818557 611307460
816071869 137713539
52670338 59140468
369198661 301184745
876660287 528490937
60450252 754519687
20555289 760780359
982397431 971754749
307145741 368704456
898552375 932297760
244534314 796055644
506159959 706024823
556528146 601246227
201903603 172058302
110014844 611898229
834595069 19430501
566609589 623966202
370680378 292182035
430663451 529967251
357594819 174563613
43095967 507772959
710196101 730803472
898043725 269864950
341442 295010860
831329213 594181218
175375246 290678245
752938397 694233377
673502290 520089956
808900403 18724324
189624652 31271939
529954516 184748755
722802189 897069525
261644140 603534599
20664057 350245917
581361914 682021646
895280076 905007570
775923985 12013930
304495632 244222498
674280281 840300307
715283367 125680363
467339787 9893872
158554439 463816003
661804664 993727330
229400825 62191600
20595075 325332154
336837785 258467314
80356387 606174142
677456985 146421494
139102178 57161512
48481596 121049056
968292193 15878950
868735904 221246793
68886225 830019035
407529390 311867901
20705914 33125341
360937 474116988
416932153 317758645
472701348 455687803
703070459 463490914
476198795 329569120
601215811 357158613
402425369 212888266
701072297 779202166
61399070 120189447
595407448 102690463
347155268 24397211
444253327 790161692
774909056 683898816
526288161 992611761
46459551 340267233
924325109 241135252
634341061 813983774
271100806 977706222
205540069 880670155
71785827 556815710
31868488 77509105
128577202 560921718
682091532 569538763
573939622 144042812
626806177 560316234
416256269 247204778
420336462 721983377
546480836 431637807
574088363 21726585
68129854 141211948
638048548 272802575
982935302 99143544
564037757 81990929
157760307 617845468
55423816 742641525
352338933 42687896
198720368 450767330
12217359 846353884
934587570 466469941
565035611 825014863
810194207 672086782
71814208 534838924
87305627 633515008
127839296 125253535
763155041 795445940
77491309 601479309
283265916 589743302
183540974 926236362
420767055 973026966
741745278 624398016
183851279 656076728
887230701 374464591
668501316 57113972
830016414 586496839
381974092 652329289
3648518 114746351
363839191 197542243
274068532 472708994
851746923 568234279
725531460 519002285
228557794 733787055
769274346 941157394
546193896 160631366
197583086 283452616
298859390 276318444
3486633 773021913
215433849 698530517
187173005 321066435
596038147 967562985
917836187 764890359
930420504 265233477
608306410 137654365
724191499 489287353
566795559 104851150
459264511 872106825
118712847 650248344
541149038 249883820
452882679 264647677
380416678 539576271
12131652 563587508
829565255 686721107
755237108 302356839
311637446 410768651
594732307 262141492
746786797 863691903
942150 754510637
728278360 53862763
782170437 333752279
643527162 215654209
735822680 12188846
413444246 280534691
918262497 93341600
587246406 293724650
195734482 360919181
350049272 596119970
224918578 401454542
33506026 67268875
977525917 61802667
97073463 944120474
694231233 40352227
275639618 890125429
267778018 465122856
608106316 229977339
243735894 680006303
484620260 729345850
103766281 238725477
607406704 213356406
903368699 33129989
863960489 204767145
528393405 334406147
482352157 810597374
896690168 42398036
468190379 38977365
261314790 363871972
806949642 765577154
680818134 35281167
21761602 654797581
591027372 343445032
865477426 468613939
396131167 616495349
73390346 698596068
677548154 291708208
397221326 479715843
537459611 43930632
257576152 932934186
370892279 900303006
267698517 52550435
477661908 268649608
301788870 612396911
882034702 984058962
992201089 26435266
212524691 89656312
66270510 302333062
85392102 299307885
185630540 981434453
31593374 120087319
846418858 402398847
706108393 215107665
749783278 351869577
820883459 236816871
338978577 743941547
253729217 89400478
807123424 949764945
102485768 251811753
91711869 187383195
283262037 87458101
814228188 193751518
558208310 583125726
100847686 514342177
623588559 779396663
11622360 369799328
331992663 778377543
482141702 656537164
48917912 589880070
21194769 712736073
69650291 186138596
68259989 587843182
170711641 764245571
517258239 224364745
368762579 774148856
6097165 921904665
740395003 670887373
971416921 492498770
302289921 284544514
501610953 361773340
320351399 619833031
954884378 992952404
237148101 420815812
417074781 666132106
176011206 386319762
30801785 834571905
357817385 3034687
794981798 877674675
652337665 955629005
499138033 504168394
263562357 7296178
454969787 142107943
770817345 899310171
551491386 389733727
713528627 647302563
886499830 526236857
48396974 267236700
311055181 378282930
2638891 634931918
477235952 173257593
946990260 185284658
355964772 526586483
1394791 335465782
553043585 416039096
618574584 304970621
243103222 658652308
384649775 659776284
680209347 5928711
502378086 548286238
252870334 36752964
376378124 440386049
410406671 78648375
922361638 705212983
986500788 885165816
494476744 323917477
25366525 530583897
610664096 30876456
815996945 134778206
665196 220927243
839457640 689779391
600018815 64253842
850188879 94442343
792771136 50609777
165549927 60739063
599911850 4135509
236921381 900613189
559597517 43344732
912496467 774360023
741285452 232996246
55667086 41055849
968273629 1593226
813676999 406475883
100278220 503985842
767164354 542098306
819187832 307379709
540639898 501465863
590412244 948542028
737026362 902371460
11883751 814610166
79129317 95831098
117591374 968675908
128321456 58836382
921316789 372615669
473919747 610578391
767353953 907868091
498596379 205164098
142623144 718601660
205006987 79763694
885932663 574907155
102358198 20770591
236019916 705962060
153635415 264166864
46543929 988724203
4683512 341483562
29090407 197154534
52132478 879736846
793960336 754321703
88602014 199606416
582876932 734105099
933808733 268848249
725734309 28997348
463509148 52560067
494297195 841247099
98985098 366295842
679647457 824563848
325295406 306229879
862138790 991024185
712311007 927936346
35897581 899863728
69726156 502578841
589508350 54150787
31504499 201748403
609449650 136796479
815985199 326867292
276149754 970508254
373346723 967667196
878677593 506247508
782996816 647454768
741856614 346462984
858450949 471258952
951522635 223217490
255354728 891990983
476634440 199897603
566260851 758424550
15295025 860234970
106931185 792217617
606564075 409848847
648495877 756688745
228828403 502223564
324551587 55028287
196152536 387633070
631698709 167354528
951416508 860045641
678956151 812335813
140880599 821877410
161840443 136661406
487352820 425566130
322347430 439746896
616742385 54415850
749286225 705685427
52187202 511192233
606704554 80007379
677858416 120123847
71178863 407591792
853851284 552486414
386396218 314193278
1146333 975723964
863691505 160084134
132296462 926513411
984076881 685287107
631220992 96841864
519411308 715173478
757106972 401871335
419394087 369237843
135359970 665619502
684723131 109012737
455912293 31042654
522564918 993668382
864235981 430418413
783287543 775505929
1738195 600064838
89243189 866320726
959824713 966814279
761071993 553724493
294164880 78528706
920190239 14923370
394682400 832693501
683472345 875127263
546678019 733089330
976371500 489705999
569591642 534182159
332762097 992235025
367695830 134882359
418660053 255422770
689686848 49189567
953025241 797239666
800469234 420584115
131412947 641547270
582866780 203664783
552408812 419224021
625399937 373438662
246178592 939394044
297276535 858849342
16666560 895418442
252358634 389448913
812592883 73309636
772400281 844886222
190349873 547227938
244359639 1018485
322217671 492925263
214990091 74330752
64126039 20066796
914879025 326524053
674436948 254282192
139097175 139599828
3223433 438127486
851267105 110477648
331455124 133604790
668389957 689162893
271335524 518120933
807427087 25680901
357967806 3032754
133439455 98274218
217742525 797787252
79645606 123256154
797385549 575816118
37812077 435524461
358371247 380795834
399041998 93444397
269184761 855953139
360354937 617380183
194568083 755157897
160111792 273152670
934902203 956832217
226583499 300502057
957736962 22130418
460659637 538337808
579293132 624906522
726831980 553066979
911886804 9563207
404084613 901160740
797682342 984364710
218964646 230762440
319560483 500475159
991567371 33824953
150831361 913452975
368013826 942748247
39349575 978183733
424781422 234439922
204674774 936596645
374887240 206687570
754241243 223295408
145400089 581986608
832736606 674300218
868555137 709741498
85456822 206253275
137643955 828635666
887288594 588244063
282437879 242178000
42122482 315946054
672918823 997065595
17762731 504401988
893912882 958464788
545009384 178120642
833621404 977944716
47106083 284592731
905636604 384685641
23753520 326704224
257973884 126987172
11320497 497343316
485248093 679436654
382981284 727315057
884661873 83889766
19657426 941367073
289076383 715180997
157242205 374416774
107832674 74387891
883961146 243307763
59393097 44145102
550712499 110287984
38220921 802803114
757900261 823373626
636199 274476876
739611456 74496321
657851935 828004782
471278090 976790440
40306240 36436799
690876125 375220552
491331069 455826528
906420260 913439533
836480990 284519399
759282850 686503191
498030844 262609823
447812588 207692283
522584457 42418885
211318505 919408768
448118085 692620430
22165080 617248642
673512458 926834845
43461963 819276434
667683393 581559181
179373477 311320180
534143339 39397228
432379041 636911008
562055321 48945725
353612106 984632514
911787252 269279351
332011267 725770042
360766006 800469377
944492032 12095899
552278831 259257915
292250571 65835057
714902081 20372855
61830080 414799732
32229860 708031099
982482834 155634838
146906403 42348417
565483460 457494522
282671132 41344057
641487920 314858426
16736388 430925378
72897154 24651808
38952481 377950643
43598015 502702126
897760079 389850008
924901816 586556951
806671740 684742765
22142871 915449795
26983852 843309222
856937563 427918159
16738549 668708135
698157139 509983626
565719299 106859467
448986790 687635577
286303381 374641633
741407691 895971284
459679743 927457963
944019472 661217671
426239398 855975902
525228055 564638771
626331271 416940580
550475092 619357610
406973105 551005085
18967695 928703350
257079750 386954841
481966185 331575123
956228477 248977632
90244560 550622128
709785635 503564970
259694730 810887218
8468245 539865255
692263344 109012528
810918216 32479673
531126832 690163000
523797954 338037557
797522761 922097545
748103199 657366374
519630610 114278039
85185804 774547465
511293684 250154891
593633487 708525778
843249195 337498048
495584189 499514854
595293769 556446023
975496386 128951902
964469683 99571555
228321245 648153803
991165473 514632462
527208097 71748524
935188771 591822706
392603830 143287289
418023575 48675952
854168661 349865372
993768756 759567645
36261583 661145075
264609538 635254849
761910535 107321936
88941535 120658134
37868532 860300409
965416956 269529231
148580640 637751080
845770334 510283342
556774188 273758859
524464478 915368620
676098633 686618821
572902185 309513333
630225088 53891178
554802752 954924329
72442218 343739144
523857401 485363069
992137786 53558682
507451132 81144280
24030894 640624915
125441991 966688470
449158754 234624217
489810219 42542023
772913022 158533
870295245 241570098
846691650 601626665
862947237 650547532
714313345 981590339
545236610 323504258
223764514 94099146
765401732 114341875
993983904 951533034
345038753 979815414
380810 405079871
931598113 343175312
31518214 607669084
174680098 402945535
985001287 209950535
68036629 470041907
560480795 723454202
394277694 176415823
487792735 132234212
893029688 670255917
635692423 598082918
342597999 577144791
844630299 193528151
70441892 684929807
746708277 875064960
81924205 173061320
792895236 484760352
691877298 492296362
194041676 991961450
69181744 788738705
363956964 763278338
62968570 978440975
981416759 925350531
384481780 660720614
480458435 50494972
37982294 313853071
970701213 788112750
65988654 476995254
406216171 523878992
174915551 66642106
995417193 426814732
969787035 827059251
564731108 672084351
553777389 136310373
163092162 92736381
957200178 725330125
62830455 260911946
300525595 162329500
821450002 39287330
197108012 429984822
214407855 4435121
405479231 531360178
639339778 119292316
58330882 40146781
579897555 793575927
99378549 196123449
794283387 456116685
485722221 871880311
47727467 809812635
745768724 493714945
200855207 41050068
671261287 424479986
726539075 827202912
69772726 448021274
476905965 256784405
798887720 904014207
689956450 957709892
344983604 662202071
172204535 917346863
568077865 599352336
352777233 174352523
475146918 768295112
808108718 201741571
938712099 921999317
289516250 203753141
959729255 98538430
32563515 62362290
507134735 634901312
758047366 828553858
270371341 503913930
881095686 11281566
472345127 818145281
223114268 558345461
890493300 582559805
636746426 676245351
11959265 171735818
322521576 522083917
322842035 646092712
91065919 513023727
879593467 55069323
95711088 844150283
350453028 169343965
994144446 66503765
223637354 494612471
949690751 241832690
191419232 608903147
282828192 420556796
184211561 518441981
887971358 991222530
391504191 705632804
416045453 647938437
343395439 237533838
550007957 8405370
273714395 376921114
381764208 628668367
469865015 811790556
661296493 963102943
757039501 313836188
663314288 647643389
116374969 752326487
557048432 654634735
732545005 505030077
689123576 991791728
364363822 887790002
472230 756883628
955592149 907733197
577552559 473813191
200308751 740161243
559062617 268130391
422094430 44941404
734310784 324333541
407912726 269684997
570791698 403306353
260737505 676770878
376065938 568128235
18004538 546160033
446230424 970118842
109137398 471255937
348823631 695280696
905922487 124802400
487256054 40242227
932384119 528154743
578122337 332111215
609959683 12338226
410628469 694086944
325523580 50140336
739798447 986175345
855169752 43325768
19181213 618052095
700679264 865983744
931308387 274643549
3004720 624727828
946459448 628331154
294566842 249556341
195173862 111914390
91280707 186008391
885492814 341775321
282005092 517016930
411463905 938026940
62754185 144963281
702339112 920990230
78365046 402904406
526141757 242335409
362505662 210234852
812111440 376359115
157982538 26132259
443776291 750761877
51352280 126146545
776394638 679979703
577898361 118892507
624565244 359470793
34686225 343795624
48112619 920203739
575274716 213646286
608108145 322285551
512210916 544498426
421264562 120508282
311869323 724347533
758142571 552777191
165160967 311145241
997116010 57809939
471845088 765150440
786186003 295652050
385107828 872838262
265258716 565110633
785149811 895112946
422726866 945164306
944921444 407242433
364769042 202262651
698477855 568063995
88055120 273757767
596153937 80616684
165103956 148581771
46625019 951245460
489973624 619384146
961456115 423677224
232423211 578874394
797126497 227662990
73206642 966693972
762989891 929079525
279260001 260624616
205287913 709531387
59725989 839256495
788684922 722445524
909584895 446574584
74983277 919662122
455643071 970717956
268200209 307329256
68378188 176911497
987657222 557195693
386404004 754636082
765438914 88563791
860435668 171585821
825540877 95247446
177652864 63056475
407026309 43616124
73846622 280375157
811748634 378061876
247615418 622670818
995886227 24806945
998570227 153682066
812432391 70978202
630872060 980811366
92399205 94178092
507626461 987630772
8070893 626457624
575446576 734092744
275429812 457068752
391963556 826221406
785656868 512626814
287804541 494537513
149775738 354466430
515128594 601262927
819887942 179567327
530237005 339443434
385904111 807841510
558265903 508531337
186612012 582629771
70498377 482246829
96044172 995239930
691111492 678698573
960407535 632563219
648063066 870233938
726669322 69990634
95733211 774814492
369254119 13862216
129058217 781629691
286942307 684085289
858652348 663366838
55592622 929797947
693319839 570432264
462291662 733209445
52165617 11632158
305163549 183412542
915747557 190218778
843282886 806413201
69016003 32313747
717739340 586062816
732266340 938717714
669994243 931175134
703616441 933867671
878544789 891193075
37210180 760356370
577310078 96814780
896786079 443620331
29218704 760296841
59480305 286062714
44493169 146909149
480617595 921541519
591357464 360202225
475957777 282968812
213859412 7868978
849701016 367627974
985091396 34328509
419050893 178249288
266903263 655064299
263212415 609254415
931632238 604971456
590140560 877468335
242906893 415044217
958785272 455811372
345460271 486781448
635705730 67127170
636028951 5666446
159631884 665125662
5351518 989245414
892354571 401884003
919405172 690538523
409541893 319389222
783085080 914070509
910073110 511872050
215749599 319245649
580134764 717313477
757052339 373563885
123612874 42730767
116225872 776890272
837018121 676873403
514575048 388180215
670903442 31501918
56310527 434188729
89491173 427298059
970416177 336257885
548017941 725205951
839762536 113400206
956899658 132876276
742970887 772660910
722716734 104680466
678064706 538194000
775691712 563983864
46551970 878613436
436732724 629119864
492971141 857258607
860740113 546852567
288806300 206567065
24511585 538753874
661440108 389201821
733754693 856019348
446741966 424904340
510398830 894321729
538948207 367352522
941989797 590419055
959079249 620551744
58572611 879652391
204587080 315755048
508078779 65702631
102408829 117326700
717911053 620240932
58316014 867974952
822352208 42682305
30928108 220804907
166662960 780501145
418247324 142995066
945188716 988752123
5082998 594642381
236351831 13731112
44320970 858857488
425558616 863652823
988951606 5147874
435024491 1816752
30655537 266436378
46022301 454535893
616369795 918732094
692347797 388971861
181608138 483977738
51109893 751957944
640601847 173033199
956828477 190183542
756608975 578355856
113545114 399715199
458080619 721718599
793295118 946112180
993704888 457588126
5403554 661001836
926951159 863159511
53695984 246831601
854590525 467792741
973975976 720728064
743294453 206327152
622261260 918917964
621729882 990801749
265639540 504063740
333183485 342114852
643948235 959222568
495838277 967704608
312946703 273822048
376521706 145557826
564308693 648415526
193134968 717490102
815979971 227875951
330619347 741958749
579388949 853029
690374317 460524361
486957081 96345256
174864145 809173060
232851378 509280840
600610780 989643594
942647513 886562253
8301631 470123786
161169431 447414512
65877566 46410601
933112588 185389791
720564020 889890303
616909035 909610172
354308173 508269207
233827068 346506782
367962890 652030387
66276120 39506319
236360128 322284295
316870193 571631885
213454873 724509177
860078280 143633034
950809490 692361767
727116661 802677867
28861436 835955681
978624866 846246412
433490939 307955883
826841808 245524538
913478025 146624444
407885201 834130360
430644852 310129282
467174796 188529595
596588764 66971931
31708476 675271278
727788471 667514589
658765361 378621295
550780748 633880272
81658253 268659792
894321083 847636526
21945991 766165783
220716916 107942634
808367341 589125310
954878907 487840806
457693595 28510644
915454250 13232314
4720900 63395929
986325551 66452405
40046002 536176006
37085578 71010005
824793278 609998595
715496144 500060941
97030744 433816079
341668587 682009351
307326017 794191836
189962391 593486239
545827411 753959440
946674919 712496740
46689527 793829189
449289150 931998235
825950638 719228810
149763158 681687867
790463369 923099360
974868925 257442418
939445169 561048509
394445651 137807647
889139680 156200845
360981837 434398166
974265574 43056940
351541557 476699360
188506917 19430765
207146599 678656696
701758229 206170518
959011477 244142735
700611521 967539682
420438596 375895752
247622983 818254333
723980622 101946749
832629084 907242379
960422750 826546936
763071430 45378721
689257591 277816891
352662241 163179596
362631533 548081017
801050651 122780934
809099369 162673306
61095543 1658179
704723306 241166267
208364814 173408746
620435135 55583659
18975112 80551123
761349518 239273584
796767912 436726094
987733584 760917440
587974335 193968284
970214738 106518920
571802163 87125620
479095606 38377063
953904641 943381888
881878384 381940789
846243384 52603356
332216010 421541493
502939258 113883039
904654816 29695207
468644478 95753034
830672804 962569721
861316753 861303386
828189659 331373904
789395473 222604732
901147038 387362884
50241008 572213331
494650842 188158560
963303735 615938932
931999185 282522086
673297793 125014889
469591959 13433930
767973755 527670258
223267477 324186802
923641707 265903296
565725193 256102012
201223590 23911415
878789508 22902200
623961880 132574390
514046827 998129577
152079296 287127431
961200503 468191561
823800113 72768238
634733365 478026178
924613395 729679328
531800711 705042166
175643551 167976520
360980000 57100792
761259047 1437060
173967884 552252304
974693771 904371430
57445925 595292347
809099461 250446388
590704800 199716648
166414174 622705704
248765054 975008188
422054903 204513008
54375451 879650063
754811585 484470959
880901027 919503853
53430276 136967674
446539672 169036759
662631069 847924828
180719437 590528895
484294777 390242515
412885870 176653647
918313755 865409105
64826485 185350114
10931226 973484092
329225526 698232458
958773668 228348142
999173973 608008136
452219637 85933110
825135051 961163223
373904609 911854037
186606949 919086370
336857167 156759041
233790276 295488713
651513018 329790437
90243422 80709408
132098226 999992864
631768315 952742959
479734362 595701570
883603769 848697395
62232552 485652562
994078600 186814492
713093161 604101450
47699502 780015118
705968890 579381145
12444358 588944864
748497359 996271776
189740729 420123039
446302256 497641526
61592011 21206540
270269495 536682276
787937937 752746266
436573971 599641513
59249394 877694065
994817416 5079543
272627375 649676270
976597101 911303349
800521686 18100256
899374381 720259963
287396684 763416780
36200006 722319705
260766540 176161642
261669837 915998544
917595617 976625062
368868328 331217623
340035438 967304161
183669587 707338328
287719720 73532332
519030235 642545584
313170327 633150036
41410278 614002866
601310489 336966993
862054889 616773541
648281694 7872724
303444720 84038082
221916909 367291460
53824793 88967606
456550301 672867510
54647577 312454182
786802973 384523638
702156216 439718950
310934637 996749958
519693389 617383873
361782114 46978841
37629771 971367540
769747238 363768344
29083827 184720307
554760885 122362526
584715932 652803938
900132706 213834876
395404211 886922845
744282448 11444916
464322485 938012913
23066106 344679938
436768759 437622113
898397867 197731664
433367007 68522593
531765510 656916029
869335400 579298719
97783679 435011487
261131681 891948086
46854111 751126525
683169071 237790008
428617158 754575892
473868487 459309613
308252449 599253331
34723763 488579470
136984759 357471839
878539351 696158025
67922592 141620112
549258914 932856641
742687949 359663986
160134301 852376523
23214971 31963461
286801121 368609842
194143168 167799678
847731487 247080756
299383301 866205764
118236826 682911619
55503496 297883635
321847976 13387845
309255131 295540124
470277942 6818708
440496993 899018115
75598145 548414719
866972116 476756384
848939869 902723078
347032002 276848158
16978993 36657826
490242570 521911775
510634234 297862587
812293732 933494518
918671876 489991600
366532566 316809004
207134516 893094099
583607615 574740604
457942657 902502890
728994769 118543766
709054070 22564015
10986894 297645664
666541746 68969041
454081491 152724592
255746151 62284784
275545034 966375315
380407518 477339942
953469686 210856522
595007474 142682233
503104939 662199880
132148369 389732329
403161490 321368309
138240318 778233704
919295529 723230702
674553489 956104541
856634689 347159938
73668532 579851552
667800447 46934837
430394602 442767233
326263004 656334914
373983233 516139841
555389221 761031186
458748130 272283543
970404988 646202566
130980873 215483052
501817301 42132401
830694660 325819936
100984185 487784927
710528759 784884611
210722182 418292361
227095833 687980764
518061677 723397022
349883188 112088358
914556275 808545861
904425001 170319054
443707185 790157653
123683945 53093429
677134356 677874138
775859837 203753013
635411678 764692883
320243583 291923093
433042210 3461494
524957087 141047955
762311116 960716331
38701727 822943075
364188055 945460365
55585366 75097769
76082581 452507180
7798066 810827009
570600362 2218957
941431983 436472440
229684497 967261161
35411937 703936273
667909846 123497258
318878191 517125441
579773018 39924978
753822869 684449395
458278355 308080084
483760289 214933380
5114568 274256408
69282934 265385288
601720986 905996858
267888269 704952580
430326007 350273388
980560368 35699953
65842277 363421712
4974780 815610048
718061756 63990334
102843560 183797264
18121643 114958917
759211385 920890618
897786674 629867298
485891466 94879878
202071591 959833866
365201483 390204210
58028721 720579046
843101374 95685490
682072273 511629265
877729274 407060523
869955285 695558556
443466668 52034358
367046114 311861579
21594257 345063396
258433139 419704469
856575231 744725365
902546644 58786664
10253146 586618272
73285030 934473827
181316766 983243534
899695198 425746778
364396251 46475741
612734918 833810901
159229876 760660002
901011579 511070609
66814686 768885856
147082606 156727550
403373224 145720850
830379619 656780735
380976750 746633254
958374517 58166572
142865188 954300287
664107151 972104405
817087954 296638323
348082164 964131061
41689617 977649227
28276921 930824451
139441811 952635846
971576390 758642214
353595801 22524823
17322968 42372026
627578235 693685730
772031234 86385105
182929187 582086594
275156007 670402989
83568786 57683909
93771010 171285062
639695193 990796399
403772702 113923274
19334945 296229556
205977694 192469272
510619172 390576766
970508151 942123589
959130034 488398124
752558193 102843160
77657261 475547153
252968745 928021133
962984461 695248113
423269841 226637909
715347293 794505863
205092207 161937747
592765756 852499714
845874778 856564769
193356253 495600772
685691073 648850826
362242440 293980065
814978339 777456909
863470870 71327718
129774808 537198944
334172792 570101328
184216198 84944107
667308849 955783120
514249389 158552649
791659736 750473677
537314332 856414410
249567639 827047586
513112185 551059699
761432238 242285084
490603710 305914109
408153841 720762366
463380918 909640018
832749381 535135869
658982020 45306131
617628455 332414659
888735516 330590869
607071014 503651696
32039112 312747999
774106980 836143380
23127203 630130478
442826777 299441335
940117026 643981169
792512016 186860626
555481991 573301965
53094694 948709715
61824620 543063322
204055251 233828125
300990015 839705700
954911386 728317829
906028223 153887083
974748312 949430102
724649091 399788579
362245627 131744462
524628340 930977845
660204422 26524190
464709966 407129468
782759442 392826350
920808483 942008457
593087752 65464790
225223896 574630175
320519400 935527143
56517030 907437240
111656901 286879777
225778843 919218942
789540295 45062907
39883798 576862803
452083112 87402974
872592206 285557834
868422967 907736744
279923404 473694763
50833880 47287085
208410860 238197107
66774785 470707634
305177184 418795602
584507583 822558065
25989292 364220971
100974640 850730777
434871468 201540631
124635142 521271627
801862410 17918307
934236938 341410077
302395592 250943501
251354775 743118491
957274556 65486155
710122266 526807361
600300303 159363588
281922713 808295554
13046717 335159124
13630249 509985860
529902872 427012876
89387894 575951201
703349572 288138288
321066815 805459496
620191164 985991032
773586391 41503450
982759372 763458512
376169637 788929069
177363222 797308632
37332388 7863757
66387469 354048356
82295269 442280662
103698557 669529085
4961801 608751195
174387201 372953950
100032199 24481761
347130507 708766968
40941420 906502118
760956127 155460463
370515029 373964884
572568344 989616922
978445174 636511502
258875682 951737991
786713815 22433387
832858942 78861044
790446866 878391220
45735041 155122903
790653911 496950185
92461398 1430616
555878504 432226554
451150840 563374545
44607005 917354190
119666937 469146197
835591905 784570688
18089405 312284198
175925682 741193181
789080831 625519421
196098853 336988199
804988235 63026117
79230432 434718229
752649602 790489250
175565599 446020753
835623258 83119075
882731824 70300152
258302939 984129363
586163702 725406878
65431011 581359342
176675690 702423880
747206306 523999075
185326613 791014831
52240926 567753367
200726935 407654147
156111793 843719714
567707427 931869798
37695622 40704975
998869505 660597101
31098401 795161633
394279435 633861283
134438101 215657161
16626224 931349510
829824587 541122865
358002932 324348295
923429889 638766836
288508142 356624270
445006279 78512226
633954632 969870708
535109188 194124545
371557955 558228487
244448111 983609864
476383665 451881482
984258327 291269346
385250169 945348786
373230428 640315825
37681173 680585258
177321779 93470152
534969112 459713552
425031398 427664943
670403489 749543414
99626130 410502691
709458153 393776098
112826535 22210450
967237819 828352718
44152938 74381732
78170614 767167784
14214775 921436463
989611277 685959507
135115065 905552190
983522440 997528613
799667057 336338322
86234496 361817959
588918453 867920160
22083110 571796568
346168300 788544142
711743549 837048362
574127574 108392635
158086556 790812803
113506690 412763957
507825325 410464253
324943575 554457793
320847601 71967399
815005964 70431702
490404729 738538114
665009967 142630179
707047278 62513667
867884194 430666756
352159370 63748248
456952217 5932816
599309213 573472029
285080478 157756047
207321353 33515618
495089166 481116924
37456198 987747761
272835225 139697544
188929887 297161537
954874309 369787543
489373554 194297026
680688491 233002048
46247732 251037141
990541625 93336273
153458284 848793745
672212270 933753160
889694067 414583296
479841825 585128411
72326585 307402399
470205499 827572849
492965956 175066849
695135096 666759463
139902503 961547180
953750059 482005197
406909711 532415195
679450999 940209510
510289339 171652027
34532822 969830571
187736703 475472782
65261461 164198024
457407424 601745931
844000086 245420445
216124027 874221020
818987661 219981759
488636095 153235742
593388547 258281077
220299310 855838181
396194902 340225915
794713727 152289973
908396151 107887938
21235710 623472394
2423338 1092973
847088652 651960273
984180364 9680214
908613528 53232107
600800901 298531977
68979116 29761714
403770712 523702596
606880227 70803053
25292059 61789435
653884138 27376346
883132727 742152921
725150471 838242221
430827240 787083832
720483471 684327691
499613120 370114345
280847982 614270990
743071780 898403568
352668835 672684356
805450701 765717636
591892673 15105840
476904008 976640275
122825328 452123847
56614773 168488059
579215337 464227316
407671821 503866322
689346174 88246805
31250452 813183967
659043087 568931451
21027180 608529823
246532758 924030190
627029571 10692800
192668316 12090919
331240351 441481771
564199874 881850453
532210649 114156659
305090617 223640984
257751326 68163173
142870602 503416457
749313519 263970692
261142223 756475568
517094818 771218049
253283256 399767820
192535775 616129990
284162695 31445646
73029667 16389615
238906068 848298143
579710530 161002571
79313098 8386453
733791454 49903966
334579112 316822850
661505264 541938530
578738241 783370086
44312390 53304513
189894012 429147704
113182980 283715230
317429972 186187489
514961434 330868554
614356185 193972736
206120916 832535759
399451054 525051943
661411663 833118056
26891657 970985052
183641084 784408581
874027831 962855578
233118240 385428684
127201941 699402317
79750483 851600787
332802839 262003930
179476740 875479144
861660229 11418131
316328179 238304777
875960377 676439240
25915830 334147180
357084194 387396914
226996533 533349688
193417412 33257349
692440878 49249866
255406838 195249767
875369905 12322864
825752611 993341811
869792165 941603507
942482121 66985909
357667649 382437190
97913597 985234994
911795860 14890902
71464677 348285022
916257790 675045894
454117181 392325283
285165748 321721383
750160850 285815521
20520255 400214851
465003530 2779880
388014079 560981718
401190746 108654848
333300130 586753807
867601870 606928481
926206381 380055890
22622341 993825211
381771003 84599993
941521458 446933936
584126519 341278351
564424605 295557973
933494884 530681556
253524000 183048884
917289814 371309756
378072618 805763917
667842615 577788719
402620351 343450257
580788228 432622922
182836981 688035429
67755020 860437213
322290297 921426341
295415929 120591595
515487240 591124638
648974527 371124782
172899063 972891539
297503790 408488848
253933740 24937785
999453797 352551091
938949922 361220923
10077659 23514217
509545832 179275446
8128601 673874237
805242403 428211902
492692860 412853736
3375623 299859672
757170484 501639645
122997859 370275198
481072200 46063549
737021330 506844830
45759695 44581860
7079305 57043995
616042679 86260955
811433042 318688842
134624834 151204835
490924163 702368374
188140676 429729648
802808782 396561757
122495975 833259947
861378934 166862769
956253863 713499888
507691217 68413591
838127959 862998606
666115532 71220268
302488410 281342985
613863780 852190203
142847850 591814171
753334829 25051016
493261844 928540335
150185167 348380873
44098618 473982116
647892100 445261991
760428432 56947217
379104155 763496321
923917088 663683259
296229880 6153641
119724486 9499807
98813842 286357989
62805172 612846192
737405172 605250543
189606895 856733710
609442749 127637750
900462288 815392019
479149343 518332443
493341828 731225420
15438434 896245493
822140045 257527607
464124772 439203341
204035903 56430730
44078351 49032546
419735108 309932716
445689834 929591526
963179800 438937402
642787978 78077183
941427085 30110851
733159451 942594824
35417160 970848780
650397405 591875534
668066114 54674701
715119265 641420819
643477576 48327409
246746447 60241678
952581499 49344475
604325731 996705000
827978193 42720540
845297771 780236609
449180563 453553086
35024266 162668969
561032925 824234749
321483770 957326375
78818849 4317383
512980354 590434742
269861540 432832068
126446852 745380547
479591679 333457992
381211889 35703216
434107807 749453794
589324754 770019156
529818949 933495505
122733249 819683193
109317511 945920521
514666990 652287324
167047501 165460018
178935067 836409393
819649877 229701161
945696 753653660
58980015 593168766
473095016 666548281
786027843 662423796
37906546 699389973
832018503 991068420
7990865 26904881
966169289 314841179
30177835 49762312
185004586 236291159
757923775 220486654
357134496 380472718
247203288 44865525
338824627 127296583
823880411 176338110
960960193 477758719
10462014 54556061
486571899 686255333
473072654 678149841
939985509 395058782
848270184 28089860
611828058 830141826
662874368 35187418
656424454 761679005
19586718 829153640
12567146 115601583
490262684 48548025
122167644 497739244
774876778 948117323
119371524 483720253
10754826 239736720
743813472 706524093
142400916 763192430
871917760 488632637
909304242 669210047
624887883 50510016
336627749 990168273
316032632 263713793
729007935 460017895
605810070 422654696
839523175 132377527
643724357 45024280
58326423 616314346
639690235 838420324
145188322 520399775
274111360 842533972
686114792 399515880
463881074 590902949
726017888 393383499
967195329 816181959
567486102 146943298
270611764 290503261
40247529 12393146
978499042 241805505
200067916 869074329
304699322 314924925
866493639 889116466
25421308 35109586
442578676 625669071
460604605 406328885
163751554 751957295
31678310 274784461
964596661 565571844
953721655 342655479
479972068 995837300
61502397 874024386
917718265 229160346
843921248 608455027
959444981 205936131
948821463 103874562
680425321 366856497
854127281 918693531
161309950 123522074
936293838 633164062
381530350 389026474
820052963 889779871
25649288 948532285
10044665 535725543
571465905 110782502
361588464 710560241
807260766 936825388
128242165 404266606
745795355 422944519
627307791 739865666
336455559 292499687
187059352 799909380
16240085 742267885
670758075 29924482
395347533 765309616
249577979 775930683
3096007 755851962
269003180 218778851
241593399 952918280
437811832 696371170
842617117 18720398
593781979 832635605
426444817 193313968
456446888 759578891
448010045 772430282
587469954 30733577
245303777 309611945
264065123 595527432
885592273 26033679
855528473 276305266
555807474 912405299
743909571 10814312
824626625 964785215
42630232 81607999
153986509 70923217
80370209 364491518
429606712 736103546
872231739 383852770
740652602 352800066
872101654 608195034
957706142 784700962
80673784 216460811
75839811 905168008
66221946 440782669
61031067 7057366
898942729 527476140
166516015 273266148
366299239 274525160
47745817 791418746
839221800 555789301
421122442 292791510
166353974 758584188
668263746 25311788
955787341 649746520
468412187 318508065
664304255 229109018
523627134 503858255
73617841 790562182
828313579 42888644
90509340 748808979
220505461 863547779
828163021 189931887
362059588 167011073
821608230 188144376
189804562 548297897
672858459 108379460
164243886 924331097
387477237 412710299
210144636 480448483
66443858 231513464
12786418 604291469
732617763 438103819
79084061 510792849
996277229 414763449
818800667 518283678
297183369 322078363
284081054 89473877
133595300 280829179
666461039 302097100
56814400 762156762
526201065 10982414
241893425 964449645
115222649 734495385
972341408 545301915
391176741 937635295
110403467 414688384
18594306 113243591
366205507 440300526
20435132 849573673
594190573 508804839
47550993 295008340
109448962 647532067
782288727 10560908
990081999 206662800
66692082 923966852
850553589 396516301
574286303 565726697
781534442 517150895
469141548 102899671
538918774 764260284
936592765 769848417
309726775 874275250
36415111 432959757
464696094 51547648
207184026 27284053
371042032 881797453
904316432 21088808
561238470 527674861
635128542 268163176
740414349 984491119
234226444 667335530
76061830 175351314
461876532 914348664
842618311 991685449
884163334 19722832
389519800 140468287
34770883 960562088
423263383 748292430
637326022 466598817
317187316 403257222
35623414 14316632
219886646 806096172
315703381 881373018
2047765 375673401
373131381 40555048
485660190 947132631
156166909 851289276
512007730 646066663
853871913 295586301
586643718 854946174
481530695 643354697
215891364 429278051
411009338 882818036
746553577 785420178
224357115 727981506
823340550 384986812
217838867 539012975
570568447 90844869
818914594 302727208
539583791 67741509
63780954 895414544
789934530 38002184
430114310 110608828
105336377 745405326
804445181 632581303
711963881 184520587
66988334 963941374
246634876 701637992
401235488 446381445
38610798 123775168
663618407 120332209
198446227 201890276
297606702 497925596
242466188 155783767
193105590 543741140
523309653 17045843
16448209 10950492
606756025 884754498
43269734 838154921
560941787 20706629
978332656 90264294
306335664 668690866
687971583 213647281
173431680 565383822
730649269 97970332
521266280 585746711
136914506 231147949
416005851 669783356
60754313 472010718
739198492 810155043
49220944 104924573
987190469 99865762
446002197 176033613
500239684 209578950
666975837 594933699
899576409 408746319
429805378 591744203
68079513 237528114
76450550 382585761
224883182 165271318
587694393 821157239
27111444 235644119
584064485 37394933
765051678 993852678
977316195 505304501
880078575 252407911
92576052 171256515
280722113 729335154
735588457 495229219
497744290 640163027
214593579 699998539
678617842 530572778
897308724 302049956
158694118 579216203
501217108 776695821
92703496 182779711
771410925 915143769
925625012 895955009
186872951 905344716
71470491 916073858
759345149 104923041
21274181 439202661
7922844 316955783
511545993 707926019
878916108 609891615
89511955 46245288
357563921 861904768
66269413 322928982
361339141 70450355
202790870 697633597
546659417 164865336
5494029 762664777
470144272 289727871
828140167 630923155
885191744 885672559
624392854 715473646
876941205 388677091
203356767 642861404
500642254 653161256
29223515 448903318
332806975 698295168
376643288 834222216
82891341 252287650
546199669 333252563
560473077 209457976
361835689 133546057
407794758 484191
728710717 439020404
482934498 465402154
30328269 189327119
860759936 418490144
323447371 133994892
115833453 863748282
782428540 672560780
107937031 754124518
941363321 902157162
164744768 401794182
849511471 21250480
62082336 727120625
286644704 571995553
548817733 494730865
260472736 38184622
816560473 126247620
343504088 430278657
71934370 278157211
438522566 856668917
979753080 554439966
531440891 524406170
19863747 500430950
577802716 874233654
830089862 731115521
523850530 333370559
905227601 972404850
461700698 13857634
134756045 384231598
918723942 512689920
991207731 164941472
60135161 26122411
894297557 921672614
688973599 344308015
888667539 174776593
200943539 160370563
497619303 733600937
649447 554974043
227277530 953357607
19454400 57154968
983176333 158287545
884195478 766339286
400579249 977772418
850936728 755425758
45996943 5884952
389415239 165951537
941848577 69456900
459208950 27397763
299070455 82101829
920044369 325765950
195254003 65058253
150149843 459806971
280566925 932873730
167523405 504594188
281982192 119113534
74147686 493581301
493737307 220586831
372025110 466680814
255039649 596204024
970869290 726158690
856682409 911232367
403645379 79021427
65476589 520691421
545418199 656518260
299703809 134568673
728430510 56229997
864475650 395654669
581845606 356141980
657785899 592370023
858047855 115340527
43415876 726105834
98017552 66332810
899008304 492264962
21206241 384416327
462416223 542730259
311838799 869438512
16962393 661247219
55875866 262449927
416330043 220659563
17116121 64780477
554393137 921702843
342667894 532906752
11001599 2687507
181105836 61168550
347935359 762699546
287513229 739850563
760485913 670821483
57893628 121538969
51821132 10751763
328816695 932646945
479432493 995658260
48589382 591792775
587714274 575015653
829742478 189834539
732952615 555386351
962059585 719208354
184413897 675734290
528277994 511181106
360097326 406616606
317343718 323599706
754012619 883941210
429388261 46456391
366437804 534216705
162492782 468343649
341993200 497782464
181174104 913975740
299863114 522666041
524076114 910378151
166604418 361092996
893448540 945434657
69451505 226886312
4794443 771131230
995346953 313001766
440087625 61968711
247657419 443432558
749441619 281453815
594644046 933028456
572705209 240377406
257564223 360327661
525997217 378970658
843450715 990852427
75356293 741503833
454271735 375737028
913010352 157882064
888153721 264823568
804437189 929040424
16985051 621315542
454368568 761249332
34824238 213186103
843552723 940588924
398914583 559918916
699361843 683476669
199117897 350040195
543416392 211072870
293434385 730077806
430931160 736403996
872334797 64114930
45262843 291477815
936367474 196192757
632023458 425203011
128901383 68406216
657104394 151234944
703369509 440557498
861618761 767182947
34717564 218916998
893532873 70539282
2312530 665840863
999597510 667752172
433511418 185651691
704295890 163762175
870373730 613794244
843993170 812900240
355186311 828774392
366647807 50773397
129263101 162373130
782117735 45093951
97110124 869767152
8958825 233066602
793537806 70768274
314301885 329632299
116335154 709842514
281742185 280815434
930567612 134174591
872209229 982895044
553338275 953618144
881328792 914195529
774111346 592302127
47707472 417570492
829175240 932889755
147250894 748251831
174118615 989374277
853764671 34711556
316671720 451137987
28138277 111311141
341564374 140155041
584480212 599926732
85356175 454916059
310491125 642431331
224639894 22234467
75915526 767021958
351032195 483487650
363580120 593883268
401070977 709703152
82481680 970253282
73489872 413825306
883986087 870690520
527788609 707954149
874126442 874259666
848496316 57895812
272085883 333242353
12283837 108648484
759845070 45057415
62990546 907429217
671526572 763222686
831053087 555480271
53969714 768780401
155783131 362691698
50678484 18575601
684399824 473146182
304614612 132608834
699009247 993349047
389593036 220659771
110240377 33307178
333674537 359636714
142766631 472239475
835197613 909410574
7385346 751808348
465138923 890161051
781208381 836433701
519675343 787879737
864378007 791193598
343995924 126287045
833766633 568229263
305430732 540910031
946812574 409200
607128539 398119194
484921653 635083442
234793084 285100832
525779393 217351252
333345723 44853899
407712618 865804238
201240313 239737020
770379753 234663562
935438444 528388680
287510543 621380966
620458908 324270966
49945663 28608819
389083623 661931203
566721775 540113721
953821950 829251422
47747371 724964785
346158438 502219180
968364307 60894792
379809527 940194757
694405720 901538980
363578720 947002357
93648067 947112663
612093602 482091836
502988974 480323053
721744272 111135183
387608969 105130084
128605781 590762900
797392470 325040302
948115182 440022186
220758573 255311281
211175340 88753631
309820600 764558151
488501171 790939959
2300087 234340030
247814526 451624556
72941183 116562777
451634009 325125992
334995572 961541837
551458789 36429005
870014866 727492037
59165846 252809838
202746345 740972639
883412025 121482196
684500252 53398700
169343848 209305786
125198049 227577141
50861333 208941456
739986820 626338162
390324484 73458171
50091619 950961744
872805968 843153236
802578548 725133491
87852005 270090533
655843516 617516017
113764612 60618671
925630166 751795795
498638274 31098470
464860017 224054680
965995401 134893684
47130832 49838449
32746389 181574963
72342861 433943047
835719545 395001523
587186127 354373746
18425239 622030393
38410839 100738879
604279725 380431037
192655993 757976306
373300547 188357995
43196379 160477825
3937852 880905763
260829368 865681366
275369296 912893945
295258208 7766094
67971716 238833078
536807861 760979260
612801462 31735381
391448496 314389606
244251417 388974983
784598489 529588359
655229360 319575088
356911314 479115724
476135381 13446376
384399053 930187351
798385590 23375994
168462354 372658879
95181778 581451368
77334394 844741262
13970305 49591140
425779958 8576704
565524330 577990617
489458697 96684619
815907850 45387360
874981450 919592083
786649139 469823053
654873059 122210802
267566474 512156192
6039572 49747510
985417993 155365907
834596785 346331937
316560251 255348371
18776991 425596138
166197763 709627582
40012635 1520826
949681813 981890282
51508083 384810801
2818171 760169246
630348812 577381600
863929553 749952918
778389851 615887565
141414153 379488579
57480748 786971889
285280616 8852040
449191006 534435005
18510726 682436224
463216483 795280784
565714132 827624436
191806660 27910466
237574414 202210149
55422108 37805213
559566029 787346119
756863513 126680031
755971063 930124739
147856382 39159097
515748939 430966836
967783716 453951316
818836954 397031083
462554356 420424135
601459593 8275692
539262958 970575265
72491409 934114926
874661925 307791845
499398656 73022687
748330433 498622472
940627765 680214686
9688443 413623413
78896231 6724415
810605349 613766922
369180703 695660042
914763296 854927769
67070137 837207676
698709476 947571304
497320679 264458948
655822971 677167281
572303918 540796488
739683590 932419874
33677671 786583070
988834870 672735838
681761599 82408851
138596564 472545659
222204599 6707880
809467963 830760578
206025637 865129103
870929112 615024882
144823090 201465394
45705904 8292924
350419034 32886445
837277147 999971913
613545071 260635087
33644801 527561201
90770326 804929181
977059301 531140481
546663751 653007311
262557143 994612541
66256081 262212177
570900543 194958811
861071829 876512707
119595289 528020228
28678343 755776761
59110259 510069208
848321392 129183868
265949681 872165223
587757934 914232583
639000393 51133752
993298610 127633419
381748936 552463813
660608512 609883179
641141963 414763261
424058227 409667009
837087046 914874561
290837239 555880279
495425089 448191848
804043469 78921263
141694038 354703932
245207563 829996732
180762421 141627898
560760601 623440166
985196576 356440918
537903669 471879114
969989231 225572212
925744624 144415159
170300941 795911280
27389871 301689651
732279800 694427095
162938922 469761588
21664453 611697963
308958192 369907943
46756633 403814499
682402785 308723756
466824243 623324265
17111986 628522008
357226590 962959770
47694958 218360946
781130110 981481546
496593136 528149814
12015500 963300669
236802665 52988694
258738961 765150767
768409312 763168756
640191917 944383565
797205421 709406568
31355026 800244410
684799484 721419072
675110667 844123915
590545744 502663163
149256943 35731915
895228414 228907341
246665518 669374711
611336622 132378271
989710412 509666947
222643166 221161356
778705632 93736148
362988638 132348005
43453972 504152900
629303765 192966318
291451945 202128033
676353594 468157854
101689585 585013678
371847004 16875682
515008083 940657056
85981019 134435291
927371978 51824801
41088300 245660316
44063718 714131538
869756185 47036908
262428361 461424193
11757887 299626763
378089643 278215799
56513038 124435942
236433239 593841133
39950028 547677089
149553580 189330194
834283027 695938325
447668253 681200199
7990349 125950798
90406194 401969250
336748096 288168461
781731332 226101038
226721150 756368452
481391301 939991017
51489518 959641757
8953140 746551237
696463187 975306227
750019374 419898472
753924537 308246488
381485849 4509805
40919559 25848590
141135991 17128927
694296951 732140045
452305497 193238213
473039124 676331907
535825896 547179410
900388417 437525711
377104094 18425776
539916594 228022917
679923723 652793854
848283505 551704814
807033809 738024270
425045083 849429125
76233896 32604902
133659040 425755259
264439195 390824193
840896454 584108339
729594569 112423244
216585894 453107911
109375972 910063977
404817390 464015745
301548214 11035503
797556125 592991843
915146647 204457063
605220490 885662112
297790968 768944336
488706782 41690911
992564956 345674013
29996693 133788416
296650585 19526705
706039810 755989007
281618715 723078635
406677576 421003858
767826657 807479188
971838433 271877505
23119614 862369906
830651162 42882440
522094042 112558137
659468949 228164360
913209967 22900115
584164294 122568147
603784909 594315936
738248054 963661171
217070230 16185712
880829508 650806180
666783105 894451851
149502751 40923348
292528091 508454761
168106957 419486379
719293186 529195770
772794215 64826493
39827431 765383200
167139034 208895961
721420694 560368176
580490087 427302654
499175847 323089269
101359396 163812192
182359241 45378475
751701370 462371368
890218815 733099145
588843941 464890033
978966881 634313777
974338359 485777676
693492762 864730558
18305173 925554300
510600553 462355390
116399992 244990459
690095841 797279923
589057901 589711027
960340010 526035349
118160981 664004230
337846141 343762508
392046310 550127239
302273068 354230838
220846376 219333502
589726999 795648679
523485945 324621928
488715576 752900452
859015306 980076788
270274584 225280295
387181792 674609671
605209688 181275166
36620884 688714297
41343016 599512684
513006355 55033429
762809300 791824038
440553886 948753886
557168179 934286936
7029067 285326214
621689142 511051901
447993538 379303349
651587679 113665034
443605121 441860359
62204742 153403492
166340441 655199949
493006358 781722086
93951727 12716427
929726990 870901340
30469178 735324537
476648961 350257546
40052235 11357954
189640406 529271206
31435651 755116361
748169225 259658713
181580947 57658526
261882920 821715138
51115143 550116621
801000790 207575283
644872828 491543760
28657100 423418226
869716963 327028440
147449939 967430201
642397441 896469321
873904331 31678134
910618990 261166074
63530151 764741709
586794137 402033912
912241519 520739538
58944066 93674756
38796604 242953999
540280575 797195281
28533567 55141188
332521656 876430791
226344508 987144609
886105899 685465091
180440840 466070733
110693480 274457940
703607055 826440802
851799382 450739583
364282576 774842735
174082604 753049084
332451933 947399414
254299897 781072503
843940831 11507818
80522269 585444688
20110352 122910779
170950350 118444060
969174720 738428994
983927188 966114338
800433490 751672916
389266636 698595550
846811452 795181749
936480553 239496833
947337866 939677345
78226990 632121967
938130011 748355781
928468662 13576639
203479906 539716035
606618988 18113982
582470247 636356786
190631763 93492846
820025028 748863388
845554240 172701440
815710952 566822911
86515034 963857502
637904087 484699980
60721056 742695331
746428071 314008427
488692324 501106336
201225989 277434164
362317258 712873048
374569390 63388919
449629514 382042500
207144951 793543926
597335603 519653137
188641606 714405350
20457508 238867613
29633430 285807986
578140053 500733182
763192310 993647288
553159245 477463227
537796363 632911050
48624104 492768401
208546186 609982253
740666459 801294831
472225983 494343773
60237928 502267770
210737928 220484680
845173802 882307978
337188954 276692174
790564748 302781099
260088508 954110536
516879057 32086556
924268231 656853502
67126541 106384981
469748780 787855535
465010346 725461882
762197550 32362252
111825380 160640488
99275811 586360381
981500750 345281712
9212408 560733275
991203915 346206230
373307562 478265589
464630165 779957778
50433741 240980364
139857849 847800015
857688329 527140374
384888729 872972591
947571352 26996094
547623145 677807941
130430409 328997411
587491507 241849050
36438655 203513429
693512659 494926313
747839668 756930779
37180282 22624545
819205360 57526126
585255856 53930603
251997395 337274175
341963723 25045849
414330255 327992174
283038970 24317371
431623789 215759250
718882492 845850642
227424584 319246388
570597736 145171471
477141774 533608276
75429543 245122331
548865090 56162529
405019125 633709778
872962428 24852293
196737316 964702598
77304808 954983895
809092313 45148344
847090115 982358375
974121229 956898724
885700321 715838134
173659533 238827955
116448553 265245947
2594426 424219910
502371607 772407904
297483466 196659441
631223865 707496066
768054982 343084669
98549683 889543924
615757962 251962085
803768508 51462076
433542280 987364378
864272670 834030037
18913796 981617984
474661306 914126252
173776794 451861295
384511233 45938083
375834548 582197490
509861756 384155794
477904148 692405323
826650693 88364096
426633552 909892141
250773900 693356014
746551120 680524609
21354258 687230156
10902482 635218018
332822707 592468098
36692966 295730976
355143380 738733480
34000756 209272385
134993656 243683919
585491890 996776507
515134001 422857334
916824494 387211707
598966183 817865877
628545737 50229794
791223571 727045654
45772089 751827970
604649286 870803415
776210054 865146790
895060643 895906473
33509389 384706951
862925728 235367380
758399874 779327191
557002570 176210321
431779174 684870138
291580862 692766606
21907861 320440072
197470384 635433838
213326267 670961741
981362664 201091398
548915161 655661769
524103104 316528673
927026885 873763505
277172648 8758909
12055207 41739755
55563425 351629004
221301117 785930902
39093190 30867954
35211670 569696128
792433854 264304078
31562267 606860462
870996555 225127851
53778820 983469527
35891390 788200139
440051227 839975145
644186753 926693092
870230148 908589699
690091148 243100321
10638388 816497273
537168624 634354208
293153267 818106451
154386256 574857587
17367135 440119246
338031458 271532320
619338856 482522458
920908146 510130849
115743189 858129050
189250783 562437349
641295293 714660583
876589724 522477773
13663503 837633997
185170353 555677103
613144843 819465613
343262136 282353111
142410694 657616793
42832735 442735361
774429354 338937116
601165549 401681120
180589812 632872303
478399670 81777562
947264565 796767396
265041829 957726793
798667985 711096319
320466363 742157692
133953154 888951
250129033 16606644
35099862 70400315
738768824 407195112
408876973 935727144
148516226 746701313
410133436 11531347
915374903 887325023
73822989 285842053
47457720 278784850
6673276 39030201
789387777 975391649
771264828 180730273
831789463 40597255
288922448 48516893
654264093 338540465
639426579 644659403
224025797 59391936
68606383 629205362
755295959 189671374
351822506 194051733
233735212 338093921
438418005 882119399
886830773 737076602
567419227 803511505
681575413 115933961
106917945 796742381
63462274 781824374
454113727 60855949
870123913 23905560
627143571 69069366
43606855 536499138
507211438 59138591
255036305 607948083
993894366 846736563
295465292 148548513
73199169 215520531
190011894 442687031
388697554 883888532
78377499 371507090
873223124 426039357
302624224 359912006
998253416 654656330
556071292 14929239
895472637 31603628
239450554 193673409
95658969 802992008
25631865 910318065
771240085 194282164
336967979 451080266
375111582 666408764
30750553 65992608
519919286 10683873
145228062 836105921
959358065 20618906
295694248 707151848
146028729 371857674
172724154 920516936
218303818 824597777
133357613 799057798
310664758 372032829
409902186 815129662
735072866 375221586
526978289 497328766
854848519 389580490
318932 767062854
313260338 568491343
874545470 39962638
396942405 979364675
764218342 757055809
164381812 54334520
660056476 49786042
225066568 248802169
17140676 96917583
210289695 981505152
124609493 426838083
673126058 971635582
167240665 247972305
827811182 742320086
937365233 19397542
718063428 521247393
91347406 123508328
298713818 496333611
424450873 852624682
798664495 132047733
27413645 54936565
849638426 841331889
829692471 168395851
265196227 201563081
98026557 20170138
732962344 263429593
322129588 22654411
198179738 961758384
981500488 683688376
266863422 102835027
109690040 440114094
858028173 2416761
288067927 846240239
358798036 930172177
815085964 749421362
208852404 89879736
747066707 968486176
29077410 69893186
999586746 590145752
31873640 911750715
140614501 915832685
8316835 492858715
55238921 952811107
859228997 84573460
564767222 555783221
555946513 413492233
654864518 481279186
161060385 635626132
510513326 429096475
57562465 739647295
496600694 438776935
869320213 863279948
903641208 273231616
327310160 743831342
827902052 10116259
606183803 376571661
407122812 767313923
795170004 807810886
42563863 194274375
871629803 766394601
387140899 981969287
514340903 946482745
351978651 180289875
198045248 907751215
215505429 124060461
274849475 405028343
603614263 166068490
190092945 852169586
88197181 355460052
53351774 477555634
509721205 955471851
827390008 351345281
622751426 21430174
389193206 883224539
613359901 334541240
61301709 601844847
308059663 395686383
571956160 437274146
738267960 185172338
928976682 621296780
470462411 646326627
722257719 943439224
660018448 713560410
413082984 67033448
576132833 990763998
684231698 348751888
776883245 47649520
850220767 980761814
49685879 514237569
623043404 930925401
633704281 276868854
938535210 943561702
723914491 988487083
621847325 305606660
666662556 607065454
703547168 189462249
732238865 26652927
279564030 687632899
726657856 179146135
21991642 128952688
884799140 344106846
455288745 971862150
750729165 887490034
366488499 798915149
339449821 766130407
718584597 625851904
359176204 534979650
108024386 459877263
420467237 120036605
20214909 360689695
600525063 20253574
555557984 562203272
994576677 53844545
584625241 654700502
327457031 418799105
184956712 48444873
68336070 338597522
64810593 276957526
89421716 96495922
678536433 24204579
901646897 613230355
434699154 179829776
655852919 12130779
80059733 503429033
867817935 55596579
807564832 948488884
466494650 462133757
982086956 5202857
714264905 906241383
590992775 251136819
597035173 604089049
459454097 151558324
939061896 212974012
526812287 26062015
61687234 201700591
404271323 190822301
314124469 502222660
67058433 341539273
779313625 295884801
680626339 816258164
851695673 81155937
192515655 804504578
728097780 654506768
869517252 542191242
958787260 77714099
862781640 494164058
59284058 443571293
939912533 670101616
403632937 816603419
613356095 75439362
325754007 45832040
846101936 590876663
986453416 342905274
448221092 248998764
521828210 289335029
124981869 603584048
768458657 461910770
215737136 274669641
238067957 634704129
714893926 438851437
111190975 967762532
353510493 790145929
701273703 182590159
110033332 3897660
200592873 314416367
412231650 187113566
2897492 860989153
621935024 758494323
496481098 581996214
800182202 650954040
212717698 506334965
386627826 681156894
477610569 631333657
233298717 241935305
533739005 50784782
478341972 645171857
312767120 70224569
701134468 8853762
120736011 603410031
211663343 89689435
457921801 629554553
621759401 364963091
898731320 563674517
34113818 838398287
180003803 55551607
881758595 685489005
718092106 923850819
754563698 254196093
375542384 633427989
138255437 52365506
467909964 940211323
656873677 500544566
20239216 563440117
859041151 777942275
452191879 877600635
802344005 622332683
766581447 755958
329696210 149622625
60854658 533339591
700643378 438325965
836127131 284064061
988621632 27476556
219756041 981863199
54709037 138451853
321692246 49149990
360582401 367587701
504074531 950878851
136970513 954990748
79898273 162472534
317669261 893309903
145856793 713717301
902696694 464828556
180875621 129805739
234362528 692487048
147397493 612843446
923834164 776807724
579454667 103524168
879653680 36258835
657495807 657403847
576194405 612918159
712451132 848761229
793269111 681116705
568839105 120348265
489353825 274193412
169791585 45628956
178086639 835160483
336284419 357104348
70230082 164549150
439282467 476765653
497224272 460580297
500860751 107961251
321691233 387970221
209026474 34457304
850493331 165548805
213181549 464162429
218681175 345828801
333548129 613217929
792548849 728387335
51857254 170256492
600472316 481882797
209853679 928038279
4342755 547007169
547432068 589960625
546791018 805688321
595941951 743420851
742991139 605100643
705763663 8904651
196525049 490114446
60704375 839177775
659957417 848364895
826599569 379170688
344943428 689854053
655148805 386490714
251378350 855430757
27317330 138033356
967272738 917385431
730746509 840458455
676312748 508955495
840111580 583986930
816113581 788134518
241979643 168574855
59288922 666912150
957025208 474030707
240082493 691239953
712335734 38079881
603848371 612227426
679554477 916216592
780933484 313326010
462916712 749503041
673474543 871390845
737389254 671770570
476203795 383337155
652371834 497985613
831755143 664485848
738313036 47607521
972593739 122372539
579019158 675271056
218278196 723536803
912873671 493551063
680866668 62164085
499716835 467252522
440851952 742572879
638156288 978393453
815716368 568914945
153275595 672647548
878117874 48556942
182454017 808799652
698085136 366548144
505293303 78926888
424286901 419994705
302782739 299974077
573740164 429483538
124411472 428472846
307683057 315740360
768326333 373240889
136948166 358304506
148178687 647155535
466770592 914437989
31660490 5878488
275244399 124854648
659405421 736749389
221541625 343589337
899714371 123437724
519267159 743330526
283285570 298411176
17990263 792737044
131252593 49576389
787657881 646243259
79812969 277580098
25823953 594786631
181545947 29635542
984379276 650544097
993648650 413877818
440388355 265906660
578693452 123023248
596066249 333913697
230246286 985877491
744186179 28777371
668293069 874307314
436827691 853076365
516879517 260905486
713933068 115367519
284501670 394275133
98080969 246249204
36218146 535039850
386715926 27732319
421357152 694801139
767390460 546816873
613810244 214104618
657442138 619302669
682318021 769906645
530326879 938133244
872719982 927147951
728542993 839490329
25360093 488209124
410826185 571999485
126042439 681604248
928648372 478784629
286520050 190076513
746921812 313727999
121639866 976510152
162486781 839648593
72082573 285207500
788292184 191747538
344623598 31342943
876716003 39033631
61062261 849720296
440898671 68859783
835733838 604695231
67634337 121824911
823845558 149991092
938406002 313299311
715112577 664941704
689527728 215741331
198086806 682357618
144172666 322277147
879984 840630684
514569671 423752028
402579616 180404387
738765791 266913628
985096007 91183642
320205024 347521626
118021789 876252168
153701179 689458244
52500587 599344485
265144373 832375870
527144853 507712161
905884775 26964257
130348169 926145053
560620606 343394299
616933841 505833648
531647612 282446984
654303879 976834084
67608755 5113790
70978266 223119799
847543762 917070920
649863823 524551834
894144145 682817790
645499260 826468468
31508483 931307890
845669386 955164640
140320780 95948903
61929915 598834923
810340327 978677334
49730976 569648536
569220256 268205548
530098404 979623516
393146264 741511303
820487997 623792802
909295365 50725052
124844925 793001799
806176367 676214997
137967111 630747423
746819380 719827787
899106641 140349807
974047493 536482641
74678376 105628273
123171431 942978889
965337961 71254482
611930419 44652364
245810184 310613816
205699861 7298981
535312397 738475189
896773649 636311383
553637842 630906709
738048249 638173331
443567815 658938262
843363320 762876227
785267694 319502825
710822155 670442882
671113823 942378806
122834051 857685537
209693124 242189654
106620292 498238756
16557277 962466200
807634569 785539650
396600319 327315260
571094494 893427561
693354894 27798523
526296612 514088248
518489734 236848253
715300560 381933443
74680567 200544481
650785965 784923090
169547396 37568825
8049237 209568738
290841827 525150731
525078716 563183139
36442720 872063185
520675237 718356024
679016026 920463482
283934251 930102138
422101444 261107175
82035514 943813494
528183206 703534190
449820179 385392234
843056538 291017306
465696459 359625676
823862351 334323050
457045708 886914755
700508169 768517966
544801107 622740139
624367903 13049900
396137456 5612949
24994426 965510433
184616713 875652806
953029662 56417976
611485272 891539252
852909977 290263926
913267049 564820492
100576405 863575631
224853020 797595438
44623692 32119085
150636329 111917486
738646798 366016367
27565718 676818005
29542588 811551848
469396547 511186462
927271250 772347868
635606112 853307066
887401046 29745799
602096113 779240205
154673768 944581269
676834640 546064814
608960445 56172587
407711403 773637995
8266396 216412637
19500161 687408066
398556638 309553461
468604458 790170985
550905717 138385203
443496525 299257544
345192673 76468423
614263143 86733434
991887292 853818201
532615242 385161167
20020783 256256321
592426652 775214925
357940090 696092239
976929108 306812714
220816497 810816581
740112704 976728019
312097786 81196888
243786626 602234984
422173584 361960114
507226638 861410110
455754690 31077619
544035886 435843676
520174772 83727532
201428734 97995775
73696925 697441506
986826224 417056534
429808200 78481809
585517897 672655302
952613268 959009830
398184611 50095079
755961843 48164868
327102313 43829125
535962351 166352640
139526494 552462688
243421856 38771684
964888854 403156844
111290935 960432369
484010618 157492050
742834294 743127125
63517512 756831981
112650294 280183993
213529490 154081486
365605088 614265782
474392123 817658040
791525108 770731098
511355261 189013029
597476485 93877160
269682533 602563264
740704699 717289750
264293972 11819752
527136080 504951565
929380736 29918771
786339091 84904812
28909425 145878505
738502248 353901572
496135302 664405892
364195526 115833629
186193774 412084535
760722487 296884209
689024431 19334243
338169308 779216684
202889762 599845925
812811366 589340530
58324852 448861636
450282142 368723416
712419494 64434498
327423455 683510378
25215374 893058004
65287317 468415652
259784533 545594977
769298633 973398009
184389879 32608773
620700813 181291087
193851334 396219537
937744014 244278912
48662503 550006025
592894091 21961947
43542225 622018597
858821079 639120289
793933270 62960849
799215577 439838089
41411731 184002733
309184141 813317180
561440640 385758349
69411073 342998233
15866467 964542714
560554457 900719730
497759963 683829935
137745355 990442638
62454489 922269469
756173348 37242276
56990497 292559080
945353025 220669351
845986766 131744871
729247510 958345333
893171916 462050344
237753259 639058022
271892060 380976489
600234394 669898947
15118740 733090976
678164115 625155148
525789404 473670133
374291416 45762993
121287794 682345923
855115457 372639770
154810087 121679130
612303161 572392351
607030688 593057343
248508990 412768720
107268437 615933226
954588773 651515438
383334037 52526599
974157908 138051248
108852800 128953271
791699783 565768256
695297548 402112589
939014540 620759868
407492865 828296593
9615110 2696692
424452093 776902527
954648494 989252403
296837680 957715144
365735437 504427183
55016352 186870096
39466435 172544407
934963112 877121199
454844931 433726733
902309233 704095409
384870421 792725672
646657151 512192470
11462098 276452082
78973735 544119762
510223404 172507625
963287313 25595918
581194660 460093310
92295099 105550885
228712658 669697561
851376885 488113256
412762849 877284627
220162406 493770330
244930063 684877114
604923141 254700853
834321457 483286353
329874337 970702435
678284589 701073037
369071962 4291589
850614142 114495769
475260709 699812721
660484276 733690003
811177804 894694828
961713649 12154508
494295532 490713076
80272493 1505036
570572661 602365496
612921843 124437261
679927598 249225629
254553442 450309371
151015342 772435196
13018412 441581370
303853412 722053471
304517596 645292192
444235023 541993607
437070473 929266422
434896967 946811753
47992674 73325946
179732979 358992556
265939502 421194593
315495632 70440235
301696192 887866446
891006448 505658490
288730501 437404892
179883321 872910682
68717564 653689114
70284770 695908932
447757625 486787849
851539705 438319588
398188642 870694687
429556704 746412442
435600178 885694664
119479499 825849850
794056825 497190624
908183364 173873996
366523033 207673402
925406888 445961742
148562954 842569756
564888743 13840748
373532631 249594560
223615431 26616784
3366942 869398997
322889185 975208781
205990036 260423932
389597347 62915634
483222272 12094028
419531276 554258301
974183355 833180367
227295987 414481764
630581302 995561218
3872129 484029391
451907956 281388888
9071537 976554200
486950027 842613944
28735448 258226002
189944615 678882554
704277273 203825983
58915335 134737774
332099052 949726808
818312063 14374740
19028639 76078217
620364788 462318182
45343699 512936050
570105443 10363211
919779583 327182312
752517851 800536609
379771625 897261682
247392510 15350012
862160945 189705164
572371076 327946848
34757061 128470119
671113655 158577609
977938286 139907559
625049080 171506212
58039362 495742372
130916408 242642004
303948591 421222186
333704576 856115118
253873526 632897721
425022827 340483196
747898157 641571781
818160295 828488318
116934077 484584822
15096695 393063781
243557474 444691242
197227059 349342038
945793198 903436014
65979846 880297837
937719046 180925449
702083631 17134135
71529762 26291057
821883137 270852663
197875858 504776788
757696996 365120098
823822132 387773584
129995537 62114466
946826687 898383163
22493145 385322584
54590010 1252635
554027808 787506387
522641542 342709040
764449754 346878425
587697873 177681191
381464981 203642918
13496352 136023524
679803630 319614952
111502543 491492352
737437721 740459328
264990984 270189639
342557534 845339332
702167373 861757497
886712727 877238783
67434740 101429387
23646387 387509231
200115365 444504483
52596790 34733958
384553694 95551520
992796600 297358378
323376240 377683280
940283746 320198197
24583424 351265720
484717172 116345718
896162695 156963727
408143809 756027310
532456145 197631811
222905392 394567955
520061442 454770675
138718013 98303184
418671884 12668914
16702837 140823427
466482491 569692492
162327294 728915390
124965289 451964473
137682958 714700936
52424137 171643307
528099695 737112537
548373474 635795909
580416257 55352609
164442505 46468191
901485111 32587200
490808366 230616457
996374169 868877711
371933073 251006974
161475137 648318295
551407688 488529333
659792478 561767765
8452666 447765077
292855733 632430524
576434984 549933499
138993434 502032179
990197535 912297078
615078395 424647506
330437895 261870668
893408982 247840041
560870679 351914163
600541629 674737081
167209822 849216344
576259289 366129273
888967228 797838491
545978597 692378579
627140839 217128976
147965359 956182948
444096487 760267008
95738522 191964607
960957849 64429799
252241694 173172843
36390575 194202100
60657989 37533919
874428079 112408459
813479985 268026830
971895921 97031878
572764306 397573079
125808289 923235568
634100017 742296080
18141762 32008200
346401128 6043780
270482729 276120901
213126054 93055152
75658878 578179468
906804719 391057416
37317949 281053691
269828697 778798192
480068284 443737698
113713041 472291524
999657243 533440453
267170132 227051857
820690389 694987995
274974967 379336794
393864248 932746897
156868064 95238804
538092516 427146376
227577354 49277353
716641102 206238099
50324611 499385018
668661312 583047226
303868915 602717909
27510358 874710841
521009932 685212547
220859267 329235970
855005467 383552829
62293130 260434231
791747711 772974065
67510149 948287281
774624554 261415298
461783649 821329020
816069926 280963653
395764576 67446872
317454603 376446341
516518294 84969785
170207370 944257024
304188781 919626056
696600294 736711272
911577378 983485153
798120821 943156707
621635909 129625363
459668004 815386763
102907196 713064482
166302704 943223278
283142080 196354568
454825837 222082959
356859742 69054703
525033795 471073124
222342904 500281786
207060140 447514198
905256514 526921850
989049847 733380804
821439046 121977080
736456969 165980928
763964896 282315057
356707798 992611280
434510402 660688853
934622444 201167598
477568881 626831559
1845224 311952777
353871046 462920097
383029759 976468674
643141999 545596973
955102328 374122544
112289003 662426860
24308524 38138971
433823633 535907219
17563915 783324485
301562634 482306953
685624474 947874013
417297106 56735339
62913646 810542475
22387899 53805704
528808884 732513447
5689706 347733861
3657897 64239873
776840408 13634106
16058145 555363162
274247378 805032563
19702019 235390697
696755066 27414064
434001611 313251287
337394627 726335174
450734087 399896004
583691769 534644028
269401051 307817536
167212599 55426253
245928318 910738258
284897007 198631789
175374522 842765813
190855526 758624317
856459888 847946902
438433333 872259605
421427473 747571607
887999945 716903427
463982886 837174735
996428003 753277382
490344906 195927304
240580889 102084178
20497706 499532415
822686035 423809615
823615756 303158632
846270031 269020826
698218309 196390247
511102750 300222659
270808640 576059160
926154149 58148749
265664894 626794632
909403933 230737777
55828496 657692090
364209299 761544476
201240353 277335331
568816488 166163436
858140263 998712366
304815570 351403639
995613876 388074424
710292313 831250180
999825003 306807957
602755419 593617424
675198978 255061001
526957449 100717770
674516614 513153104
493978727 202869143
842184724 48842008
2360784 112766095
839359584 820736
340666736 882239486
902980914 411878692
581927240 424007908
591560420 349649801
154808366 478073717
886761702 981991854
475112010 828012442
60181561 228628999
269194650 93590894
43078647 63651192
695267950 952754626
709114826 698247646
934933485 465173146
365174897 298936964
361930895 931511214
302551615 881490094
844731040 485548777
482434459 412374546
593400003 375532
355341696 708768601
25734252 22860173
962733054 513383586
882601062 21899346
729983672 515339775
141324620 591396086
57338211 988530678
841921039 450825196
234106958 638393345
531346038 654073558
371838165 951363854
874464664 415736078
512888300 14730751
293033572 588563486
611107483 61120044
697532442 832140359
277529724 777853918
394688208 137125118
881690686 972428498
13811694 705084778
271318565 2898107
51638448 151276776
510345864 6567360
256047276 21505414
719625809 377691897
250078786 41958028
788748161 43519733
963232557 52381935
927191465 505206328
860318459 597843932
276070002 455943094
451898764 466543411
22795285 869483865
570685333 361536008
838717413 591291008
781749024 337953572
483226306 211862142
74680330 595753346
805098915 779065623
910984323 259188947
951400468 497066758
521008529 585454075
5623986 149688954
588425102 791371665
465395637 67947413
963151525 456673891
74988385 452915435
24472920 987876848
571700368 759152649
104529662 773745900
491877684 286342635
193756222 138905023
554085069 52029828
190492566 62811397
660256501 61766203
22186453 590320657
252047317 40521320
163448484 483076451
949137581 528526812
247054585 898453813
731839057 955002966
628924323 645388275
68707239 223541262
899152833 795963582
662723114 759405614
231494475 914422248
36254313 437198676
88998279 789549435
209193096 822570001
621004693 153713075
405074110 515907949
415474916 683298175
628520918 441495393
681115578 617776388
8975279 680543067
972987824 249809434
646456251 660210878
421719091 33561805
854860164 550117727
170203397 975063005
350003490 645868041
576191162 861185342
203751878 886587129
696142140 287093401
784477747 507055203
51291719 227702217
905628991 44715243
527463917 816951647
329728598 891508782
893224723 261843231
259194359 716909367
42044402 332347008
739909173 435652874
368796311 175271216
346840888 604280092
542715236 998772622
298441658 730954200
226343821 154768174
115678602 940348700
633127323 386889048
931429900 552236218
924574189 959717257
343725751 14492408
110298418 733354992
288883093 824001296
155976431 298097139
15804871 211910065
635640319 22378663
5874174 996425084
34238222 13767515
216024835 94550919
37211421 877642767
635886641 790289373
954014723 20241909
503971829 441211389
128489702 159819256
912136789 867845463
852185285 414165810
659248998 623431122
600592625 711469427
902375380 282976328
509942159 72634815
279122270 350360328
29496856 585521873
901140311 373285459
297919961 881901969
523289382 339950815
137557107 85205410
953398471 62611544
773284444 850855896
489841480 842434010
21525339 287527097
451962189 826891896
129796369 413404420
33937804 164061112
750458732 493303334
955934546 923131925
237515058 247149254
438931196 706610044
331353724 45539641
419482239 355137487
871374647 796765712
792559072 49035108
85500836 779428999
305215420 470996871
382440665 797906707
805224898 913101045
319577406 914702812
886735156 339206239
663773457 95549759
407644010 760799468
922769123 357785163
845918799 641020599
305491992 315122502
421805281 318089037
964415851 668049446
91398069 46448176
634444648 164919064
10871153 319697239
438649584 286525692
429815633 180441516
16723895 402192871
571430307 32663947
935519947 575374752
868044875 925182795
602304259 209249315
35914046 779950510
943410580 46956065
431831819 17500270
70040706 11956606
691238222 906499771
815099173 403138002
984437052 162379191
151244972 3354857
923441178 7910647
217526423 764398403
381404613 40312582
153229115 814945428
520362283 43949025
950503490 488106053
657978576 347201404
777881897 966296049
637374283 198480444
101513665 913486313
110031815 170447227
497925294 757424560
99996290 435530247
380448747 663873664
407871825 881172131
522777923 792440771
369855514 359019652
53447385 612935579
824816984 363089877
100938658 503253851
847038107 252764212
56274918 260666891
55543556 125689139
412599746 967952104
615054798 603951832
370416041 551933410
813698753 606944797
945411806 213219356
185380541 626948464
694364155 252826735
502960694 770537780
165674862 328009703
21555121 7739455
40775671 916363844
814159947 924333146
484529451 618414715
135911474 649255620
628853748 37714739
175441706 170443951
338983695 425977672
761258249 899523521
39248267 314967627
791838267 297320084
231682385 872855808
873997376 518151478
106406808 656807391
726525481 8619434
180938092 164105620
13028126 273287270
810761776 74571647
14300891 962813139
391627288 701128244
729483312 465587665
212503214 500859900
964196733 928183856
852639566 89053010
331531067 525241655
860220842 18437478
977564789 896238368
934195784 398026910
481758538 757132698
724152575 678451473
72209772 384386118
59006333 244045066
720813733 864087355
310219716 245494667
479412557 254122370
520650920 828981959
138432725 618197403
109599315 721116326
462637632 161190390
638773441 169036613
192048804 531847034
196075076 793689459
693527469 300284930
798523393 208472885
9077787 381354715
897195633 730794563
996900927 2304838
900849122 48097416
279465601 951774973
244240115 902763176
948005853 184515239
33099034 542708850
705293410 412892770
11790627 306221425
543579058 463730754
66732966 340834145
672001413 359320267
20246936 456572081
873004581 164026745
254574782 113370374
993157875 38810937
585693743 690181559
494308065 430020845
49355993 372161106
286650101 244807148
707120638 983152918
400544461 529518720
479775666 993703799
14453525 766176359
147678558 474705566
395431955 671828306
821658688 816271334
490015260 58369384
474317801 285981024
838514204 531532741
269146814 458750543
139314194 914382068
286593656 969713581
95027601 993324921
753045668 843989156
803146305 62368329
182660900 33970453
575539291 527903567
95921324 648892437
187221297 983888873
209009989 834338924
817138084 158459240
199254733 196544788
49153194 995265940
531756405 23957440
449658323 910050086
198407234 53724497
58524089 434868813
33926028 371928163
866510482 186054953
354873219 259414463
279268003 112915539
912674981 65733349
527228617 29069650
579954761 659604109
29275891 908692776
424320791 456135451
997206691 980905156
32079757 840963884
68008816 147041677
481562236 23237136
102729608 269774813
9120135 96905294
677459495 858926466
103379372 383701019
118062113 333968959
29484467 172480995
923212381 641825866
307220673 552071880
920348759 197947596
19534536 566571806
735634589 920236132
485423380 21639915
660870482 364658596
615805120 276983405
875870383 101128082
149720382 878312084
731039101 265404969
983711442 618662275
312032156 687097557
676336919 881278740
64649855 4744955
119834489 526538065
111485870 283781742
608112057 577147132
809105219 31355386
39272043 447415815
890685549 861214174
620820860 749317149
70249457 367033930
635505830 863847191
265073315 834556901
972779515 941819784
583363057 941009482
15268959 817542962
36332120 30455430
28651021 130377102
15579116 450333595
874442001 728113224
52383958 358033152
299181516 614654912
858299855 620612894
800698739 916610955
689478822 37434837
522260112 99486448
24350910 360876277
386984320 129042795
638647695 713599686
629175539 955899693
592979748 729962624
681153136 502691226
92627612 610833619
267963086 154693577
38399146 238445665
636163772 720555784
269831190 572971583
548468538 675014486
122138170 888730743
2167836 977937383
863984517 439142537
418375311 364354468
785360379 256212965
702700941 431945128
715219890 788898931
555424359 125640131
82538327 750075148
726935363 20105467
628750503 391887358
817510811 293620230
589866231 620999052
506067642 984135122
824704941 100265067
913481795 231888893
339131076 737862
731370666 172226397
535379788 298436154
815033 78015097
4801510 499532635
804650765 373652494
824012621 500566318
577511062 340664203
58993352 508495917
582557978 252769685
960645306 21610054
563710131 423436420
737496851 165737308
48203083 388491492
167122395 795854276
414908200 369471989
563484077 953452233
686660443 724418092
435700281 531719977
571922511 458867632
944794306 797077
451617856 165990621
757492382 899277110
58242495 806092996
697412026 49293859
141076020 472874921
14951186 684947947
3606102 957341571
938080061 124578321
142379697 487603328
505477344 757632651
757674536 561394047
386257206 838193730
29568622 27860116
759864974 444867477
749670031 41071495
330604237 59142358
13113702 557705301
844816359 351302859
749763622 190258606
4879977 27134253
906075346 489663350
181387252 882345262
171098308 697774916
111550392 138909164
500294441 151078117
289919741 767864574
962402179 818139866
9074077 504198384
310932006 307623637
92360331 954348478
762724539 43025985
498158662 805624667
100438720 686814903
878418280 981093421
14914054 919573130
230206234 264795023
623192882 649133372
534010780 725039182
489457213 57903110
936020673 387036972
1593077 932959828
654970480 71927135
586665337 613339718
949285669 264011539
839700160 30667056
775687278 292229092
302734610 72599579
98948463 465736550
156813454 228257858
113779039 81178525
827162530 588594070
380410888 490650501
796047254 760396091
388831819 860990347
918873346 61489160
183974554 510348817
284263507 629081355
50943355 304535534
798503499 31187458
334806540 966967532
93000829 348319716
320557689 448753736
672010709 274482519
468901000 23017782
941021966 467568950
490848782 849782618
327992122 549958932
778044790 675027792
243951677 95839155
746198593 327661349
882584402 900474253
533492097 687053531
301791621 793519436
686068318 858550505
81749048 471571538
904147601 778029753
379849118 801249073
69472490 729730345
488590659 256444979
259507151 997928203
601317505 6010324
191268276 579500964
490904332 545741635
208935332 325141296
470557544 612024549
995862975 846787420
340748142 524814034
904475065 558570955
618259658 295816022
10560854 294945426
678150528 18751345
637805302 546598076
251049058 393464664
533045253 977886919
54784922 163308273
806661510 79073061
43935015 129116763
81278609 320877756
604931418 854870628
143149776 558670694
295178070 507565328
64365827 381991025
864151444 347675161
753810815 303142688
187251811 690015082
11490984 6679335
71573090 220033442
200581498 585086773
941873930 813019287
53907972 499031395
988565792 676551633
761920492 934330308
417193282 511826699
490036965 587832032
496025699 145612469
440191804 882895921
147722822 665281653
341459024 655072931
265435654 245304225
75208469 635930394
646624911 845724102
434041488 554692844
282572578 12160805
794067038 669153890
3127763 63856943
142641453 209699131
518501903 867189009
387404097 252337961
627360016 292191268
136268017 283522642
526961255 844412024
422645031 268045777
994988667 357528402
901265380 703495730
115387651 630900650
472940729 661401082
949930382 169503404
191507791 258072092
16206843 16280119
935678433 37471877
596407554 686677859
141844924 489374353
410114730 343023347
482119622 627232147
896364752 218890727
422903540 995479378
523690407 545859564
23754961 368785542
45659698 467158505
59696637 101412703
374197963 306903669
867073198 21007358
587475872 752120411
955396390 899081466
366740785 21650717
753264706 613215197
419902675 832778606
709648371 107108772
891907376 322519478
234510777 895101763
983057092 503783570
68569902 553184798
849020001 602559826
492461691 155442321
413983661 266494073
743424736 33835625
465104287 760221760
714329393 40441703
660361989 926393620
638969940 575614405
891781377 796771859
911627716 561314474
635210119 42924946
967327248 516193973
581917665 413480347
443519324 428922999
109399339 821775463
476329951 544103160
255193303 756586729
835621476 208874033
382419242 638420802
415877834 74950544
348231614 793457997
8516740 139865719
658929150 635705109
913702169 69902526
611917229 131001178
465005732 731104045
866974047 320962577
573077077 485616130
782488829 760628960
297654511 212268401
181691974 310917542
364777288 945233439
178660681 213126896
302239948 573149606
917796076 855260805
3662330 335961876
520657768 819647964
353875173 718746476
610437834 360324256
766663093 701064739
158431603 719096115
78135076 361354660
202787481 355108136
795624193 394925005
111527621 971801031
595825328 691790448
421864531 793664653
63232936 122945491
445472757 861705130
899206131 755483440
302441776 726125185
43980977 391121206
942540509 715103787
670404759 271085702
5293993 43567604
795486312 30074422
699331222 424156125
952704899 301400657
414843767 149207320
219455060 86881365
945184632 117977743
526508257 703578036
588832148 334358878
437708607 201492564
344596253 833798996
875427354 799846160
576960568 597045110
242247473 351632948
37150301 892992124
414960087 48735748
18241755 165737298
61081970 449825078
718448467 867196824
532291585 863754611
590867001 317734946
113296015 14776794
827624790 28187512
888645057 694381950
978200648 755389528
743783501 621117411
775758080 945158704
90341760 213419397
23778371 277229988
209373623 865457744
764612137 155784974
654959335 766923817
992203425 670149880
13567253 595064675
310179308 984993956
18551518 750201675
355468573 938245765
135342577 873855645
61256862 625927875
870712208 573934605
275110575 121098683
773825811 284880575
28023261 400938109
14180453 114013903
683401105 112645452
871965829 969992650
621971072 64132640
847257093 456407858
28181305 963398440
935045007 711104766
105741471 251177794
76319323 273287192
943856229 477730945
480644794 43700445
263954836 666452655
197942415 789019553
922716938 253941192
857123792 780344616
927311352 16952955
506316041 8811310
838287458 986242733
546034137 239554784
569417635 273056245
985595252 906058593
616515814 988766753
128247071 506500678
199432622 823684016
833509559 282312730
906932304 87585367
807332650 514522842
811902068 220808572
206230268 175627386
532385688 291935421
785980100 10766686
836429196 72131690
889397677 15491298
381459703 22827527
231926773 932766676
30156752 343238859
526730097 146666741
858274790 152815140
875112455 226629499
148892505 28659248
807374898 16049041
406129950 382218309
236714370 518388949
249296255 44314986
620874009 254217945
473562777 983794396
889748527 416160162
581329116 308548235
22929038 493850157
816601999 252736410
393071896 476396261
38153545 77152482
538210878 40746541
170089593 546376559
552213126 653690077
48386014 24039170
125928205 323797693
139835152 365475469
574403585 971735820
952156918 60338362
630219046 934687484
504999501 393860197
960698962 47200307
524817959 5098268
229559282 635407692
962962026 948291495
956075907 55389779
16711245 961672826
476761113 545477964
726671583 502269508
294102748 959317677
529229183 283519588
527680390 444362207
269513829 651864430
941741287 106760641
464812823 98070955
33338208 516172069
922465525 344522134
254476140 417675090
492815278 830113888
516210195 947280000
176805832 844894828
236981621 317740639
999598364 725595604
336188229 449633424
944750424 37552353
698414922 852002090
611945083 817519768
66771422 153236790
419777373 245263657
996890228 987351348
89476132 228362877
18576907 55986067
411068624 47605936
710800829 430776125
848160688 62458004
131789107 399794186
498541034 288643116
309813550 300813128
262765559 855829295
647023103 931520057
851521060 485010826
752252430 577153172
927915283 25928157
260552279 836741378
752091704 833758717
934867689 771832227
591701084 59115376
311266150 853396615
340189214 30599157
511510406 600356918
342999149 591753722
9475987 647582761
210724623 162323748
564323566 652698958
987464989 154845899
329265801 558717575
11131267 935510650
53281642 916969771
497662853 66745971
384453935 122952068
891100982 347584553
413803653 376705872
52572672 808760517
247234991 891877952
468676895 726487458
522780421 903285372
413912101 549347537
545727346 660940061
280087927 812033429
927085301 410762417
449614542 109586664
987221793 583274938
377099703 721837556
588605342 43054383
26245650 413505179
29470885 471865083
998271128 474892272
702522760 181522041
311321422 11392186
551814440 544439038
18493972 662791161
59004 779673167
886851864 751055193
526239505 20822309
62765922 973206976
787883396 223029681
756757322 596298182
467083786 646579219
587348733 861017143
29631719 663929570
460477692 3047060
176066811 585331111
698213533 219527567
385478706 29008737
522708616 811700626
413382671 794652417
895940923 51237688
883165226 206420975
50817926 402128850
347370670 697523845
525621009 991810020
73291482 200639631
258487506 954339750
373222785 926937553
595331479 759675268
289721738 24972417
505384065 456419998
636592753 775731656
152394117 195965256
731332292 298781253
378513902 891263370
630946982 15395977
175496406 714314657
280260176 771091357
731828145 318220413
942333579 271902585
24755394 677084738
320446775 991651210
62413731 60023494
699282376 65605939
965228483 361128473
40283587 982156365
181618912 710366969
391381317 818823070
59166097 481825626
324602749 833502055
107371454 321061604
392918317 42856920
837235493 716396916
131097388 303101336
292656598 778389401
560068327 861736514
379547832 374996760
382344924 559686882
444355586 252741481
902182685 167182461
650525635 145646136
342161875 559633031
120399963 238518245
105332665 26954089
580028160 617808901
434081949 939044614
474638906 856381919
498271202 471105835
29313125 806033647
764997888 389980704
632964663 450902374
133754882 900530976
93616944 968431784
722348551 626514648
511954476 556256717
975600067 20570602
215403478 56544800
719281147 613343085
416057649 125067683
980037644 102073707
265817106 681535369
717867108 458104162
635208609 494463675
135482119 62555331
510644443 121407060
900522507 8728437
41850130 688364069
59751453 432256596
59985004 656002865
193387770 229597099
688480864 236186673
376323575 803979197
760831549 574159378
158711418 314954562
626166179 917420146
459105406 504112609
351806215 213705255
297299219 844037819
280827443 990626232
103492827 337665249
650577091 484906466
866992270 525616089
271457962 159172116
197561719 37869596
708594347 320595699
332599797 16862107
934059744 242519767
171869691 11278902
703441207 568064588
331893648 446666307
845055983 478544019
817934159 934921485
462574111 365615134
977991912 865733458
713805872 342043415
664521630 132393412
134251615 34615768
456775367 65060743
832111420 215931253
943609424 835147963
858725421 308175919
66656565 99514088
672027115 988488191
892769293 42035090
70525699 518529808
225897853 180146353
630268503 429585988
573809344 633238318
759619483 678063534
807478821 902904678
552083417 304100119
470026641 967297964
331113965 371698810
72869111 993432262
402311945 600682631
9816296 183724142
940320562 427952932
711469823 51837395
936249793 202822119
385313392 316343830
499974628 368904349
438390402 297593549
76101402 780932551
928452880 448397444
867488186 154830616
517762826 798181175
24327021 21453815
855935218 604693209
999980975 855464963
360125281 287598544
418509906 518678411
13798783 275183479
846434811 26023441
267453327 58679961
76256419 446106321
253741921 160028670
945306647 599523124
30248668 44384981
887612537 6312282
399182975 692944207
947744445 484231322
303762901 931145477
969701676 28198393
473771011 564940683
289040356 13401783
795348544 535122152
706690390 785636031
593802326 616642068
6977734 837658425
198068006 546908031
199753936 520943868
491829538 214345611
896862174 79895315
451622608 55301388
11615921 42402624
187623246 68630991
624934114 669980278
897481928 70816529
395517782 469056862
659428612 757936643
104625356 204785875
23423447 639194701
555951189 606742117
219992493 178427016
241262550 209020122
429854724 775078594
729947272 840403112
556398065 657667325
381967224 364130428
910840475 575687088
5718535 584059319
958575547 35486788
60588651 252908780
346388002 744194970
141071404 25606755
64431667 556624512
742440104 30781080
521056357 39862335
865920912 797812413
825549250 615236368
52875112 22928692
352598122 243766945
553285131 207054358
441091089 57573525
38478628 321770414
858117756 387806465
111668919 494283519
692503560 147911408
26770326 384346170
456193060 646590688
434865645 916280137
24642002 944511299
887559607 777020487
6873641 861574911
925664581 564066309
659347158 897298926
334935998 625415303
966646423 137886558
166779802 107773316
676570559 739854994
746107685 433117418
354233525 736938303
887008515 320447320
54176372 939544592
463752358 604959906
348139788 157553443
968712921 601396304
265357856 220864138
835687993 44635166
736454502 396862155
561167286 721188479
654664490 531796320
443612951 751980307
587944139 31623480
604330867 418839348
182771005 198382388
69133241 641520751
70661508 257928875
278649641 73035522
245315904 38527973
143629785 992370275
754165532 193520292
897374513 299485625
48764764 442997399
345642094 45450847
575843418 770206693
135170339 474431082
134052093 636539305
271895475 748556569
216839495 36247663
215499737 479578981
564030665 758913723
108426528 353507964
920664364 269864323
65293674 299354685
856916651 757374129
227868526 13535677
795545747 60331938
986371891 692060099
26288073 983854505
786867863 454438731
854361413 347880076
547433418 639609862
30788240 718676742
249758674 424353495
316858954 799719748
34120457 166337112
740284070 989094248
354426266 586170196
501973995 481234441
120078344 9955145
943216884 945384625
341079975 967334640
130475954 674490973
390499105 850035374
460146085 679458816
844473075 557100831
290602087 180524801
13181421 421845907
741231137 822244793
270257589 125402255
814510611 285694966
557303620 965989452
168385809 67132793
834392936 746034996
949209601 63641724
221770560 604659816
95211102 841297446
644730052 173209149
27715255 268030741
948986682 381345466
149378864 50335708
814129090 28441115
287595520 782027139
