4999 1000000000
0 39923028
0 65778310
0 89754721
0 70219883
0 20721292
0 89687337
0 49296173
0 2736238
0 14896643
0 13424778
30881745 507645301
308953152 278508830
123487588 331487625
330371192 460577081
412311246 551252717
730729584 562469922
787010054 661512408
639506938 874311833
276443355 150846648
869291263 650300375
559376749 39197866
514084857 713490948
19326128 885852679
124593272 825881278
376320241 964506068
722523039 413959577
599860810 613100876
801437348 502593178
219390764 308659298
978501459 413692603
653181661 580598840
190138507 42220138
860790775 58876326
611923647 750014474
719396069 729751483
901589110 57169520
239467626 473305141
313652940 657146728
62128154 366584839
800736751 302757422
574558943 342050267
659285411 310878709
118320502 980256909
120324542 348301411
446780143 141974444
632595117 425951250
538232625 471633917
58045420 953377041
837996915 929180664
444307091 779796833
192562371 266997832
931540421 738648440
433739907 641330255
55542590 883304642
359993575 620200608
365684173 4805147
589199225 137280900
922620886 652339286
29415829 210277238
742353872 329487033
631575278 647248807
225897670 4632959
497308167 33501819
576685783 943835732
678786234 148639241
130464694 605045981
333831861 853385886
483069738 476968749
162880503 479852347
941475727 93880913
685115735 650578451
625016403 848428741
648776958 494888206
701038713 274397436
944512744 662504009
312409882 423116253
62841192 29603474
154701791 267450176
423496097 685975538
820215176 51091573
880138253 204160540
200960104 404003517
96690425 821734142
690796263 517409231
58074375 536309048
414963199 748838997
51476907 72127646
700074431 65694315
445071790 22675129
793546187 697480232
159315374 938133829
233424346 69202445
714046621 31177904
278576695 721518999
746738750 90682530
104479808 70687154
328468907 971991152
649404138 891863876
45253073 115391910
4869947 568590751
213717489 821152390
751435982 476222223
231106593 888726660
249021011 499362641
206619594 791622854
388488716 757742105
580091432 175185066
297896530 318388107
800416461 930867776
993880590 337232067
286283806 741203148
503733568 892404814
594597844 717814085
932749691 99352239
206845820 288370392
633586278 875824859
187318519 808012646
468212285 662317757
311761659 714817538
540615246 602790835
698876304 483341684
284906365 901835535
355061396 196178105
835016384 610784919
147935800 470648704
12567972 769189125
545848193 299164846
333822662 164401799
564908232 391584987
44673114 889048384
71841850 210244307
27193512 73892293
73240664 507374615
766981259 9009057
991860856 628020569
159343600 144899538
3025218 242489091
744919133 39558473
316849460 139065777
563443047 923293551
193186079 3322033
952255289 987717275
344679592 184340618
595193620 71526045
736412359 406503283
441963466 218033974
741243467 361348568
172696130 555588252
502734421 466610393
164995576 976161275
285353688 169035978
373899642 578980335
31940382 750675379
420148972 543887115
761126983 752593874
886108292 695992917
762054081 123281428
451220750 499965383
112720338 205939872
677500010 188029136
69267985 638782796
192104457 948921553
631649264 684999717
815342451 955726241
496421164 696172012
937718980 118239753
38077019 489258644
842478891 674117704
792997736 5107141
646326634 398361232
372936206 101137244
521736793 979591048
69895774 257070056
53273441 423744200
816734527 709928238
507348230 625049952
986745576 427913894
825692503 38727249
844127080 587758076
868460668 445908754
685551391 669689745
528695088 968917005
190271299 55581431
686389571 809763103
51685980 834780024
75106839 49731610
521821383 7019663
873293093 140326728
90147127 72987245
470466166 266169823
739180847 431773302
548264746 956938382
449068426 723786690
188953076 350030839
869050099 12907421
929684379 882109233
90713709 397648390
139613051 82560070
587806157 19399219
637503490 828742835
110282810 163257100
42351412 260312556
966468276 682132396
659370792 302682581
111840394 923604964
172866184 71311178
846856163 791215287
726823189 221025944
26892341 865891551
959933472 987430402
733646034 514491718
59858193 362188349
416965975 427452813
435241957 992874228
244663866 995186825
890870697 36832069
660567877 819599553
273293056 624240193
928970260 727672050
209290914 906704752
34669720 403579019
20009946 420091723
495895450 523689010
432709895 139113408
532989742 730409533
984859164 518505650
2160962 962183993
782939424 742152310
684864027 769522278
469820079 254259287
932906698 913015352
30944887 424307987
857367994 800948440
30150074 977636188
168078631 355398817
389163476 855552088
183716 939288740
408190123 282805793
653161108 48934692
666305856 822372422
538114737 730572828
794293799 195272776
627982472 762446260
159739909 119927325
451982075 897454287
908083735 326678704
666582462 387392384
400259756 223171167
392331739 788979600
964380582 693443964
53239342 314025722
454502141 663045325
55560169 125258862
123201339 240376845
674722577 28645330
817362945 771279976
2326782 742595260
381946497 732860674
175291105 932402426
861667842 351388529
886359606 821799178
804238431 985692222
144044373 569614498
583137928 349924200
567933415 928284969
338137344 755236066
343301992 815345724
197642333 306117904
489896874 387967018
635110859 336808269
453700434 30143095
812422025 97007720
275252825 105901662
278479210 162060066
745121932 878547272
802084182 608269490
471796236 16187222
823086022 396328769
600467407 447451
774694988 110375023
2014238 826798563
24202248 535890380
260196117 460588199
21614131 298557791
55371558 395646999
729746074 79281699
419971478 641248087
41267736 521323653
464534270 844189505
477469987 271741671
754106315 544295648
578655297 598961696
376429758 638488563
18799245 481631738
586721133 683704176
633060919 421026226
70724799 629145087
63535361 19110523
636513141 535353467
571334851 617331196
188500125 427292788
803399656 585575118
466590749 281831600
577957359 7915775
993441582 149432741
435871723 166339730
229537501 409884160
252258563 568940540
157736075 14915362
129954547 480437416
264369774 233859486
353285769 587718515
244488206 16934843
402529320 503999793
694215369 714448888
249769033 702484263
715267664 224880004
715575285 289128335
23533350 834713794
738468172 278519319
748325161 45328843
147295234 561146977
809174018 418629355
420494813 226597509
983787443 303403298
210691896 168240011
331635474 802275492
667306882 453147121
973229639 61149017
155918783 47872554
192054096 136056671
923026694 530917662
924739197 67369860
862631170 307752100
910014197 498474957
449406577 370531340
226328368 945077233
142402472 560499350
372956538 50866141
70499597 891149819
264641654 977615411
925845916 931293923
950082457 855877828
696366947 396861805
801081259 369557785
122711045 949995947
499606346 622566127
772912442 616484899
642801510 770545334
30361934 148562511
555975622 156066321
174233502 931978014
461219713 577440857
414837022 879689585
558643590 102427419
873681109 123505310
242178325 974229141
255814751 397740784
670580291 472319549
98661483 261623334
30451833 160724282
565026106 120135152
301848823 238319336
665536294 936053877
232261451 465883993
762543897 929370319
928247258 153420751
913329937 289164
876367966 429262659
421486243 623053616
319819365 201066208
743367541 316590255
473873359 840649353
12916673 27511282
728336721 266075471
142916826 427047003
279280885 42353148
134420383 78750010
968293016 805705611
930153737 929736276
592845930 42877868
771197091 9840741
309189489 299780421
982673164 149716377
358156295 376887533
156026487 505884181
220566103 216422768
277258027 105087085
54057187 587360845
103840772 448779819
747930370 314667578
487361264 735795279
923587931 159200159
166788467 735671241
110206571 389067031
285391139 574465536
13619972 632971762
452745261 655268175
739406540 941110966
308836814 638882179
477371578 833383833
149054170 706390111
288209821 628733704
609906233 808213016
466562196 761637411
340839781 47702488
890925462 158828863
253237486 493708863
507701740 119101027
387330294 390067678
170842803 810858444
134278581 383996858
246761307 51948649
740368373 225317839
501258794 812879967
428990871 968394634
120396985 601321862
394278413 865925710
13090933 307639274
191527646 60617711
953202464 300320331
778151973 673613627
781835086 949986973
172548370 617257581
333900009 66745993
58296935 25544631
908953005 135421930
269151485 335296449
802527660 652478801
956682813 911509540
561641419 261118593
196098216 175585262
858019395 93769972
348488271 89023522
496244513 807150677
156643162 33969206
997777607 824490755
6771844 491574931
582190697 81325716
440180126 412282136
93929616 683712592
831113737 88787350
472823194 185081265
19298108 942185045
359453240 29152490
961192261 73574030
276591087 168679773
73554239 55996655
502912920 260814883
5491168 164554268
154301920 996842633
29275630 657949992
694552521 197149837
80937668 350887968
990345511 851625317
714393810 795219584
16359203 40982007
41740825 489593787
768753851 98018658
29570228 34046903
354021184 608349044
76578635 976740174
612970199 881594674
61739933 499542223
625798905 441815892
969559808 197050491
88265459 283308230
943945945 30551815
674908774 39345960
812967714 564065314
20281800 654167886
116464876 71976164
866644705 746357185
341734618 600972900
18674510 622881596
850514339 272251942
612151043 58367791
309665425 980673187
926946498 61589057
402857988 227989963
113158821 513085126
13112304 901608319
862282905 757314893
277062235 860133398
33111262 361596692
109420000 906633945
517836429 640315537
452039726 11439752
725936651 18335723
66858633 332722643
981402007 897688447
53240392 559926241
422940609 584428125
983232854 129409229
37833200 202177736
171031218 352445988
535714012 887690937
888068847 309018472
356098322 751713885
236985524 392137360
253025139 637565074
782711100 617397382
497024436 350735725
842459351 140742056
359625439 390945975
16251239 131462727
952706001 597475948
114520293 337148715
686084027 2280251
882878938 77646348
523023521 38729993
829687783 447227419
779847646 368236398
366814781 208151671
207666846 209788982
347640356 408795320
576366178 877670369
813206392 545689960
656166271 936790563
945755432 228836485
70087070 82652773
230774198 980864000
691337791 7713345
826656697 654594625
690646320 664594443
405125726 869420705
128088854 991051587
158015971 623505902
268928492 441531684
53721114 777315051
444183421 685616920
669904108 81742541
486999532 555542849
865740500 3991486
83018798 865471218
957109087 655272799
401552011 775033651
656951219 106320703
493001504 729630017
371519749 952277349
262514272 165960971
483087649 938139339
356615054 720769974
766927590 455500255
36823364 983888923
16206022 584055556
556054000 48805187
727635787 193177872
79288402 755409138
68260749 694152652
549677055 214365210
534584766 189069943
730072545 465360739
409385887 638921795
116612277 48826280
688895751 133486806
838302091 932759165
439446627 327871178
28013641 647756451
435512624 54414894
580544552 260958355
563705987 880422147
570539062 705848569
581680002 988511167
58192338 950899509
11761639 2395085
70123316 671656411
947007108 283519500
673653731 908855091
287151034 877868876
931484988 566400443
34363904 859461844
96412913 559546528
133640804 693183198
645837704 581056585
700973826 68243225
786442456 296470220
837315470 234092838
51819150 673838199
829768655 28683036
296816303 78789704
824190497 630536709
416452620 167481461
778829810 781382238
460896976 102821605
552399429 732959898
549051127 568018357
126485043 959586719
547170003 399058869
35802980 4500807
29498760 866767080
416274075 608124130
77918610 429849351
220147240 970760111
953347388 359301630
458938996 780394342
573992742 833869933
96607353 964864689
676454599 390089769
225004614 988433325
857225448 876223161
930331007 650945646
338691109 728552921
442096603 947780472
942751088 193271802
857953189 768874567
535099022 240289984
44775995 174600136
562516120 537309571
853459602 584327389
839271547 779395535
66857392 804552926
910244729 5366756
30701360 707229714
474675110 343261494
17468866 747466298
17498730 152622829
609422248 541558535
59287302 186088039
699759419 800878238
572221192 221146545
70191459 30438939
129402582 121431058
586860579 26326538
589796393 32083071
46525195 326843633
736884878 266872873
788110275 346601410
863146471 288201451
217499783 170078825
46321894 641471452
351305381 437965380
633463706 761049027
388680449 851582117
6543835 763045789
155019922 32700752
335241692 224658713
458246882 443793668
242450082 319268637
358537873 590104044
119982725 716609087
14311378 913404970
136560564 912533836
72913133 188738644
527028400 619084228
784949949 202746357
942362828 288598107
884611375 976465931
7365299 698741114
530192841 417072520
12953826 523735485
747697184 546472402
594652203 482867827
492219488 979265859
767132720 106157601
360057799 50780586
723763693 4087038
66221865 374769351
139300910 49229687
982077807 576341715
533141012 471612590
250337298 44035830
324198293 972825332
738695073 595099599
757274105 647211091
759290432 758424048
153028702 216902918
659595813 929755744
102630453 737651198
31612955 70229783
59749313 364983646
55012356 56382341
213813408 918214399
195867473 499840267
235511867 620244206
39528841 144158591
975880276 930045929
889125574 543248813
963923328 624322534
645526586 210205137
111758761 751247500
264351398 711758366
406876300 54341048
756858594 11902267
295757882 194326521
325334616 982012608
13223830 368036117
222458761 718080957
160951518 650965122
7651975 393117491
452453915 105912301
453594489 211308185
339013039 394207158
144825626 939090521
875552975 931208049
800090426 201430608
910017029 618620519
918157627 723760721
996393390 784664596
294999190 454281891
999921274 742418599
380306260 504958
57596911 998200708
473341589 536386194
525303015 152294853
495251724 769697153
280500238 523292341
674490240 486247520
864320613 22130259
292868429 7219001
757440449 897393110
860516577 411504012
159392076 394053155
835312704 704229066
606687747 472313944
140062081 86278872
430476598 513273925
519177038 391034002
12083467 454024941
660558184 696244293
730105596 909112074
41713952 734144564
820685908 205170054
762995167 140677396
35602613 139896323
924314015 60048527
771084438 63577939
21887855 146266053
772856254 759155713
814856692 26139591
607172555 939612870
621401059 495521307
560827053 322741013
601450632 586974011
454109482 692136336
173794882 771906837
735582555 650179728
788329732 1588619
489642286 168669345
243066581 30538484
947287779 979248387
19626065 873237147
541063567 654899242
942367014 322121020
831461788 784811071
45233303 746806666
756697414 250936222
457576957 585168043
680037663 449748310
23452480 632426681
129279116 984889771
13399907 874447170
38713413 862406295
44371703 676529097
388338907 894059589
249258146 179949636
156819243 866300309
390991777 759264668
228876523 64508059
816971331 244975152
26988324 78920479
399158890 91657298
277191861 228706078
51652621 868974280
614060749 636336968
570977209 34475340
541178226 67654528
642834188 578280717
525946877 348263775
24839992 474094892
7247259 177173682
305527175 518626112
906011086 885278711
18973137 493690834
532810986 517508324
303863559 831265505
735488152 933657824
65044395 118038623
1280086 10973576
48479830 250164403
725703157 87693611
714059313 984738101
509152794 433978190
914995068 68189876
768037054 594758953
39040009 572527604
447304111 645764648
472685507 144526889
604986636 509813867
642113825 389028221
540722124 480956743
671868339 313090960
501191735 809309635
694413469 198926834
224633451 346451739
998539541 316300970
840884441 693343040
238493416 842814643
463112390 819197270
219601651 844782714
651367115 404265524
80680875 613279841
125239125 95763688
274723222 913559871
421785382 824132401
240746447 220869342
950864849 32309763
505341062 680630395
626442306 924406278
623160701 244087114
706068788 373224471
473007244 44251886
248669625 584730054
614412318 726515718
296112053 495666646
630711218 19132572
673047651 190015680
827842651 774527668
141923535 81149233
846128448 923618499
987690586 228089991
553480221 301694003
851061562 859915096
73073599 165982692
802921207 886750699
576551564 700204711
667581167 839906493
948622074 800419777
922494675 577604861
627512339 143055726
438061352 346272016
464301048 313040220
793105350 901997838
53008986 697690923
61636187 545237827
637149442 956934387
249516267 879655087
634455114 407094718
939567174 893811078
959519649 759392266
185553560 841033137
816738827 403401289
941630942 884614475
70268575 635381601
3940969 950928677
674184456 210147116
781982557 717044547
720784900 763935480
434908981 805862237
434259944 561011208
764022845 894622558
782307098 185175570
986062102 104974312
74796694 849551295
304204085 748472526
359663722 692892462
613471589 395089304
69020728 874071153
750311488 182319619
314685883 63056397
540153530 373033599
613899580 435004287
684076182 343419055
789816345 946069938
632325359 851630061
891497286 5908362
887071409 72619970
805624266 464315485
70465821 62016114
76128577 330947188
717001800 501486959
5475930 883018638
167793052 767416801
521709910 948368733
926148694 18491173
400500367 986537480
746455558 196557130
843048687 861663399
37364498 645168533
598034548 970615242
808657716 378660606
881641139 284365810
384300535 485757617
767880018 965923861
281461566 224377998
229478028 237438495
192040894 767296425
92006321 635545964
687748479 492011211
47686562 72913742
691039326 68165871
656967514 919645583
448799374 163540422
147328097 997273316
345564434 357662260
608900439 411822974
924063812 337007824
398335087 37770621
893468754 151126632
192966128 324781435
639605180 602544763
662890678 344748799
501285335 549877693
277286575 866944263
254390093 787370134
761521503 83795079
877607578 543071139
876521052 839379683
10024592 552911923
70645202 885870199
427858132 900673228
748987649 454573840
401814112 66031012
45950137 296880752
294483967 549029160
215501798 933781710
702503636 670179449
967262719 965226836
732623059 463508969
756497813 883087008
706981190 187620226
462287562 575247171
707815753 44469120
314609110 185720389
329727054 32970962
251245443 34668447
714286234 9701788
408080818 673184959
275808199 515816889
670646229 924374280
225137472 549072690
359411571 353865295
564454599 437734088
196865191 800788831
510567155 585941615
113995425 526636661
126639530 984869840
412039204 309551557
14189738 931669190
911116294 9342964
697070088 30129633
232937907 635155100
24129188 30680807
586462635 105053387
43025592 25659214
876827135 950943620
712755284 631526597
685507287 977958460
856741334 452548009
90241775 163947358
70358132 457810318
692280342 177241288
352464570 639503807
336140205 807168076
18691840 732060598
847814446 824100912
937874940 65236387
875259043 46995374
934714672 772852460
673917738 471914357
516205942 398161063
584394616 18008614
173903227 739674657
717811795 367001815
599919680 725138778
775274262 977713043
962865563 156735367
2064433 751272408
539414197 369986959
496710566 904185624
480237194 731243662
990846349 459411258
341304940 638412374
427050641 461774614
117937792 582182377
596986993 811197692
266103358 120132607
323945088 451294509
783423733 280142726
517005862 913888863
425338438 729071133
769313628 333405758
349588133 297191577
385881395 480927206
379136987 857896832
619015758 47256681
768173446 604124048
595692900 502803792
880730519 344182329
895332799 312899859
151158994 267814431
819196863 697154976
252810066 67918745
89253208 818479321
957915395 269989173
680854160 179625749
427295270 474895410
200307202 154068893
2588112 956766468
428119389 282577201
100267116 100374483
965208549 72502913
567575605 562560252
528496881 931244724
771474877 535282062
528914540 718083557
927433321 175878095
193379157 240990625
973436657 654620597
410751551 224095594
724671460 115741549
196492241 557040439
163364386 509918167
806733126 752215026
935880545 602451208
323828462 535870456
468194985 926612167
186779820 574093213
174246104 281457936
44739190 111071141
913264926 953752724
261106904 110863820
729219458 115451703
256736626 90665279
240591708 682775697
208538485 456948513
647774168 834490990
735229993 680946439
801552505 844689742
569055082 829629308
847818644 385575141
804913191 9760382
637878481 259976348
693431522 314341886
420645294 46351885
10595378 166601828
595067387 804748172
488235332 682694921
523281503 432631961
935875670 357350587
698803921 565485167
13177658 621570621
754516768 759023224
210493913 796622532
825692012 952709334
152107694 698889851
899901098 920613084
992681798 157538560
300966180 929560978
62879943 813708773
528801015 384762421
755288166 538014000
716674707 904051380
69803502 867016667
739529023 936464437
546773569 615363668
160747410 179061134
892054479 359381758
535305210 906429388
293659424 612624046
330146105 844592815
757481808 135589168
716673764 137603372
545264269 821965760
759768547 932605418
704794267 908250001
257464563 655998917
997443921 128400969
567119142 456881742
254620441 707865218
197242466 899336777
89811315 975777866
197209054 10379309
154572659 922365348
17367208 683302569
45538366 374295302
19907105 67613977
902593938 525850585
459700864 798602773
731452475 235108093
632356172 950654435
196956318 44683585
976147427 461159679
66318129 525358063
46029300 278956698
49771778 786196798
400138760 130360087
28384301 12943069
768281077 788202640
15666789 878166640
838657898 32893775
916411764 863900683
841821798 558548566
715260339 571623096
827270080 833682391
135667345 387177207
147166625 54689213
948969745 59131192
296182789 12135970
754344524 632076898
368793919 649302998
851517419 72207440
167465586 49340126
289197230 837965391
223590424 999439602
784642280 405027233
878855806 509279742
40734976 179300861
427173446 938444963
860413939 585353741
907171044 857284275
26733517 584046574
69819681 73738167
538649139 545663411
660725660 57575278
390713052 962312675
508783428 236187204
371975699 220627959
2907102 465420767
261903670 25161949
670712966 446594966
528982842 218108791
702141478 982035191
942530853 176469276
944067072 70402625
392096402 342635030
323949610 947028712
62748209 668345891
628785677 931298837
301921860 266725620
754851045 809336099
841566500 419322545
755062852 392214051
81115578 201785459
652067471 650891352
946851846 833089736
459242879 616544443
779317659 495620147
335742625 857720441
682611232 27041193
876269526 649211760
48916944 155946773
312879060 643615926
438794236 19755988
442167971 308948755
37729668 742679354
874328609 868549505
288676707 590636300
933617279 859490227
912280864 596537860
618499778 414895755
660019036 688614993
622981443 311825570
455515723 879046675
343872559 79717572
858609715 513280995
318111239 537840753
811306479 874688841
498570785 24698974
812968814 407197508
812145957 425152754
860741685 809613510
777909649 447073993
671928281 379380021
333446198 843169588
40538758 375179499
795357369 103465143
401819002 776585654
585297426 19346825
88238986 472789849
753758992 201972248
457661853 806758410
974617300 283694467
344066860 663791858
42490704 778396190
306612936 283994800
356790226 887713778
569997972 914246102
761331060 293589818
173060294 299407210
928018344 85358823
546683946 118633831
538742451 599550748
635647136 671286073
306283053 467805619
744905625 65785923
55742340 94124726
77401246 616028766
792634491 970933991
848920008 372622929
495508389 834876984
725405769 492843098
378444011 767613012
427651298 966407852
583409675 619922708
731957355 327651309
932656917 12371722
679492686 944678840
815484656 101601787
214400780 483920666
283048915 144208733
808562871 688760085
203374029 236444381
852447094 186403616
403478846 999546075
843053060 313629092
92864348 808583404
116848177 339648641
568755887 746362454
158901599 339042183
539849620 27203736
530358535 977900286
173248702 145155040
298534194 213045278
981751728 566344083
675282688 862482839
475687237 998413512
273018148 56939531
908318248 572313293
159207525 300180111
975189852 379884449
454478879 262501165
532813494 777135736
286619328 740848485
82650973 968783419
25999948 15688871
389467729 874807813
434439386 79636699
86440673 983698854
873908500 115187418
930565940 192325156
871091899 844304114
307468481 222524981
742544160 422209381
50286294 508226246
206043564 128895211
991567126 733161336
347999321 531620652
903243763 281234206
355961911 2217797
759294264 42580543
827920872 443065933
427968129 690189723
773455396 294099398
498054080 48982686
117570102 158319659
18095035 936139758
191645821 3767146
812325001 913851363
63333612 352247654
119716888 61274376
516846986 454878836
546973866 996054176
651496179 896612831
828668243 472240925
56846036 966582885
679770749 38833319
679300723 457262264
414167653 758818714
265967398 524512766
697219483 841029383
573393623 386445393
284910469 996368178
710968966 599428927
339785436 264399378
913499335 25361483
291321389 564243413
78687807 449700715
272693338 642193242
956095019 596248456
470585623 890856117
436772570 13395200
609536366 786537390
379179566 504930344
643770427 755698754
315005471 210890179
509889200 954494753
27108150 306779020
13372626 182154286
745136919 58155698
997491194 297899267
65492209 156614230
55538517 34290026
563072524 895625230
262990437 755805157
315903043 479829094
527349118 540925478
301453446 985481050
777225290 209190295
189677400 495933661
875658821 892688340
713003343 403906901
298804545 668241708
801395607 37065756
170376675 987012901
220625007 638504449
61229092 353775861
197392298 924345798
292112337 25359879
957005616 964254880
75439372 810520193
469496699 859867321
86715592 36956593
845807642 188648368
874551633 62045858
909867057 876924696
331696834 844660367
715441910 543707381
963692429 798085993
829403190 10745410
112024823 72604243
674701518 841050479
712415129 308308519
229134131 896103131
712641504 259609584
784444395 364112222
878177933 816823150
471048721 438213826
920780086 530213269
654387157 613076036
56342211 489859853
654286585 484025111
918250482 823407795
114656597 607126754
719908820 549214231
433845588 271886910
805113934 784992252
960296565 776932665
226803353 574532828
691346891 250193365
196968386 364759393
106233469 414283401
81198378 248311532
985393735 601123007
43524870 487719442
995918327 490895701
161827553 26758938
222074352 837661981
783540246 503967361
313710251 34276700
467016791 737442166
547870001 475089998
532069928 7062621
466998179 20435360
712035172 28826448
503997874 775519989
382917047 210482331
593748263 823290978
23841 189179196
66638939 50347250
79495803 60837224
454789312 738511651
345768938 964884232
949092183 773891431
760092013 98066488
31196472 949607076
567954260 567858119
494125582 590681780
259689670 11104696
195252888 830181093
517671995 10548679
197617960 502808186
224006143 277015007
160382503 762704680
44777652 113121949
305909904 172206490
337773522 716557784
299857521 661797358
300011550 764555032
413056365 739464246
69900855 354418200
670145341 645614840
848575245 856343368
132116010 125843887
417915495 606295118
608488852 633036103
677613404 395978880
839690862 147186852
284416219 507706731
477544383 14821659
309790244 30591824
978572067 742293240
369227596 606112161
189187401 103480823
253058493 644301704
23701617 644112843
619267252 411073633
949183224 173008026
597977538 808051771
931941317 198321535
899736907 138632283
559570647 613750022
615162633 671959993
813296579 960672180
591342218 309052289
532303919 751211644
500086702 488928147
528234582 999312715
335192874 270364419
317861768 516853629
970398472 211861658
358711463 934588005
556378917 16713042
123791019 45574602
715822513 164991711
605588767 315329124
61387185 491001890
511959202 346738275
290411906 641062324
112144231 437167592
635255628 698241120
922360245 754204554
636255635 424841128
156553832 718890195
934153643 860578367
344076142 670934720
533149246 685765261
827787851 447011397
713860041 235711279
133886101 240248006
491175196 279931765
623191161 520902815
795855837 935726050
392293684 16816028
200439045 716386991
340604826 902431106
443318626 7993417
634783379 195304581
275740179 385801166
528298905 213439952
180092176 843679636
462847804 945273857
780475807 600073634
8712606 701711785
313640160 964199476
234916599 197107152
823729730 894814779
844219409 322158703
533085195 208272347
664002253 50816756
305336276 774213356
418547357 924075201
579810058 329142138
267272456 930583470
586776431 382194757
697708074 332427394
918779799 297386818
332273968 108857214
867270508 99444247
311089376 534843603
188277930 192777890
219316239 966827303
2583906 141118323
591322665 836907540
166130300 802024526
179949486 781039272
28472366 153999019
876666543 680374246
71859333 68214836
954348372 57934658
53000166 961393998
255808601 314459434
90489730 909818249
147470221 688718201
485181923 939229230
386441810 393092098
633477480 817643194
416340511 915712779
853591744 982109021
797680897 498621902
124867952 378741114
477338133 634382586
403681363 879408682
634831376 886457135
336163350 21142713
72484792 285749638
916389304 60174631
404256872 8968710
541124368 611110569
640341136 380166705
936618822 42926118
496955442 186255222
334313816 903071931
618357606 20729788
739625623 475522615
785943255 424981470
302385960 358227871
409098308 795661864
854266500 142383531
223671040 646856414
547466232 889387847
903784563 6987445
586837797 152134163
734080150 580918617
284600449 15705827
932096634 636428775
839520724 239596096
367830210 361083760
660265660 124002533
80815653 943117179
486572330 510818371
415613421 123266179
54884835 549563133
438625402 839161460
266643712 40428396
710603712 676635443
122432110 395041309
824655813 782555923
232581742 395241039
299549476 953385313
19303958 274998902
681030540 226588889
422489038 600122042
261317186 827310127
296408020 839777144
743730330 438582919
457304248 293215680
83049602 711221245
349095905 225101781
492525816 876085790
211567111 765484464
478742159 80392300
162096055 92114301
969652206 931672286
484740562 189350940
839110224 291397726
980475405 929690018
82061829 603873097
450979699 732437974
976325360 957943283
612121310 577785013
788709639 94689568
477708162 638563054
721464535 622220940
541186914 267696742
34293244 480686436
649227225 267507380
595570093 646964939
156732947 997796262
862763822 89018966
364066705 618756027
333258844 517999248
645209768 983592103
940869670 537267574
79852290 781201363
627589390 662846716
292578844 623659226
8252843 962079623
910558151 751948813
579732778 974108785
524245671 23379183
916759497 837844104
2861750 33372857
517876570 407078543
133734338 371032793
564736966 647489467
501679595 83213675
520571784 871960631
248747559 51179973
231311405 406420385
74529982 354247921
14083803 388607371
707161037 652305449
879000775 333413882
508163015 375479646
591132605 200291818
728148975 153907635
603451036 448068553
158886623 791909377
239403479 75960312
657182469 302722388
673336309 168024397
992106273 740790637
455123474 55132563
489441992 136364862
832742492 53961224
663646948 670009713
471703191 45154270
540942898 875516642
45936281 333011131
706973122 861793056
78247631 492289850
45984633 152698608
20875958 496273255
761797779 30025416
290714467 905560902
680595995 199359833
175631868 43582796
318949746 991342591
801814076 527445733
454984397 1039694
792729330 933279981
465142710 262580626
651971203 79074359
89661321 968264003
838249315 400983050
259198968 879188371
48032415 283542686
833887625 828928741
706368088 556775331
624334867 550160211
665485886 389750970
768089924 4294439
742966297 835072506
724155166 845354339
614783557 990816364
843826293 501599290
843143728 739588239
781360499 350425492
817040605 400263894
185907732 68631438
48373605 514230309
601454762 706626807
675652465 691861080
58654809 381145556
438919105 740680891
243444637 839222238
820670632 854321299
946990273 197828351
288766094 861677972
691423845 850165208
558801005 683949672
743626240 326260285
105293908 926210351
230305371 541412791
692242407 381666297
51578898 72750081
79240925 112864590
485819927 86116749
968095105 150586534
2777647 766042109
755797297 622241522
653092211 699781802
749813986 866884369
707604688 723310879
484439450 831856219
315217288 16259997
761879284 456179994
852737455 552544666
384859040 262099723
114320558 980134460
539598305 6854113
519299011 971187423
723350541 247528388
275199615 370361236
174202128 851304395
780405575 182100382
509932777 312694405
202773460 544940023
983610667 605747316
77291955 987204041
317023613 990984336
226687686 817236214
814947355 620019905
258949569 721283729
803049043 200613477
125021869 200782690
84504841 574996176
810997608 512656486
162310452 358235079
869255203 227626828
300993630 153712644
600320995 586013433
164655399 459934645
129791 250976261
441995203 785940733
693810601 932988220
384250488 47552113
520231007 263676959
846050849 950996381
734292086 910032224
18157741 584479613
491109015 495498601
662758305 69665027
685491520 982757589
336070802 422016407
483244354 10583796
671053228 249265555
429320769 176263245
720378925 101490371
320980792 231024405
729273066 512095467
437035763 40834488
746899146 173194817
753355923 976532313
446217030 687945710
292812814 659424841
151362287 719473297
904263340 398376081
925947880 11353275
438484875 982621806
500178023 952562037
16926748 313822416
70110008 645177526
697248931 909575643
493113403 959096814
272935099 361363814
765411553 499274878
944824272 180383102
928959667 223885885
20491170 818934500
817069515 680136692
706574025 47212939
8374616 448388067
519278892 54105371
62418974 88633402
902536329 724074865
446967540 853129120
906851057 563754780
42071363 311808432
223451464 984432609
483141519 996376438
279295945 55128375
7298023 925753335
96920192 979354317
991243891 371260583
879014350 338190080
475926510 166372848
63332583 761482086
784179240 150708145
101709912 144329542
18695299 969350589
225899131 955862556
505727608 637538392
831387649 428647449
225149968 903692478
511612529 210010785
80247915 861355420
300221090 41048268
596059708 359143316
604987715 159970277
457643594 323775933
423419732 618492910
624509937 69664800
987667114 732368922
63262622 743001662
953834095 813673298
835736920 342175621
314840992 815970481
468760883 282657758
153408909 187494408
163220442 317480482
381012572 6148698
284748046 665205407
832755591 953581152
914842144 51493783
348770905 349885703
462810745 326841793
284826741 59764205
853814291 481299655
641109071 574381032
40609277 457334727
619881905 596263295
312485596 801244627
391356984 53111662
665388389 302373488
846318036 656013095
715786468 207772186
261528395 181891916
486361016 55952574
763249847 447715382
957321684 717933631
966159363 418773617
530604351 88947955
557762418 819906878
218077845 324419107
721978904 365073167
374381956 210078862
402196575 710564366
784901456 108970214
214263939 805370006
888011087 673520720
51696406 39390135
131689837 618603753
46247805 9595320
611693225 70961211
588748914 10326670
180352919 389188045
336897152 846837861
721869020 929180561
799604362 225165855
455811509 911404660
318066244 718952911
333438065 380947666
66266806 764346686
904475378 859455742
79233218 821392999
392077104 836211134
816721812 5957626
417917878 57222347
165113139 372144605
50463778 284581207
269476088 591468966
725095849 854193280
98939408 503784226
560594833 408578525
31006717 433411282
621188021 944172538
127626003 639800425
575809285 812570835
693144827 902333263
933360132 815048283
818856243 239297312
43729224 767410936
282975628 55869485
897086973 493824005
511081131 541796347
876828258 955369550
302378121 456759744
974728778 143641751
279481076 943558377
107495325 919969814
30703626 918306198
305267413 735169781
312189637 742156059
222902145 810789073
48352106 732458113
596788421 422498621
581353497 881472259
172255703 980842560
423828288 709908626
354958980 583106770
440385063 327792722
332923817 510159715
647612774 556252955
922862523 46469717
368960874 35800567
34109759 24393341
671898357 616593579
709738835 60021669
496434074 29832743
6555684 218363149
434166341 399247637
156978549 665280997
199316401 812259920
569991966 379730389
528410352 320778088
261601162 295397750
919854566 76099363
492906040 133832406
728483278 229275127
26384443 740918775
394573748 187038353
180024506 114677072
659484922 75579986
351920497 304917067
841694163 191047116
121852718 488584646
468592586 584443210
412905045 916404370
42092603 780373317
492484444 551669751
422608602 704293615
476549967 211554862
231817257 669634733
746494030 474446565
505180162 425880212
426487306 794634175
920533009 488104691
290324044 899310801
14150234 379524810
433436014 171772198
972712367 229644875
226923231 390439740
380199483 358894944
552946083 11990405
721146363 997605412
805810385 399753958
469262656 65576295
322421780 375647035
416877358 306913584
20261418 569333714
474617408 485427507
506251112 385857516
900324546 271752543
352143924 476187967
440853845 2091090
545410954 46775925
50889070 760133603
516817272 303510959
934475736 404213143
302399905 546109692
605825325 65120044
765548990 437869283
494292065 72958226
732462104 294823134
831202615 944661740
703927311 66552795
597083850 284294675
259384982 229750462
898063366 555138579
963150516 701314778
960217132 879956269
815661573 558069884
700868433 786293460
649697592 70526304
212506335 865120816
997193871 281174841
455011859 342259357
164035681 642883629
860503677 152851500
29189018 13184854
294073476 781328417
797872698 3533634
295817183 235451764
216485331 504554613
941009949 744724817
36704780 746260963
56006941 560525208
835378976 91810167
84083607 922632030
820581471 71035534
53489042 275646313
215044267 737580155
564344555 430154424
404267772 454908676
320140757 47297272
72204508 111557348
309174099 699864848
691849453 28269639
604651455 215309207
371261279 851624274
519603015 783958872
317956730 319581849
43877482 54217173
732379418 497396646
972727936 172995009
687697197 147766649
686058032 928061829
365620279 751447298
692738551 540729276
204871630 924586921
309686439 887740342
184092191 634042310
769526758 46302199
312398439 178190633
946955435 636935355
180501882 375491988
734844868 79269993
794009152 740330812
260046419 982211619
97755699 13567307
306976332 225631806
445963747 680334945
728120057 282686657
100412786 769461519
62090614 348824041
968910104 418255450
655093045 489963685
371872159 14046782
31331962 556009754
122947816 174999080
209079522 302867744
711723621 865094011
3334101 721556674
988786589 643321356
20069654 133702339
133229740 342140070
932698428 84322580
827416767 437661063
408309293 631694687
755381916 701420769
578701224 66297215
341202200 60331352
645425599 132895749
958062495 443057803
987579221 648858804
50235057 56190341
35585187 700014854
347973727 351122760
499814841 43571876
963100881 273865034
734037749 203577843
429730499 943111158
863843726 363574915
953233412 873134890
492048909 509179805
981985782 994043064
390856398 441861822
798552592 143344358
106603651 632319510
728490591 354613486
68243632 60185864
557622784 469692286
165339185 630881453
156735912 622481721
641016752 988730450
240942109 414193461
570088496 128548341
41561786 444622203
798830980 67234507
481641967 755644298
134264024 59832253
42409917 483417300
331049255 613536231
59489342 865486143
475241411 119647000
79514653 866360741
92572881 209796693
498008343 452967509
242902985 508568662
668606592 783670672
454102011 37236230
30540223 236007437
85632261 455985928
707234512 232829301
899093342 883485229
681434306 464837351
100345038 38971390
661919798 689905014
694951155 256258873
379657190 519351974
503483838 484501324
18056474 411804914
638058483 906802395
334885430 654074953
154659757 209388608
803487528 476109452
503316696 58696710
708401658 521473042
448839605 122633580
407146822 83390501
789274970 742463720
136998587 917118338
618893359 370061985
102635422 449693404
167800946 655597300
698875203 155584346
554170548 931970801
719314328 108723988
450173530 349816027
68503962 110313370
397621788 146507947
18266079 951715950
815855753 680897677
409047307 442258309
143444609 749572450
879907930 308752841
630809018 258644796
117126684 344684442
307946812 882230757
163629620 209402184
118880741 412748121
198882456 288003995
453188325 130420295
116435413 538008652
32602178 495432340
14939527 543549065
932012375 196173272
454102245 778299252
882092365 699737567
730209076 780562085
337585064 199836457
105883214 684508835
48339645 583357802
279948581 737616239
469717556 572651530
33247802 952603898
307072907 813311655
819530789 893577129
563409554 506229134
679650832 669920472
130915824 615940678
100765756 991113557
107294620 771485701
494108794 133937120
729287013 595452985
658989747 708019634
588769643 94506753
897390946 449429235
277107363 183561136
820547092 328078146
796018007 122869073
510530031 978532912
28114339 458451742
742657576 338542533
710688250 727696647
120849547 11739386
322507680 520583217
936959991 27356733
31142701 674982772
131994847 807631346
921653008 311393245
792990154 6895339
991328776 444100906
161185748 452848375
941658029 210616912
323343147 32539985
441674982 751380984
783854483 197019948
967047280 633670398
834340067 747350062
184154973 9457
983971717 754886897
426690963 555260054
228837625 763351940
126827081 319831141
972098643 830041576
412676237 327794953
119345849 848791700
29029313 722150884
709454822 7246064
56072217 205258122
57063081 230551518
172144415 992215617
578519399 128459309
419575856 14037126
350157460 486336804
957180156 212725132
980971838 259093758
873375241 529213364
587376003 847158119
354538288 656019222
860645654 916362244
840147999 588105728
309497790 15940327
17492692 939239792
522661847 814440224
466121258 245006748
753677007 764807976
216027716 990161515
156677545 682714483
218258723 737504762
156088702 606112488
171377942 570997529
508175351 715879775
481873731 788441547
865472468 316205096
137481251 22971848
328166760 171158661
83976195 498787583
350515995 680009259
293002117 568899597
265641447 186943428
185820189 944468680
460685787 941215600
264973460 353021623
317303451 158987071
658832777 552786326
581520350 546854329
873926123 816867798
498860527 558651990
755805056 68412187
452846124 892195334
509653857 223161021
442145674 383203243
855693947 3189832
840034063 623197338
97371663 695422460
66275414 47897373
987264051 233583949
983768591 602469620
547714128 299195235
248840829 614558672
426340258 671707547
345046006 285397463
206373307 155522565
275709286 905188386
514515200 862574565
349779660 538849602
894261034 817269810
659404219 657094070
35110853 655356441
765154778 17107062
61851828 792373115
589398373 488458092
884467885 874442091
370459050 128119798
755799990 436550833
750296973 348630886
890259887 769174090
849662981 335562626
142188230 476552165
771836060 188994308
187913731 832621671
19832305 977903130
177718718 534028393
973684283 634152679
112600100 251153077
723577277 717777408
59645878 870301900
889215827 431767280
575719370 797081442
426403565 434603189
44221704 909778656
10050060 344809025
735666670 57077217
813964875 674316026
44144972 985044919
236180946 601491258
742731978 324584676
241995744 173043920
4588381 860410784
841840458 492686205
262938581 344558169
776113399 823036279
943164243 402740782
556722272 116530154
222582730 615976819
272910358 827826034
252111494 252972593
753398332 49745569
258231969 136548003
567305480 741671040
590646671 349398457
675698502 576184582
461494164 221349273
627345622 919716259
113769544 598823449
257483561 947758008
976499482 878986567
446753224 41439004
585577418 473981921
793639629 392113816
523345646 408748509
641884007 76741739
534296174 758339298
242461786 225820360
290547208 366928589
975729277 514593875
218307532 995926573
339296058 157044903
310964385 869012167
28713745 107931859
149758142 162433043
825017367 30224344
133092402 187158462
869984880 765780781
691844957 557590054
117220568 497223484
565830517 789838560
654632735 708383714
582522626 959939893
276280488 467202291
54541921 349382816
221008105 506872499
826788933 519252306
160186350 998770270
720986673 2942638
835786454 533135009
72711935 501326287
390634580 602664990
444250461 359972350
496056623 557100524
282653771 664115515
802928835 207549973
48292254 763125437
42995581 418029078
625425025 2530152
43232612 609914723
382840302 295736413
243059340 695440353
631414073 272045929
534727584 997913193
510939781 969204624
48944736 158980939
158450508 954829708
558673440 695837897
863590620 803923015
459522118 734484376
62897876 267123043
294308045 909183843
58487723 943018418
928346309 658969416
354651947 493847486
342358224 27032152
497371886 954669635
297363878 520343579
531877096 70090416
248648850 735397130
110700508 576876459
57874930 707237651
588324324 325546378
249101244 24871960
881453293 388617946
284273140 6454897
979555129 450839259
866789175 230332263
221093852 333428737
42523954 200190902
72579391 652455029
362035500 775705107
156953506 390524562
176289912 32290210
890952082 44797800
772115715 255225472
487065718 172054846
789248973 141625913
711894791 100220937
66223462 694299727
525098962 668068342
31252602 544614584
663810489 688927204
37657662 630925919
844994672 622540265
506869512 495050658
323437825 12348365
901304502 81524435
731031112 425657739
209060161 597584568
460849527 11951059
890857268 138288908
996268691 637625483
706429485 183848187
489352437 155231049
856265569 419250089
358708171 511914459
297995798 131260588
210059924 991806143
934860839 812848269
407383463 814198699
53287556 312469324
483246765 865734150
74801584 1738969
904679714 198251373
188173889 266836379
678150872 176769583
1166178 428721900
457524340 172103121
736121173 945076123
417644015 903677835
149823978 377997417
409475862 400392905
71703818 11638925
249553931 833139115
149458735 14837297
143435201 449137030
950537192 32029426
170044036 673029984
829017689 983066723
973603439 456920184
442788280 553964683
295001076 428778172
962611666 633607778
374516824 732213584
267977604 925885016
456960052 74389774
14382403 211863246
167840757 276918529
23752084 968112283
876622940 223410920
956849557 159936393
751503103 678717370
709297523 570233558
686140102 652602396
204912881 787822003
696684655 339748076
765271527 362062792
747948811 973163450
97810112 797081005
640301183 516438857
302412539 237315442
30603780 227918866
980406187 99187481
734805159 621662402
67468790 24766743
575066569 783669943
800609691 486916311
245602208 43607174
598360421 159147830
649540020 412287097
75170745 936464648
369529187 595448073
411202829 204984210
789204574 478224745
413683309 426159374
611045161 407697403
229079545 601233706
172442015 166835416
894219106 755033481
527033196 304330316
800585841 111317568
512989841 376950103
882395520 771336794
397860324 547684909
275888638 788983893
288812429 96839863
702042351 265050786
824793994 362038544
246659434 59662377
781607979 296599561
159138586 638751939
179803799 751987622
48359613 55004094
305777990 304273310
286417576 210224733
645494404 878900703
283816769 399400022
247901429 624365320
793267076 252001362
295936011 879199981
10608510 691840624
369380497 387805462
736985813 294040258
210601252 388232512
600929599 439819726
551045812 170361819
267388678 942007566
850261256 284777098
2520970 99201905
390736695 516479142
224354238 253566424
580561968 141206460
114959017 597503897
947906355 462658570
661171687 851953408
638248022 41932549
313264679 784155081
46136577 356099543
442153899 933231015
433349745 885790170
192606922 248746176
460324921 378439966
61115505 306155054
367923388 425773288
239329949 66125951
924363188 142877744
164949219 63398454
359561903 719033378
354824425 951006282
22996877 439169182
77103850 736221858
512487683 576681144
526390838 371800735
84503835 683397945
616586671 481824657
714936242 455973660
424688717 229695
335463160 662875154
473499035 385957988
236474355 984251135
74796600 308900652
793106173 133490298
101846103 133591484
546576449 408312657
527271999 94687912
788794434 564381954
242818252 754075514
617040980 634709571
234342380 371214642
713116449 440583548
448629539 997168320
814210342 384350536
15866887 744912780
539169075 228854007
827188421 151645166
348969198 158627087
509301914 86082998
493879632 901385158
565674074 863579814
95189799 762957193
693211885 421311219
655356818 311927161
749342157 144317896
39632009 756783592
705943946 88237506
549913938 309233888
737388102 778496373
26876172 345826461
369105977 849099749
897427753 965934094
981621805 184107278
61542892 979336024
932532227 45764700
60714222 175423571
476400429 747365173
643193247 652640011
376568626 565722475
790723518 766031424
650815534 830025162
552355808 20523493
525583695 439306384
897272303 434137510
671175000 809283054
38008743 552194395
203032353 289756812
699271450 5461909
259481110 527413251
341025069 571183643
197352116 77859170
843105817 516223073
364588815 36865448
70396395 557564950
711830350 773233233
752403205 326550424
612105773 976193474
169194651 966531197
962053499 730327515
373098294 423031821
49063065 462537326
290795829 678458307
920676097 654380992
844427079 89576911
667688125 688744718
543616241 890862998
914738923 51618050
874888462 726255665
223948352 299758659
14721611 421179626
149310850 752398820
634824615 77710786
761061900 358448111
662276345 672590830
599807054 803930595
279833449 420607061
59397705 721798962
470345205 936345619
166888984 846262210
621926894 644625658
455150179 712137837
562273145 136856075
863749866 856889218
579430927 144946177
585042688 861737282
503396605 723687879
897207309 748498020
69205475 566917373
688776714 362879633
45583162 752980599
707570697 39763687
309093576 34797246
427509930 960011387
872295466 893068
418475687 305348305
931432273 265231189
555145545 104741474
826970884 265790394
507911409 141764382
990567259 796057619
367904656 216803046
26794562 334729966
332058927 470118929
2392573 730847625
523197544 765277160
91210143 211710042
943539946 206812971
689480081 483936137
489261562 13329034
181787153 10086257
393997036 82347309
62106543 304031010
290192302 58140971
157022674 550020833
847571774 91157015
457858866 945240231
102999599 690648432
538466908 808317086
662161192 162540332
213185585 43131815
929093477 804247605
960655974 736864727
428990259 832046315
39030790 302215925
969950840 475855262
841942507 860121853
422708521 691079958
839738185 503066272
593568723 931903244
56014372 798658498
198675475 279253166
15205332 468773371
857876765 850885918
676270472 14056726
337664057 608092147
722173120 661771158
960637248 255449015
130950097 258614060
969600804 610806376
733765222 708003138
57923173 109904376
464193017 541600115
297076638 34737867
627232350 67556368
787923958 843937344
417099320 284025500
635345327 817290017
159651714 853499985
15616153 875789874
393756679 358476441
493186720 978311336
13089258 986621334
208921660 505070254
984914976 465141915
612872443 996384738
317946609 235424432
478509571 436034518
417951866 876943122
346324105 553367184
250508590 886993328
732728921 301326602
596346960 962749360
473558610 205744562
851323002 901957608
569894119 406780139
255007770 932409189
652620959 981753227
327813616 28167142
949312150 254994779
999645585 360359523
90742522 757702042
93885415 102944640
567571855 290203514
461970351 4234777
362753580 297643169
72340985 19047362
824341819 421881769
486877867 33344827
713598012 703272097
439747839 27312895
51307075 695807370
287316992 68607929
876811382 863762138
150113041 260038858
625417872 891411453
336607846 558676164
672002912 274406351
827037577 992075760
50375498 119162147
892050902 598380748
675686086 781353791
992456447 427050629
922233564 712784478
518601610 305021314
745248174 810415148
32633165 32070617
527273198 310549581
54864888 710520280
689748067 332827863
648125325 840172157
438895209 42494676
767864030 63937534
941009006 462934721
598553622 900089923
41556853 906450193
393202993 944948582
3780759 907756203
152403585 242447930
349053309 144329063
584540459 197519041
495148263 638312597
979442088 476881076
380938024 502990198
437297222 338350079
152144552 708069313
305584548 94713666
54546016 168142368
307494713 564425810
19167330 629095088
173856718 508531894
487672399 951269253
334905343 645167658
823743967 116831011
599327422 280923935
38046557 371148038
40829392 520014649
426693671 835023387
240365134 90474448
679719730 914581829
72667429 969188464
935540100 624234457
290562967 181664601
452833976 44012576
727496632 63855614
785767806 615615453
855257329 35899274
503358489 163482814
476007552 984572760
780460255 533028073
548649462 821538166
385538748 363535738
928072632 544764715
466490799 437846270
386156415 359791981
880505675 649725944
61846743 935853930
953197367 326700381
160602021 574556928
372269999 835035928
41950362 29349189
214667777 802143879
187018688 16253183
887622417 63517948
38373621 564327726
203185110 522618940
899932778 532557183
177291738 702415620
454921508 80945878
4324286 94938495
303264636 87305676
976939443 423649745
747757471 181695789
802881026 597731471
10097678 210264697
940768645 390645060
22918175 759653989
111480876 31310061
545258618 594251096
828875129 561172607
928435101 670032878
31803139 62602589
942307929 766585720
883405560 358147554
661881938 548396666
40476819 991115229
488603779 759924012
425875626 414529295
231467448 260692473
545304612 608897454
470267666 709737987
675615354 23254245
831833223 648052125
671289917 609020242
547851103 451536080
52382096 29422983
220572344 976593879
374344361 740508811
501661699 191988643
215933012 985298518
905187204 682420823
38474864 553209944
902495446 106475469
294797937 263817202
77058917 42484239
778232797 68688122
561733362 9818077
778597583 582197820
19663377 845807407
478483062 451678708
423463087 732732841
967779734 304292437
894893190 622127401
170660614 385754630
14575527 161436223
718617649 480453791
4150521 829115054
777375637 39779631
968111796 687479279
40495431 149755066
311825125 7307694
488670061 296320692
915712493 584102475
840611522 232537480
747776257 893685594
801852182 938900755
937583275 45775395
79075276 980048168
25843528 355280933
750007386 585902606
159518088 416936844
103577804 498245885
536066802 797623230
794447425 951432357
645610589 231829458
730451820 787471784
426139256 98610454
274381076 121114
552924739 516817801
989702805 897283849
714623379 869339743
225818205 839639791
171198354 461546624
869712496 818971713
593432893 387847433
831043813 244177123
446747108 163677130
914557030 9034673
246605741 934009287
16231091 399307000
432069650 226303415
747779872 207692539
447261790 796563591
196177683 278113903
104522292 281561560
816931463 741465855
7896072 313404541
19140236 533478345
37346211 735398654
917440452 267748318
745980069 394830871
742992615 948075206
628473083 217505594
863673664 667387130
639353196 47351560
832478510 31364200
287581202 547278813
86123172 199386355
939340504 970840130
851693481 59916015
738642945 962560376
450113753 614417834
399656609 377274868
913755618 936919007
543370018 938279900
484379144 310016065
242236352 588024207
278254753 527013878
67535628 857252379
347220377 369921304
533655150 410004932
169828848 32615733
709255837 534049412
349885495 940729296
855926821 27902086
154289431 369810143
939053545 959735466
554149834 828652363
977694621 601650948
957165215 282027891
528500298 678026076
369601402 318620073
451680463 642333103
839794770 568621235
516046939 751282349
298409906 771302475
359421172 978596921
565452088 829731232
583378419 62927341
458968601 999366611
761037445 58680723
849181083 63605883
800150060 283538860
183179673 85954593
292879676 64087532
881339139 558983876
147531102 99327421
835194460 203423830
59387409 769616057
72562746 49765181
410621220 178491184
39924169 841792212
9673532 951675047
872212808 607656936
407092308 620821078
943968906 553605435
682096697 469605289
849631095 386811396
953150218 555051712
2005129 846386284
654128574 231608560
881261903 73627666
165918365 957568832
532747501 411178121
434770374 644745964
453265049 336782805
577178024 28469220
504943136 88539378
988096392 138383183
479830111 14419020
140489729 10202624
724853707 318541896
109379455 130381577
753338602 47850937
418675396 710984230
138606295 737990765
612343652 329350732
615096258 594945438
812329032 176116771
798089581 851615361
262937134 479614088
700528048 554091194
304782375 358853899
16115957 703129317
40228375 32268910
388717758 13672719
280615737 570496814
332219419 472417595
143920793 594922482
621180980 144585182
901685145 225064988
183944901 73280611
328990828 897915969
277957788 576294311
704669854 584097960
282777117 897777278
913333641 22867917
69865406 68027437
493128417 59202786
359171723 45161709
596044586 221217865
62238371 400927855
787628093 251724827
833516986 656717906
276126662 732933796
50759061 606794927
349157321 181422308
266001042 775331982
502488856 941248271
601652765 860369517
71542238 178718990
322671931 459396288
71034903 338816765
501194499 2975851
431248407 408444330
4243232 306254667
622210816 198777628
279547473 139839659
11055435 467020554
611793640 49586126
533257543 24652126
29241165 532340845
466018708 53719229
49543805 9108269
220463528 15095
707522182 752978993
752176715 715299222
643072265 56964999
31745049 249915477
176254400 651531705
18836487 74845092
884510452 993557054
475025880 774124840
651655173 952143365
58539173 18888762
734565862 218700273
405686619 339652196
80486303 703454552
272890683 926182375
515036873 550300291
181366362 299353144
253696022 96916273
827625506 191045246
432421831 452830485
554280912 967989782
34864178 64370259
471248628 411108111
175204423 3588614
47512053 145741486
31327743 801592509
353349770 394237931
658622707 489785593
994416194 231977970
412855494 291738545
400990973 124892835
401023924 784998606
546597744 306188050
508998925 345407407
63410084 361309192
489662387 167387047
8121207 20428928
185086622 829021306
761855260 85532715
956955993 64723683
843222420 270320621
808349827 336082193
855677754 395605597
377706063 430585638
716175932 645011529
476564228 79489974
944781082 881593648
835452286 415184974
940834601 98172870
57851819 267471338
614357267 297039475
3237647 110465406
4533588 840349652
640580928 774934638
105979582 450821945
404897899 147354902
607859447 420151589
983069645 740591427
988760822 436060113
422379578 219243704
671869833 985247657
332391578 312020394
387962322 522464206
335574631 827015491
451768261 289716882
169013809 242690595
245922988 679748096
845863962 728783578
60513186 955173969
583020634 415898224
477090332 175176823
526050235 832274654
845008988 404378262
945173534 515695506
712822269 391913606
786352373 570888687
351903850 122293843
578003911 697885130
972381542 131665597
103112880 722340846
851493765 958407608
500614878 113825945
186675888 580514541
58501396 858397692
713684134 576694839
878581290 802620095
90445174 611333159
643029388 16133755
373951494 569031809
621300663 846144062
524808847 676332732
926479039 590151435
857313054 683903110
200536779 408621143
108063764 256602686
802836119 413673614
154058919 571301752
173996018 260394379
128362848 680785276
587640894 946025763
333361307 453658055
782776562 301437339
919545610 427623048
615306267 427306541
698436658 723256101
474879190 232610696
384878316 91822260
836435928 992029773
604794341 466006658
871365607 226525586
36888607 907694735
415175262 750380899
131493229 279695888
994803629 525091132
299552507 51607020
547918806 901465744
752234436 797791040
88007409 36701508
105874714 976651227
839239081 36087348
637679394 139373250
432581053 933652399
790108501 125257901
46786687 881154548
695251712 22550150
503851354 397008314
316331972 484895730
678706756 971135149
945295383 697999298
10505807 213855209
391991745 448266365
738375198 97693825
118458464 210355938
197172840 301007867
696708581 926782558
100589687 275850450
621622037 774043544
957834412 376102643
626915336 652886247
477531384 972523584
619123885 149399254
769434980 628460816
40757060 72366759
647570570 851561644
72625891 830155981
953170969 243058132
634249202 941744496
347421014 591991608
338366639 50662124
902804886 218806271
907304875 556912723
943199940 338181188
543319627 825748968
903471073 818518420
392278343 14164897
733041023 370800497
403671342 474339758
655186501 92583890
693930720 217512684
986634095 704140193
896176147 216833393
17685322 992315196
718071759 66102532
174063548 683593460
633921266 846098849
386544314 230110097
563550381 682791930
5348049 730228427
832681732 103666160
733017502 761540562
46355282 11533086
733184597 864724936
613074626 866979151
758805054 645318210
444023512 930752771
750004530 304496075
893041126 9393646
862277155 156870753
871995287 113547129
480390034 282264565
763939176 882266431
588341271 311918319
28350249 509705105
904617692 422286504
308988801 27568115
372981794 316275182
86191207 205706652
8624057 485185924
200786858 733844985
67295117 384589983
922220394 612041003
602549270 38818153
224752284 822278789
681996514 263758211
787799434 691913999
991731479 908497532
24124496 834103302
763611114 977920603
201333089 853336922
279221543 69053465
475924993 406664238
286923181 130682919
471943880 399124827
479293935 20923108
804697637 18286573
252163188 92598058
75368151 345604004
672117336 535248063
663339126 585625461
134940617 81963747
694020073 872151559
896531595 324639432
99519469 913402422
704853109 57665044
371563925 918906772
673099761 567049057
152836292 513211106
401415295 316033726
626883764 5019802
749466931 502825516
304583795 274315114
300512051 14686753
682266464 678715567
549834298 180007432
222882227 987617534
489999639 64844479
282371314 262095520
993666607 51117337
433410173 795134992
741224439 212423258
365027843 448455807
871948666 570873021
843308554 156319824
106210009 446513649
511168619 825798045
739175878 719731095
338367700 371570864
809909768 933153222
689827652 548151435
363581947 822397831
675411091 32100704
331463437 907579226
855261927 80210714
471678529 71438254
710773312 691061203
665158832 345321325
544433389 794654299
198351875 50917999
292913172 755796151
401590010 633294338
621810734 274724511
978984424 776172392
933277064 790290432
767557429 945858136
729203908 501349240
778162139 627448188
34875222 259840732
928189417 63525104
30598662 8041908
129541891 611127499
153636726 276185023
805879008 970245518
735798418 625834345
659329483 661750966
5367073 47107671
677339938 450627376
919000636 301754851
388827098 313438174
505943248 400081304
771055865 835033111
894823966 548695478
847780378 444525605
73500732 895908785
864598509 301668294
36982930 42828465
229343925 727466667
668268127 836074004
955785928 990321916
228187954 220858856
503788818 300022738
947368817 302478193
860033426 9749947
825976021 246248361
573107675 583642938
157401323 754954682
881249684 846055236
744130964 163820422
163463929 586077124
952688006 333488671
335707992 75300376
566161610 866147920
496448405 793431953
402855228 971826450
370426023 919404023
994939661 395609112
664909848 620300291
327700804 478568004
339389577 32331747
302927417 58258990
451695147 154399162
451799065 724583589
622128967 687381534
371619173 431016230
643766 827662488
149564787 797717095
73422443 227116583
920445163 622624975
119200741 718854077
190054987 895333626
989585597 734392512
177765988 355173433
465308958 592943498
186836187 847699216
115789383 408351721
920608937 3436982
555218698 277690272
342556827 789171866
54407249 604454629
408408018 823814872
802929044 408117985
46855234 755585224
272791908 63055923
717805881 994001007
970382820 950352749
325538766 281533963
995069258 949075349
823713654 915433100
838264418 798843046
954684533 145208341
652661004 933254156
491661923 31803519
877354681 594870572
393986223 892101591
849623794 305698777
948926233 278992092
771910609 176745184
47912503 284615042
591946373 499457149
186812401 51093360
90856402 324082403
568090629 415929477
179277967 466676920
74396803 207734608
32618023 208260503
376817234 864708500
802869016 570759821
586906025 482717898
874990455 210538140
633183895 439867550
921106794 36523835
476875132 417661808
498681260 445958355
535493518 73055956
152194061 842259268
93018965 401770516
427177968 360470110
139705646 973556905
18983626 874694249
977025996 121635525
55357098 475893917
30627505 667794380
29874347 42603945
92724411 306234069
541802372 913530930
550654098 449626414
866424313 579128650
160490810 176599766
111155559 991448316
60435079 51044608
759181372 934091976
664863140 264530072
93983868 969281054
946651531 18627254
85197886 2609894
673117072 936129835
229098028 572004857
661719510 974271741
186607111 312474533
579838423 915453154
408386848 734574125
173559009 327872968
746552032 31439430
630892692 103079757
274168129 51887514
710461285 833055815
460507475 80861513
520481054 247109437
964055992 449815140
63439707 447402732
928565544 511728241
62364175 245676739
413344494 3807722
773744637 519575399
883946345 102106813
934762303 39203632
468420236 388862157
66111939 17956522
85316190 249429615
908767688 207619349
41858939 402933998
183958117 496611558
61753232 272713992
962117635 494329924
78288868 859288431
470178015 324192651
120131018 231466313
581381513 476786636
4421934 962822320
185983335 723478347
901014803 522672434
580733746 238037503
178757127 54636626
255573368 113686
17303220 404668934
551591704 37623406
79062612 430743863
716100553 656219422
610550582 815555652
607745172 613896172
383206206 496968063
314955861 397611732
136731747 749353902
982281278 297693318
788124976 808713867
402054228 321349864
701273411 74681157
551586800 314557840
606881233 446993661
232283712 217792075
66535968 205712714
727535299 456060314
513660939 911007925
857823696 315725103
912447618 478307133
759706896 750596725
67186183 346393812
430430207 879584005
770637619 968648160
554161263 61034289
160779055 659227580
241336069 732962942
211394107 16821044
270723002 681865762
135872554 670498573
23536219 77453706
293727972 971647099
994041610 83978454
936713955 8624040
770560699 89603418
15043510 714292787
36007863 512234527
781719681 854316463
38530588 371207776
203653243 329329696
196682843 361465358
55662446 21610626
133672889 693817933
968546874 775827266
771943631 142466037
906858323 366505666
193478666 596189713
222869311 263511001
371732011 5669986
402427161 720475729
78922952 55474654
797759249 292531559
812667593 43565355
862799593 856726607
45557483 158083365
375695993 955848365
272685634 625365852
869067820 13575453
45894319 549847702
751821697 536580524
404810095 183299913
229307787 786998364
769371532 106818594
988546417 474099621
565631592 547248770
649377007 137817326
18150969 827748091
234353875 666282264
633949319 26101207
35625856 800375028
525989552 988923794
542246767 140799431
608089189 521002331
313047977 142369229
186717226 110294423
24712271 947172531
203254746 680581214
244315410 499654684
167813409 700173308
40909242 238193693
596361728 866683249
731703460 183724993
212856141 336527602
130506556 604596614
802196272 604565094
488576647 595059678
386160039 927972841
495673756 8534447
491958530 327336012
931444774 451962579
670389352 794832786
861275876 44967575
664257105 973702005
408735784 756458049
563613961 709006816
440835164 874944899
21398324 363861874
240433784 96903946
824504388 270095361
681234573 486991602
9155331 313018133
20724797 687465805
921740305 723976297
565232449 72939682
823955035 860149869
436278242 449537134
779303849 265221319
503813504 404217242
674265874 938974413
716278030 125086475
373404549 76733964
859732372 19068438
8911938 122945733
377322667 726754055
403932511 706006122
470958853 156227994
409587780 369925157
967964899 987456898
817838126 588792658
543323804 89657573
893176496 250855936
297615645 179129054
406548525 14942067
26382434 209867770
730260576 989532326
623862275 931265211
698220244 357300418
210863523 915908631
116312940 691405224
733331838 238205946
186479324 111218285
768471268 65597375
842789678 383187415
907980471 867943612
370157631 197262053
759170543 793799861
525509695 389011780
374993431 221694563
55742003 705688027
744959950 36170742
792431736 1622336
125099335 668832143
28335925 420379201
165767881 273988037
438062833 5885020
362699568 554434082
870334205 710868552
158192746 910344099
389747716 497396842
103088123 238756668
411257475 834984800
5173624 14685264
83827018 479804026
64704272 621204286
472488447 757232187
659861504 68006863
284082587 314669276
824327450 589869001
317401324 746174154
785191751 412425568
531604754 540080931
3936768 914078143
469610498 971882557
982591448 70050692
889790725 320454687
425873134 620388672
163067194 29415685
536846715 192458235
467789840 265241057
78866506 884872622
160439245 978652885
160871737 732144071
239047178 952337849
567804861 335762856
203240501 204358299
519383388 39711016
491334669 378121274
637507122 19054354
756370473 971847819
752444781 534896033
423970930 70793011
64811983 848830218
458178212 139831316
220299827 451535858
966397649 24284088
34932737 56768498
12649438 642370535
248338874 213561371
80661508 106667544
959837039 84722541
713113936 348910070
502863688 253705054
948503076 67443682
1921536 329326169
818370996 251530098
736479081 537011772
831518857 208763883
671461090 297057497
518552834 841235659
384853987 158189686
331959246 572781634
571246713 644008013
458995827 631205299
311916481 160219405
842825162 875097655
920358512 551909719
263685760 49469722
259622732 984155713
923698582 470983773
77676464 546711510
280157922 36000561
592824332 992867732
193453964 26541187
581682274 22450412
103007890 197872492
822746314 363160519
924997 42014652
157941231 764401917
318824394 217446520
278243728 683257051
875001242 449503832
980031232 841791398
29732865 860015688
924214183 255181841
48237218 209921000
677024638 983755721
377004531 718508556
516563351 134497258
349072315 131960637
520773778 250370439
580989335 32229430
789621545 506428966
873021816 321671784
728196261 925099074
22011941 284012662
610814311 283216839
137413046 853649082
58724192 595852954
354079256 576446398
946787993 996531471
342674828 294707396
780396972 342243952
733522216 450383423
165858888 25919355
453200724 669712471
750790066 38197478
637572174 556132201
77815103 564961234
89798311 616841349
530886362 96393820
535355331 103193070
162460036 145045009
200847453 353249181
834582991 65979506
411501825 752740286
388188770 232323449
512036496 198907698
52595320 8463373
437467840 846034443
809437282 825425548
197520537 173956115
997127680 832584010
568493304 370679110
90324299 52610826
698432272 669597267
499224271 6726026
141313253 557906207
470383657 916669431
25396686 971968834
80025741 819914610
692472061 258570375
919857475 892273041
576943599 6814063
547792421 831748319
187161851 909405617
31817761 449485657
884407753 936799920
448099262 395877107
132536790 761536011
619484560 872503826
914279669 758900754
29699265 478840848
880358857 920375881
387449749 561810875
960654925 975556583
473165274 35834326
150410316 647882330
455122298 531862
94872041 44540352
4564719 976996646
144037401 181131631
27952072 277714980
58060068 418595951
976486699 248569378
699148583 329866746
920907851 538460966
563227285 626727427
907876597 167469098
35016368 999844268
377184776 802270108
40456213 240226254
933903351 502674911
423238959 790316405
665424201 486847944
233992383 543796834
403310362 219964707
6546009 886349191
456002968 152841516
94562538 911550862
696959111 300360469
953469228 361173331
786864062 27415686
8114736 552071269
530278311 116581401
498242524 68502409
366096834 675378650
688169322 252853558
919160099 251194317
464476645 92400154
537833200 449081960
551747760 904439188
482638564 20484883
788604415 418307640
584795086 454415024
685629276 949791311
408523795 998066703
117362723 530492500
546706984 926897781
148603399 276907896
829986072 907133981
773721483 83108895
817712388 829162678
937595529 889717856
422579102 70230496
838238382 644999304
670048429 669465525
68792316 63210392
296623757 6731578
188631367 2045378
72491179 25097970
986152633 677974769
373333517 104002381
97195086 49551678
66481096 66389807
273791064 80198524
56038281 435646583
680799228 315854766
584896013 301084783
138361779 416502155
48531367 990574170
498075595 780834048
49139906 319601135
490118371 714998957
510133333 491217368
441801842 30778983
40333935 97120306
687781185 777711541
316653751 212270864
114928620 519580243
527991009 959614201
209564517 777758898
215291193 356784486
649352561 575949430
131075869 812880197
398043945 856936695
643209602 727354232
8103290 443319232
346515822 181785942
836347302 722773267
177372796 323211049
98985409 803419748
146518876 734271663
19149108 319917273
500637265 158993817
3121981 226178512
871121329 583602703
318763373 501001049
630426728 714649386
572403753 135682231
456632949 328204152
66203434 476638948
810919275 458877820
469323773 112691466
549246193 501331499
665020548 633872651
36820290 815225200
395389811 713151482
733546927 95040169
819486931 59944094
650549529 390922023
909962882 917961207
277611128 452143282
427274417 65707953
87173974 16324610
879927909 951680690
951319124 568791880
176772599 225662866
471693219 900175524
298401172 806107421
181288332 986793133
70403005 458814676
68972264 669143276
955691976 911303529
312129962 169571936
96072285 994998598
28543312 817787899
668042746 659270406
687312246 542103843
898002800 824582651
55632964 232137266
391205475 148750502
467867898 572105974
152989134 517142338
156062314 82103602
596337789 856287290
377228670 809707804
757585297 744938670
938597806 197412317
867583232 938608882
151059851 263674900
761910290 806658318
286109496 812567635
573098469 198819135
282062059 293596064
483060714 372149877
395274609 16752630
609855077 757261012
543645863 986139841
28719856 153614899
931444737 867241829
853506810 206580383
661024519 752405432
673414209 428987609
773644243 249366659
829416795 872655060
982175636 220077062
898085939 639613496
832950030 285124721
383881347 822142178
1646871 757262443
618996831 61079905
428748061 414206863
355222698 975792506
31419291 848323306
79849887 621890725
107276967 212606334
23426890 411030670
19680359 60197569
449140236 58300822
165138838 63777055
2658585 254207823
853109252 418426485
196346110 101732611
246781204 755886228
396193813 56694317
27838523 299407299
58087183 707188478
15557000 931681597
57217907 613456090
468423703 806649775
487696920 724572889
898428060 980907963
817729453 339278406
124702687 367864952
179093810 717170467
314737977 490010608
11952763 234530979
495666972 701385633
32775860 411414959
937272200 60875515
368754394 261752162
153103511 44513256
236782139 441887629
625768690 539438401
682604798 16348467
707556442 972258130
601789597 874795278
614236192 129031774
42482275 471527432
36837804 68235548
494590963 805386690
813534459 766706998
18765249 354423057
104964378 374795210
951507351 102787196
482204844 573134314
597299986 38577856
854115433 285142812
981099554 80960332
45112219 892142554
513842061 67322565
138438308 919432722
382383981 948771715
322217844 519655847
409251245 751159827
132592147 722315502
416187536 333499827
715701021 669557042
647707434 691438808
412906048 355125041
181240293 394248619
217473728 276136861
840680189 672706183
775758835 145647516
506297092 977076861
596302277 960121160
517759327 38667729
835257654 759345199
326394056 285992571
552936663 183570900
871587786 584703142
694035793 649256492
575232328 922558260
686039518 511040547
60245238 786278456
540734669 21924884
561139677 893700475
942020610 616633941
320824540 765268216
247321972 66106281
785777954 724893023
212486062 250523083
50426037 813302422
40217166 66279914
393977582 910122547
226359945 909647655
919865082 989281284
97576869 557515544
65957466 435628679
852464510 66651721
28506468 716627826
146645761 70471862
172323265 672058412
770645684 430681682
944066286 528155218
134914860 23485315
34963643 676915251
290054549 954835364
78704590 589774164
901181486 25084801
8503328 13102829
946760394 728676831
581343614 297614442
551543633 692469745
372228105 493726699
806068797 722743268
492731575 23088836
499431197 27832148
853956049 410899966
502257941 164965333
858593139 710047445
767792988 531572587
227224591 575283000
688478652 432821522
32471784 251001419
660320534 210044214
203805340 692405480
560429019 355721788
420236692 600666650
506118804 762641656
735858323 33660832
674701403 107358516
224982829 930830960
183479136 736668208
687155787 254948146
399010149 803090204
896996523 448930497
864615490 493559712
651593054 698924717
730407522 875968597
657299017 142917052
318015300 732395337
403186852 140004452
671605755 42831485
463673726 231059794
22146990 13342826
640614968 676512231
49487897 680493690
386791685 833038006
467581450 429144457
437411185 885780487
186200549 644225129
281271511 493615702
754572320 423234658
60345064 789848789
275344839 717683629
456903211 74796006
337759482 92516856
566772856 379597218
200323434 283876582
202126204 206016085
771036384 79386764
180861240 285282047
132084662 70224885
602671233 881072084
9933658 21665183
333290882 300538045
125981907 671942652
917620277 55764948
230097205 297596402
963705582 53307373
793325100 2002779
324241105 392636681
646126711 549162373
117866582 750608608
750920296 404680627
736596428 5739359
666115177 353535898
61589458 481051432
513486194 736581093
34251232 615666188
931745684 967587506
66541758 254671252
17361520 259251731
954361607 736705917
694220226 630334606
40110510 378759735
70142927 383624093
689287801 905550181
632868859 602874415
90400384 55510624
169556278 46499620
483748528 426160821
305115273 470669270
155970122 200596130
247963533 307605643
232270179 114407837
964987636 962123011
939441509 892739277
974975743 389593840
150279565 821973390
865469445 324706424
652399467 971392498
428447475 832809142
371323750 885891387
224526790 364726326
981321013 855019106
60602387 240189820
544552039 21226130
822590336 676098430
242704604 64964525
253000 169585702
505775945 65513670
231000507 384886993
496286136 748967079
797864635 436043474
948561925 986440265
73198655 968241647
700233827 499537758
875193301 856772323
874000341 142771401
958368793 482777051
603368117 877864228
417734975 848363769
409380145 808059194
668690318 678247636
342381513 937256074
972043746 98081014
405572562 325312970
535299625 152283740
39353334 41721185
748148199 308365817
960541873 368223213
36034226 390390068
472711381 315833019
659222199 499484262
16598023 96028754
613517619 68198236
527295809 537179880
697808634 901812187
105558862 45703914
978001652 722592279
12575057 364711800
606944923 405538619
93224254 655796967
999324287 643928548
334131807 305095486
551157442 453246118
481923536 789744314
230682524 178714246
869526275 162384970
713779672 341933949
155382846 554709011
727176020 621499644
713196312 782987245
894532485 41856610
197170431 898767844
200739825 517523847
421357493 431591096
106547380 867682101
266985934 60778588
207364348 628840362
535448371 831296636
468914060 780515096
345298339 315345648
375769916 310114853
105936173 318056522
361514872 428059243
330795191 791199821
152143037 327529208
584438394 954678387
464728351 594287823
711540867 626229350
545200325 308517733
52495668 611589768
135718507 723118373
14680000 7281772
502019040 486503405
335082675 80643931
226847366 663148943
846304872 767416527
800584660 224638033
155409809 524954363
535640535 265140077
899035571 614612289
425752492 834378641
101147047 928499898
475879944 53009248
65235994 245277875
461631409 877740016
74094606 915094314
822340098 821247306
34594135 794119509
467709291 59678445
35279645 345376795
86979054 10912843
670116449 210331800
223753124 973024586
306979441 61941404
558773045 970856133
679417203 370977582
400705123 105703176
834076384 43909379
384776321 743746135
433032709 236084488
10746612 323116904
43695747 815767773
683730360 400806884
488194256 814541142
299452382 801722603
180335284 159556348
848381958 344332173
112371661 466480778
48272618 921546065
386597388 597349745
290448851 978745521
101849654 943246933
540592930 936947100
595867747 324604301
185192136 160369139
231627906 542096807
864052430 500556301
55629524 324094945
921578446 311131444
190059 146068657
729152887 407847461
146301878 741647423
625725198 499397524
5661932 673914597
66544104 47135909
757103266 483849654
126927856 332778868
133129788 529902324
771956775 218122125
957340786 36267672
407625503 628701813
561991123 569744079
934877055 581791776
741179199 61156982
53202563 864668025
658240108 476984229
878053497 331377373
624860770 625711138
217983300 922859680
645691391 507669994
607757532 11065733
170609268 463449516
1553868 687588683
129425349 13862221
484581300 744672540
804911437 128887909
45851076 716323868
914462776 262473920
820886856 275214816
47126023 889922270
353968151 763332851
160697615 811166323
404448033 414974802
770937082 30212327
961083626 450807537
717502277 179441624
390637577 569109045
63762368 815143316
89361320 13534839
57500433 814932383
678781960 480253576
635526450 15631666
482948859 601542440
242659823 100490170
582926439 899977101
752335209 357828438
341226186 319605730
742835861 689216858
576964529 38287812
276212157 489212110
432742463 603602631
516831486 438008047
818148780 308697328
262416584 207164844
471177667 817733433
126071906 594740266
744212323 72924177
409409123 425294658
860078847 999420889
184406330 27207678
818662174 17117543
803620775 549069343
142891228 382788230
955458879 188854426
53896806 970269812
442996460 221175317
42694530 217399395
876237674 421354863
608884743 206862329
55702476 65991733
395779165 144253393
449387509 773091631
607609862 707565047
623637279 918396114
560386579 14524526
766962776 522830283
515164077 19464111
832265983 937242490
423765134 191618336
960098124 998230131
956454789 590536097
963036869 907679486
368656119 812592132
17650377 878195096
92133721 777359247
343248650 986181489
796476854 647759997
309905931 85388525
732304431 884718715
164463014 223862819
651290230 288207659
406993289 457031009
270131282 615473828
932568500 459090853
238053407 595463151
381332220 47447844
16543050 815490955
991192970 545963976
820263641 151527915
699984733 946645419
134038498 923379699
414185668 246564254
995821583 224805759
674424037 25178531
45033503 715491291
602804281 902214006
589611625 72486476
205500173 310013696
144408399 976814726
662102531 735761122
250492367 833093427
454401679 950982385
355502583 950975091
219146106 891315380
49040746 828375638
218846563 301611495
63821793 85002596
94367545 736763131
853382567 529990421
899076802 180314516
935417880 847941721
825011479 682310922
369092650 8813586
726598437 25225961
735629027 812009365
115198509 703930737
589094878 680003373
803917893 786454038
778979787 839749271
22981333 14714879
243463917 605547911
406827292 228628109
526400922 386645026
820375721 588190154
765452478 533673857
876952034 44376830
330096728 319499829
254355072 50963742
520296955 275332285
923839504 82806107
30895949 366369298
996881523 911004560
844855437 448803868
517572191 94563028
334508294 861363257
946961885 523932654
276151197 3373500
485921993 402699227
998482249 194578541
270678868 616628298
591534996 816746755
37893764 426509345
766272799 851868077
998509236 810742774
36966426 513495182
287629326 426267286
554199249 422126139
180256532 293692801
71946779 988730944
293816092 26638699
827701737 858545048
219590862 637531837
335644605 857974072
214914728 35585042
125015855 559576709
955534715 27296956
728021098 349503449
201313516 599001405
23068845 408734467
333260788 374749133
302148299 901543876
992646496 461973210
440027051 150980691
444057681 473109379
8945352 464846297
294049980 123381276
306159282 137102581
680197100 963249838
147144076 616100409
963251452 728482164
382708108 921554603
553444701 709720926
34414462 786576453
944506198 371062418
711462210 711899766
366218366 693036774
457068105 7123615
381846084 133437032
212336668 335099031
808939112 386030038
783765717 800193319
142885248 462476582
575527331 687313038
409800052 572067839
46544201 187484927
342330882 766958142
490185377 183802142
500924730 795246706
833233171 24583814
13108738 88625249
610542878 798695494
520685205 31255937
958514903 155992416
629972220 994571647
5747299 146116424
832376731 579761339
913693312 159800939
1820583 584559305
757048571 741242533
173888424 145596146
611626808 18845642
795275259 825918642
776703149 7623709
623927123 26046520
57821029 791867101
836997939 634641128
183804546 243471540
756851830 413136860
726521524 989504581
153689031 841275487
196634308 366297255
608733737 64788080
526708235 466712548
569241969 567249734
508984059 141520762
201063623 902266822
178319252 20046042
7159591 43545870
34695151 148661740
211516903 828466926
30761655 984978824
309261607 207624809
431529901 231108607
497955938 104329785
291651617 538450832
53998822 153752392
67100537 167276787
769326163 241031480
287579573 959698898
932807966 25055450
26252769 341603147
183006993 302366396
545596064 637705840
200011720 242130836
519609514 268220614
163322678 797032662
611558730 111133385
933485598 764302116
743536351 335858279
777897114 54823127
721290588 591734656
894983832 22999162
993619656 331221101
334677079 266427216
324221887 340643446
717195503 961756618
40857583 110344794
348319942 638134290
901868188 708012234
280066588 559822980
97589020 269491950
842216832 210737711
196537691 361817823
455274072 503122263
46331992 668859436
19945820 677849078
398649511 253823062
556453661 707895863
36937966 29830995
9844342 614572793
227727976 69444109
83903266 991860819
747750244 901168357
388716583 443697162
972401094 677552170
469286498 671560732
97889157 666296484
377092 959139641
718944044 170471947
378245653 307036484
729734233 804396430
110583532 775879638
391081025 239877712
676330677 225664700
942336554 45305319
741674738 222276724
125979632 774242524
804927993 119246516
731417216 409252655
532831091 937454307
19347551 456221904
526553820 789137054
312910885 361793062
577541 99843124
427717883 654873739
595553686 522075946
793992993 853640910
694207877 762015928
155439723 728107440
208068000 56443978
549303486 623021160
161451529 710554624
683778711 841293088
894350260 32064815
186875780 87922037
472344810 653466846
768038569 490673914
747539913 587490377
71876924 943544246
668803266 596180321
255973642 248463009
463267610 957384522
628892913 390877227
583591274 512537307
759176547 286255798
789555231 143746850
529312489 397759255
437279738 16215005
955363485 46155543
50490512 807936003
919739567 853646329
435826380 810265145
480495841 690738922
891061610 278413661
19704587 241032595
367861113 579563263
600167832 68984972
948217057 885251554
161040391 600986085
275713242 440643199
585437035 166207904
300601969 967678851
943175403 688572978
52893447 612855372
531695683 627600646
361105618 913851248
977640513 938557178
115055450 15586613
955824969 429360351
179113981 610619931
706842065 915464189
997379692 865774926
245964005 697428621
332795179 114820916
927638181 58219068
804473365 422547429
701639362 9416368
379065046 324269485
241074949 130243067
176397679 584702348
614595528 434929961
598257846 427365302
18675834 185317048
812309715 340477972
308662303 690176281
517964740 722193089
778272206 796321588
772714970 660067470
663593266 30215394
657606201 65931135
707809034 800006002
519433052 871416652
564605353 67864612
52204942 841107936
631404918 41888433
365333875 405320669
794926444 780688833
849736829 36727573
385379227 47283059
71852407 540225811
411756965 846031833
55834366 288038801
563119427 397425529
593528323 778158336
638686398 795916237
205010506 547660547
38722933 474373060
454459118 589755636
168076894 835456063
736718554 314223709
564249726 131998868
714065233 85293439
126992239 366662415
740088424 672041935
662171619 367150444
269735815 685745780
453519899 806790494
699056107 593724619
927624814 769451275
822659367 425234147
567699913 890952589
15546781 832364033
773277225 192459123
32854795 64440092
42584867 564206910
533509881 297529699
100486749 645951461
780100427 171894451
349336594 579105105
430844085 21525024
44070289 450727138
23964993 384939126
159249343 19170279
595817676 240512685
53461905 278670378
212285830 417110647
310039187 896247907
297964662 729152696
374900068 602290368
288486899 24265735
181871159 969213283
6825002 734407986
911556947 218461411
657737120 675674040
516066708 119867593
620357030 15247949
115561704 140806677
636850407 856205145
864774355 319194551
578710496 513839481
954322667 49565462
198923617 32716283
262095197 855903885
92704528 584024936
844037990 741263849
644658662 29915635
42823131 81265901
36309681 31353353
910755745 168680398
978291345 70164173
218308149 375204279
396285819 415201937
219114022 890713413
726364344 633637725
147909526 227388684
943405927 14999918
738138813 374699024
608557815 940317619
283371622 277069389
829807022 206255697
496537199 183663920
61527844 957538080
692760653 763010076
333726410 58038828
695782278 205065446
762384476 292173365
657750070 46933081
457081970 151458095
12889994 395593395
521140981 935701699
418291272 653485094
375011745 29463244
271184197 378422615
730253448 418875867
770226670 277489634
254679695 15519667
332844224 114371285
962364911 72881613
514894799 45170991
852528310 442217431
327513923 573026412
641299779 36557356
351612373 521275633
964178637 912265830
544423255 108836510
786537949 296490954
327476010 970459973
243006671 232233428
956292293 500847916
389897301 284174004
508422197 364411789
944814068 673542608
816354455 107670294
307393157 252127294
576643744 569168490
9346741 53431114
403518742 981020319
709269381 92509943
501616980 500148158
468478155 627729015
619425738 946879814
677513135 8179377
137550970 14467753
306109232 835136196
438445949 718875597
24070811 815140479
968025468 581773708
645781531 600031973
799998006 274699829
667268389 55990957
334796545 586953225
52733190 224531144
984739649 600715199
523933027 154952402
698823923 295964928
205155500 986031521
359107365 68080363
959489710 531119035
647556218 379579027
860121860 439335390
120609707 472617340
311242655 680074618
934798337 436822561
861200710 604229939
747235805 189809777
928472081 139493728
856869680 739977805
251769837 46350479
521293827 214309900
179621147 160529407
71147759 758093048
872563889 991019044
495471015 536358862
787294487 83774758
45902697 901915457
590054027 330398562
868959121 812715640
761670558 157904871
805131782 47270794
410384820 32102137
584608714 37782537
514241928 63220372
525943151 132709239
855040934 999158495
147767708 67181511
307584239 656678588
135906701 51561444
484718361 183457344
149759376 583879726
926416172 347691314
57823111 954453237
865449990 183264142
865200494 105507585
53855959 64381445
438496715 846656523
796985254 619116155
775643199 245484353
458543050 703483016
409467901 554051013
205337714 878755320
461893197 941561647
2119965 580110155
168498953 99380742
813746724 788384821
53844256 53305419
531681580 393784351
945568534 446957551
371319219 209725092
975476610 475377495
698023820 678465557
231218574 952659423
840347994 784979445
173138299 71504981
184580376 325899134
37974810 34761081
477502609 165508634
450642004 935376516
747093480 478196203
760050084 140321694
947340306 199083588
402841240 397960293
368546647 903762477
434306131 899921005
477074900 84752611
455301133 288662459
372642812 668456533
42833809 872461129
970349842 265126825
314362302 90194310
726319025 954264501
257754887 363710162
88166980 950185862
711811572 830824966
710544270 361421532
964601758 23751401
510110499 640592044
854847542 386830525
665645549 948443037
859930495 75690673
941599401 20139659
170816848 596037740
514327143 313282823
269733395 650130568
6271245 479396821
52147017 412592916
433254869 854131053
746822659 645398033
138333130 491896443
232439146 873251318
450046543 777125471
373345080 914666028
737297816 579901357
531138620 399498642
40917807 135760046
873998043 568369914
986822256 764566493
451279242 837549482
948930830 428760171
771355476 866558429
525570956 163158715
923760730 613083455
339254724 975651047
351469134 521211765
118341475 881407801
683932919 771178130
59897963 662018227
187870897 662399907
179771824 94631815
163717354 278659876
870415708 757887392
738661541 140371336
371593067 382375192
15249147 990098358
965584431 219976895
870316437 492104582
273754829 736218266
708195123 802739272
941429183 658118241
675967017 169491262
55518032 451571200
53362907 769982492
171349026 563570200
73013832 579367311
72773035 872934523
21310077 403962292
698402484 275111603
179219231 312089244
465357785 696020604
265822179 493828814
390174732 502847045
426087189 107594181
754539794 933911986
942784019 555844718
52419588 851619357
640250834 305234348
513977808 219445009
864719192 578186964
878861237 492167886
9204799 441259057
40847306 844978888
614563130 618068352
827221367 979672104
531467401 993387125
26900474 843488329
995333763 399350580
659283173 482458940
908866068 830870745
787206298 28594756
480359227 57378800
316721877 895480922
774949771 33071871
447239458 665298603
178813611 441070328
666070371 995183381
661212887 560522183
245526092 625206958
212268381 226818762
948586470 331888190
447028001 483401043
204474383 499815103
385588506 146775336
525087480 974628324
30574802 21566723
801631142 50635918
858090730 807785746
620719218 665982297
31123 68067192
419450761 658739470
667054358 67220682
701146988 9359661
157018189 712749203
311420785 291206254
546363176 146650577
217324608 623999285
188021033 839510902
978121815 950502943
376405480 786712808
350361735 110832765
335088016 945009281
690902132 51066579
928843104 991979024
387714841 576322905
993509419 588527446
457839426 680069754
242736856 775658633
541566992 8359768
161389794 136678101
399997305 457418822
738122969 757179094
472666309 390033741
553421024 360852767
422288658 796781224
223298349 685532854
34865616 854306120
608167565 960830869
884928838 60354384
82400989 110468395
651641100 502683802
527901073 162032345
52844175 672638768
577367601 127488630
281791888 150119380
802242263 755417803
135834277 127788664
445677746 827390487
869405622 848489159
731671686 31064716
443373696 250410138
792409898 893877969
793889558 262751364
172397065 113100414
202991707 350690375
392788897 421974691
835735690 858264412
207577095 40630849
305401775 42974063
657983841 515505871
552941099 908236000
596926570 733931703
754237747 990434116
937884914 736834518
25580369 533426657
448005724 296832000
263208162 60069942
265544734 851794297
527062166 225693297
34796611 56483197
148774900 731283959
175984109 426942137
900189139 445602271
26181068 939419087
706016482 881875831
8542889 574458326
375734305 145743550
747066333 921586904
805978981 975491816
799067098 328239186
317242840 663278302
38383263 67919799
714449015 437651899
582456393 536280814
597255826 22060366
370466175 834982608
615333456 474424480
432400384 236575147
268239144 751507556
514276641 889220546
208108648 448420744
837340231 549723082
381323698 557465005
843721584 557121390
452622203 697436582
224339880 54961611
362365322 845879803
80487828 643628021
19025790 58061672
998789611 461027185
830357321 246442847
186393080 882038457
958802350 463030402
551691290 498834363
47592647 578583338
591896644 605065818
449567874 833441763
520816765 149822699
664236319 6401517
14872416 489836730
392455091 233855933
19316893 612180610
389516456 152212346
57795959 7398136
935788090 59350399
233105221 603065153
515464443 325220064
878935537 241686903
72236624 43100125
460495996 251215145
513938163 339930737
789571959 265327576
383912815 369724615
193591691 693843322
781784231 113667007
851513330 32245497
787009103 199224685
157855483 453220534
90443120 337628057
474314890 679755520
760407273 116489280
762175126 402473630
552271337 433169
160080810 568560459
311869558 950035698
622275428 141645363
775048169 985538170
27269881 585101946
575356783 74360436
453298607 816565686
828494474 889713506
481591650 886231152
187088270 671097590
519245567 420842151
767521316 473009818
739615500 423047246
251667403 588722154
230818334 909829577
229744722 403559733
573703521 833051763
718141535 529868289
963668756 281329435
180385771 781121411
983136011 668888706
51094722 427651370
287007531 763268575
361744648 734429462
569909233 364240731
901740464 116531353
151151851 894627990
38625027 166258877
505286973 757634848
779112736 3569341
42163230 491502848
447677046 424091786
905598296 542244145
573511242 665549128
874329548 244551712
837559607 676603342
429522923 158009391
227757993 299139370
292450366 242572853
549770850 732074267
170638815 315608572
408027894 760564373
859122430 643498689
58679374 635774528
33514845 519672760
27752743 720241913
62221523 198168709
495133333 267248720
478250446 813948356
844841082 629334792
280896970 142418306
22422031 11474331
44576218 304611266
280123491 169192115
530406184 573499129
949950679 356245425
22356844 52847249
14932893 70122281
690756472 47102314
740591172 415650661
123208109 155813461
219582500 266292959
399088770 543615128
197967599 748780743
225036547 81538669
888200492 230369154
720606544 622988162
916389043 809464616
674488602 749950329
698597169 54802436
524865066 390828138
583036583 691169561
31686874 204032861
199615978 49181849
377991321 21810385
91736357 724352107
36585066 649629495
260902482 966317
66325862 431033719
992794053 132656
542216504 536633194
596677282 888490741
46257308 723658335
795116385 262417079
923598313 598624662
436697681 215112545
336606083 13646023
80147986 136669586
10979942 229161629
270928410 459570464
115811490 947303732
25054512 96005523
351427545 300355231
373674997 451749542
171995588 374212452
558015830 984603849
215617708 612573437
400213787 265261474
647633905 18713177
692667483 394160263
711839878 565697625
58507269 814631685
563328371 3024467
609488217 850779485
14441553 903826066
853645420 231457537
636154322 518728405
547954344 822686491
477339191 91497676
316684106 977919239
729658839 350150302
330214370 759864532
715274655 353461093
191799511 854327239
525051788 766742448
32247264 544053464
569842483 829476352
665061004 112436531
192101946 825500492
654791355 159580344
706775260 393022333
35392801 53059706
60262504 189474290
499568075 364845381
65843651 469807614
385666706 106930193
921152994 872602469
135341994 141763216
826981969 340186851
401409558 317249958
68262831 394612388
921497136 588376043
491315247 31315148
673055782 199360042
894367768 42145777
310420600 221138917
68510278 619826589
440814715 854448079
