4999 1000000000
0 67798520
0 29784922
0 15702666
0 99270755
0 86499582
0 18539970
0 55678961
0 27961750
0 78912265
0 98152800
0 89569662
0 32999852
0 9811417
0 69020148
0 6159356
0 17008065
0 35971427
0 36162579
0 27422633
0 59553027
0 22029646
0 98011815
0 65494199
0 83926326
0 33432182
0 59895148
0 56393676
0 69422384
0 84286316
0 65204853
0 6304386
0 44178014
0 77524468
0 3584421
0 67581928
0 44439101
810377782 731560582
566138850 184931327
543291958 178504654
428767858 260789822
524261125 233102892
890101162 143918862
189257944 369395764
305065049 68197710
793666872 353167407
56391392 804397008
735670148 34465431
113087930 225325530
677384555 979719328
124437999 742043559
210563955 754060458
247012767 768547555
24855926 895494864
64696444 279402291
989398815 23314268
52752975 58603178
147202161 596675920
692553075 9623125
802474560 849333983
277891926 820333232
193447605 816400881
3028732 393714734
922085839 979940515
185128315 76452790
42706908 48340931
546871424 284186400
391294981 17245016
707274440 556094908
606568640 217792794
806681767 817333452
990024795 793544947
118316165 628354052
942868344 574259077
89231196 715653649
389794699 42711714
73083706 342153488
336551774 845856724
270394822 180067090
341071757 144861399
541089972 23563422
413284106 132093978
23498319 487430959
901945242 502447426
141266936 578217394
368190038 722184614
859578529 366468362
35543083 285127892
370574673 604823180
858139227 176206091
281791907 963959427
723313402 174665663
201286727 623837356
377806193 586257945
46802302 73350331
898928382 888471924
973308323 896041684
225730354 657521633
24451486 322038803
561860722 629407907
623080303 945988358
880474231 674287796
680208554 178692141
300665038 52008766
796664052 233354880
524265304 23696418
861295242 66954728
890754763 785896053
5034682 971323846
8957744 719182079
983840360 520216937
743941731 738259642
737395338 207773848
305932438 219115865
409201837 368900621
874594509 133659582
468659054 160048630
29804386 24156289
262313730 969199222
202087556 37635185
920508847 296246306
35577010 979698443
881913936 800264837
516762944 880215813
142523092 153500829
532284122 315544774
343661760 356723036
708604923 979759338
699362728 9369640
16762739 169481410
500332986 672085339
659525356 434877138
678351412 478987972
239516507 37407570
136490473 768714788
840812942 722178221
802920896 38776240
23357606 591584261
8449844 476402327
836545689 72198061
808736470 697434482
565855919 56923566
998982855 29652181
14880262 214167619
114756926 814649798
36657166 250790493
157348615 738774591
346562830 268495391
641909249 403348911
617186462 811579235
296382368 292433271
633439786 975310899
41599336 22016366
581937526 943580497
295075705 944635997
400972564 365557423
588128511 298434691
338209007 88074232
64505532 522445843
569133764 800761093
923495307 453096881
949615268 741873257
850381523 613004536
902471027 54287333
285938966 44237559
512408428 538514165
198844006 792305327
681035930 203528002
623614186 712536471
195149152 435542829
480335197 370027545
445251315 448576075
749523855 409727506
614766555 16799715
265495266 134403926
519553142 267060081
233542350 512207913
360363892 311094566
291418975 875633095
609741403 453945958
73868722 49745629
959081989 168299080
911359099 836008973
473974558 497728026
146697345 671375470
30999206 151730651
618401056 675653130
593993333 325132479
950986950 874073694
550453682 61532078
11555702 922840798
698697050 972308422
58524489 968981870
779193536 311091924
24302824 497052906
435072519 960986079
6079508 530979231
306703017 114035101
816974879 601720272
39516148 190631163
745336944 143877682
720836488 639450522
300366082 26508912
8730073 609635917
313858789 997313960
910660788 682623388
880501435 113117931
328527794 443993668
506471740 189657537
958314695 483906484
761053107 58089123
808439478 237067921
324806783 62222718
662912921 252034355
983175059 804699192
15484765 299361318
869748470 985983780
211507780 835510954
727886660 345605516
240232803 305964852
643818539 622176302
850280225 98571243
134452462 836422590
241571262 41425194
517268710 298652001
186759625 34724869
971769852 676552497
549122728 775706301
104107824 680905917
377273108 995332426
866814230 549347206
207980955 230413274
580776531 221910914
208005404 213476684
418248228 871811996
597582158 28594100
62108887 128243250
60993338 64629465
646190673 318116246
733597116 291992251
346396295 736076942
437997062 853071879
442214916 785882837
86999070 238561441
807476329 35022231
483715931 72823331
461601512 550891512
328636139 943702
476054728 781341582
804627023 931348927
573139940 306847970
631516637 928820237
153183532 431886323
918917950 504295596
530352419 615578804
489680366 555036981
859964511 405091209
1026494 70392313
642455564 430116301
388963670 45439104
214067817 309452367
405413548 45059069
298035017 987475408
330936206 943705566
616525972 762169223
485237790 315208771
783621827 37033374
503633232 399925376
259543400 839110066
968284525 172856222
585977764 27946326
879201427 431755992
239810734 893257361
628091187 428760095
358253651 190176347
811118738 5483159
934761328 4738852
102654793 788351768
369922170 426842445
778996165 2048173
526016503 946592685
417909959 523090200
103866626 911702542
912219621 666980684
39351241 118736814
437628936 215099889
1444884 612565950
587333612 133975012
425754037 30025190
755739810 280812725
59774744 110066366
172777489 464724775
748712383 305795158
72386417 568351668
134052026 120943280
626367439 803724550
265370929 506312769
160152204 28590717
272418015 22077044
945032670 196944561
540173461 797931046
92472653 238796774
649502899 668672043
983457335 410374298
673308083 476666312
136150093 368591356
458940574 770677047
51333139 158566001
119349140 786905638
274766180 335047185
657875529 784939576
437197804 70891304
432321154 223495554
880036780 768420534
343448732 364974863
226683770 141179120
567656454 571838813
161351550 388637116
644886466 106062557
752647606 398972217
774808296 62630519
205870707 971057205
25883939 68659204
118648025 506812596
47118129 485434579
133130083 501572208
324505447 449556516
238682205 431268692
13904427 343550896
61363303 289984511
981793401 105392159
66122488 40384583
243042911 893850000
336045274 272489396
786504576 445164565
190641320 848514561
59608467 375480372
790853972 756509598
693817574 732354407
25791649 244833841
995381974 49440925
681312173 944206096
201359957 903697591
595099488 754496968
681561707 574935819
798494974 677443738
167850164 92761573
940476572 45923063
298368478 532918017
845089698 35011084
262800941 522066962
129997133 897085234
246269432 318341950
106390320 3811449
711681577 658315167
444626350 792435494
743296193 663805380
268873858 2340912
819101010 178153518
459771703 447070918
348588418 89351124
722715056 330752197
713937295 639431839
11277474 551043906
928519365 942399983
306522644 357845254
946590218 783454996
866386406 219524364
811563091 405101525
125948487 602553093
12655915 427432173
952545342 885052373
828096308 829004936
3423777 552288788
23823006 61762251
396977698 526147213
686458289 742671946
928288445 334038210
600452937 447319183
50587467 780785510
717982036 891216538
22589042 311907553
952443222 65417563
11207858 101497808
400373989 612659770
138527962 684179331
919356973 83807119
295087248 868682877
102581358 656309546
160847054 7118071
493704313 732798157
433945183 398187870
682274103 632857261
972822118 161030352
492231714 902678004
146065111 202171811
935581129 758950210
758810364 578775518
5723729 962123560
7616497 217878461
415699438 380997291
43888423 64407600
291321198 208297927
49710821 552470878
104019631 793647081
922428612 316882716
74904868 758906484
61014576 6574967
933669460 542138685
950646505 895889711
517155418 707326223
996194694 40208440
165672038 388394536
596337136 229430331
515937083 162178233
614429155 780524820
649940399 760920426
57320304 948522833
598583086 844940756
961954687 282513081
758984759 278447366
564020806 820974787
371762910 318328832
379319252 905286938
427747144 715827771
419270280 938504736
266349618 173710879
614860185 688210280
750788458 159000971
300494224 19125817
60996180 259783248
53608136 390600723
358577767 118700726
4710390 78533411
626970030 427208183
461695644 941629645
383486791 832478399
119523220 321931818
304278503 126194098
879068555 890287750
835915348 862479845
546798466 299327458
941437929 151264612
774254927 297473904
201609494 987337643
99981339 945166874
50471900 90961965
10195682 333673724
407754326 578689744
396414710 880785893
772774700 72845422
515763323 728400858
51583005 419428182
85948140 306596755
402949759 360809417
513944981 441748476
71502262 153697406
890706968 599504565
59738558 952434462
562037480 482539666
860668840 31761608
760221649 689131036
62146068 102465166
1219693 284682254
52983741 507290103
984610993 949936089
895566314 362775931
480292702 525777952
5508860 761031946
423420560 651248957
661616871 663496325
921739827 576825786
879723440 445453891
471682696 775779033
749198837 205263757
676593829 247154957
238645602 356128035
362332914 395610238
358171452 204025269
564173229 455452041
160343258 955144299
58331494 564846910
317862951 267294045
248371588 679726560
393161762 894653979
555243711 695313256
536937822 138820135
56037283 702014466
100198018 909384566
994685204 301715598
674587849 369814258
205680837 205827361
678007939 192634107
745480127 746313090
811329939 842458593
68600544 520888750
59153902 288523884
443561304 541301332
46717474 367323221
249909550 999423321
530420686 394644170
441608121 315003476
22785572 575618797
407112232 760696595
477977706 180237397
406561275 261573653
963820157 147903884
921360776 436144399
763275084 457651344
64588406 812089703
536225113 853788499
346994757 692850875
394267451 631944250
576783557 84551515
257229855 706899617
377928858 757124811
343990338 445850453
579460543 997326402
723432825 4715801
76098048 159366958
230825 650873122
412368766 128983469
134246736 925754267
837615918 478839061
689431547 457053218
11306329 200841326
331929806 684667465
621318175 646276850
642455807 351611414
210274285 10347668
30162009 793172099
62339081 835782262
297266110 622589950
929057040 470881137
485039518 214883562
627076970 988891281
117140097 956039709
32696283 988171671
461265795 331474272
652865015 411564405
114607314 33567730
814235304 131000021
460564018 244991749
650420395 592926867
522345337 498298943
780582160 597585470
540581140 670209594
48744381 507685019
316854400 35968772
913602540 222674465
912009426 310720161
13567655 508280702
36968239 267372420
972536148 165219345
462130004 825060122
528508452 848664174
307594256 640519231
165122210 210401502
647425989 55155653
729972778 207804892
363158763 512020213
39819374 514564249
795540109 918902791
988279796 655718776
866248906 186562216
493254803 128952979
924277077 7321723
725910521 808433716
283770869 440811929
104993320 891902301
264884997 34555145
89223156 794082369
926620661 46893896
366277511 583703240
80861128 877473484
618857693 776380175
31071635 369675897
277116488 40245221
43815174 509546024
552676589 552140111
798314203 332960041
165058886 602850566
52406118 335511741
865238942 222070516
918195986 648026267
208867480 494334394
534267094 419988333
570184104 862228268
19154626 558466896
35673495 858806483
633651322 158696024
612746499 899947627
707790261 585119497
465843933 64185954
292491965 23095519
245717226 6125664
576511219 49479366
962947139 446904762
216363849 84095396
921827798 840089596
390622918 597505227
304747234 56709480
324416261 683243142
522260862 57045873
464649910 91806357
475653395 106659648
420498459 956072105
470423261 790300208
259490188 61509863
895099502 644023890
864121332 577263723
34133034 437481193
127413587 299775426
162673612 74216687
20488506 431379823
922970337 995211150
909248849 534593127
23915847 126399656
300199892 62992021
106984888 66620752
310640145 26363735
304189497 82483790
240377068 495127039
487657641 122343583
15426907 386409554
317126457 669349362
544465131 605523212
126608110 581575980
988256825 879358043
945588769 434807525
458521978 18719327
359072511 630850025
924289268 167779761
313187337 713889721
589499778 482343897
22643861 968638727
288964371 204932566
823625035 931132989
355407148 833175194
423200937 181645302
841710434 463042955
168342400 345283459
803623392 151942915
637422965 784506728
938196455 751849681
587577728 868102109
987220553 950613686
331169392 227275598
496621549 816249576
951328613 219100891
783408719 106294930
430769237 156316376
594770941 7095377
651899528 112861005
490919707 269352635
572822812 643143799
920079839 805132497
274797954 487674694
427390741 871089807
849003518 855351774
440660636 565309284
122474539 176637974
526617064 942257329
329601397 801513467
223846526 40910412
885251997 799936078
9841274 857921281
955972409 928433922
886124302 128096524
17679921 993616319
909034745 861006496
695340098 644922978
42936084 315902564
999299967 301644154
885801673 659581936
654404812 66465996
495964825 430875732
47291489 920967120
681016982 98117265
381629005 686414898
166841575 234655774
746175216 856316498
859791943 902251877
685944703 678273477
284365446 94969411
760065668 33750993
261243142 907338379
12649564 935663093
687018303 582882948
20218808 603007583
964618045 98277222
483536412 374444148
493893661 996542433
322251874 829918028
370354835 207064215
51432759 899071026
923273062 32266397
628461470 398694184
461273586 14846462
319039337 557164385
595173541 750442039
960240067 377955270
957279619 318146236
431149993 653415282
497276579 509298033
921685099 596984374
60263598 305051954
229453360 51608340
360988008 226062924
370593391 316657352
125292575 373630722
218789495 845976636
406469181 752828425
89619431 48150286
479055292 655668492
16787767 105872407
939791276 326580521
309917229 781581275
574794927 613922673
98963561 546892568
876609917 608935788
308327386 25550141
32143712 786989459
322065223 833360623
560774330 914881492
152441031 331140742
13182842 239236626
595232328 470546574
287870891 31089825
297786892 667751496
41018853 452892367
477510439 475628582
976414170 813629271
111374851 241770066
449749194 630723820
922456284 827887911
543742991 858729652
690468933 241407926
202940306 514482377
654394273 65764931
19826258 26620601
164872618 212825798
343429350 55799814
60636397 252951914
628322800 38685865
810406988 878546193
664548014 792674184
788964219 133489614
900026735 443654403
56359812 513939306
307440661 815267692
49881410 97597920
901607576 698725769
820320234 986664416
579607938 68290324
582673790 705383248
54153844 135597372
368045912 911668166
257224864 317289250
252858533 136673039
951716685 705299037
648166631 617342892
551266390 376930166
575727730 230817616
368857259 133158508
373473520 669004643
409989327 3544881
239957469 715331969
668862808 105890348
60655370 392633340
411021170 566355125
73602334 950828630
811556188 500467100
185198610 693318088
211358441 349397410
125384625 601881022
245188097 55179262
442250781 431382616
292234013 591816409
73041483 308247274
651599311 261658579
754430087 314801789
482660664 789855356
935937770 208544844
174796943 667720411
163684839 348970568
630392737 441985515
409671363 611244949
534235979 621805081
650230294 507829515
199604738 793544135
242362448 518216117
180112460 17910731
287120943 331248469
15430980 139216370
831775050 443431646
332772122 671948150
354089097 669762809
787574672 936447884
749155498 936513153
285487230 213698520
639731902 60764422
560404559 813025014
631452330 32630606
222639746 610619123
112702375 768336335
752527402 754261970
631052482 365947702
817301614 617710600
813929308 864247012
385560842 405351680
13427115 177103723
681134796 669802391
11615542 267981590
50029590 890073249
49089373 426757214
256447332 331321699
167199696 343863414
60494780 112913430
21272852 97969600
340162879 41291883
680256258 277343317
790093729 946647041
781893447 88457856
607003815 710552305
43395555 967153988
456861870 92138563
390059951 660560082
281042725 97949301
808127184 327922964
458436366 560496635
520781637 38455332
953852801 997588922
182669662 403421398
600796201 533105036
619769922 79452971
813411780 98704063
702420584 521726171
842834599 475231894
722080287 165983188
683772728 468071111
532897287 113566901
894135923 585700347
49364885 360791890
401320550 409746001
509145492 457389875
885576884 394403291
533645471 299193365
559442709 578771743
512061351 55254119
967005140 507105175
709271155 859999183
32138320 357107249
139385882 303989667
904557437 55145424
15793546 541905776
571565664 672465866
450670598 461454199
751522966 587986024
542375328 429194027
700131021 374145897
343206339 801105332
446021961 301722239
846530476 568215150
13036128 125545425
444407019 430740843
481803520 78884471
182897127 638254061
922916132 927705857
561873495 37365996
431952994 938371056
616519114 622720406
331128928 495404603
354125856 410737098
693890393 411377099
104135182 406401181
298782364 370764287
1991070 966905046
12619021 729040426
681431725 446684529
496437668 151730704
879466347 419471903
78404074 903140972
544299230 297004995
949238911 310976877
856299360 671778039
492603286 618812213
88437532 351809157
560259958 719086168
337724565 45543918
849087227 905338979
433063199 370066408
2888210 242198098
787875684 25737433
699971650 512479513
870907872 146459997
949564702 634261020
32496998 226601156
153132243 876427191
612757913 182348691
37713056 765575607
445999475 472908803
543330137 348485086
532452801 209441406
245930468 515145828
32586148 765828645
808239036 234769520
616949011 934664525
860014960 368193699
245123413 806663677
307119909 98757517
636855687 416189042
554123535 13215285
950676764 667944347
565524476 579633815
818182743 103363485
578057674 792011806
364775122 390779472
577777132 842518574
365392890 138966464
59646952 665847964
385754001 655785133
699260380 322777651
280305707 30233867
602067189 591348017
749753777 233181315
96216567 471348679
811899362 393988336
176256952 191719581
775619789 948688099
638197156 56862540
53595991 406178847
570588218 501489890
35995068 838523934
52831630 131670626
688063494 620620938
914672069 342795073
102089368 189043653
113178524 408134123
658439334 418798434
424062177 217567291
919739065 60576937
866268920 3294725
618033967 828538135
145187672 831078289
406954681 810873564
230621196 962680342
675230940 899905883
405023794 542003268
493526129 618614189
35944575 4844732
991034405 524077855
408737721 328218772
276020986 449830831
251649851 266398680
302153924 30429331
57970036 163255812
983746220 433573554
731913321 530684555
887687088 857824040
253349423 760806739
207521057 533363654
812929394 119963446
649884452 856801168
8036337 24658050
86929714 144282430
57646846 640249723
227660440 329541052
676397571 867528916
464991991 911744170
705734393 210051130
446755525 553375964
551258863 808028873
633423818 959974107
492189833 573879700
842984868 156882786
829964926 494594593
3271236 932006882
97076248 257053419
333658735 86106879
916795831 450062303
923781694 365484304
964196687 605563615
35929502 54199970
167899877 595407938
763463888 511559414
529670423 14716753
716757225 991418495
709640593 920872652
97373268 710825317
409251224 42743650
242678604 11249157
593660547 9440829
156946530 138248047
626969149 344277365
693416189 7530470
910425029 3063960
279934421 621611875
286190510 79060776
443102070 30742033
17699999 831007516
728879812 870324948
388194259 66649949
199948657 885355451
654357914 881336908
141050504 367606417
208362967 236510775
456148710 95828818
947466368 892940775
494564796 41579181
114562593 962591508
11517198 430215815
452384857 331656430
262996535 788944504
91046492 849546391
939518563 202582092
823595375 209108388
455635731 924816515
409253231 993861280
668424860 312741585
43606347 532182409
993089704 75040414
151645061 212429904
168568500 622480264
610041524 974445917
305125521 920961500
29989381 8482825
328533219 626517793
542990773 473302306
296304036 206874253
909361049 947876715
478730402 123698574
498881431 48731161
574883837 148697155
183940138 108928855
136168106 961793535
146177762 252926147
197688563 514737613
38104801 343477231
749351157 192367335
984317792 767809761
488322848 370919741
232720424 210358419
664762 405547508
572027417 2318707
339949149 899196900
587392422 15373284
698594421 737506330
714933590 58463932
107442115 699837012
913845829 334928836
375273436 762615175
620169377 960070715
130899370 757613660
982476846 539483475
883571689 91057583
788954306 249932978
333221804 817931535
45437642 538512626
847126742 113336129
466035651 103455265
890976929 57755325
729380546 377826883
552694811 376692782
458887404 483651019
758106276 978190070
42612223 910533669
473464945 329681321
586987719 885714992
484501772 411537037
783670185 173392060
866934225 67231263
353173788 8378127
739516530 930230674
401288235 500192614
297927028 632802119
688574709 351127405
835836081 780087126
255358253 602849990
605048276 58447373
328409242 32749447
473886944 994175594
919346583 537659580
55419561 814321315
778406292 946296034
413257048 694972575
703935892 228808298
458288364 111455867
543217325 872627771
996304820 986745607
622921356 139303472
319829718 162525766
92410862 856408470
671473355 258100721
769631015 868684207
883013600 262941172
384343711 877427250
959678135 221456623
987658064 602528201
356312260 683526327
315831625 447687313
682719441 141948627
468473902 78610078
27047289 119960831
614434742 356404340
929440689 729583020
569840683 36866959
268969787 659036286
214779630 119873756
358112049 515559117
118391537 816782141
876963968 933687333
150615355 799883273
162457706 818001606
375428455 880699274
721666 14883876
4844580 306293118
447682996 44704614
339436983 706402710
184544187 230731756
359390837 510448634
901796521 437638595
638437195 236919235
38435043 321012272
982320182 400113023
392764450 891788842
979785418 625319857
614159859 403307743
761777838 45527373
860861496 109924397
821234206 610910785
2695588 496610602
893011560 901761512
473603651 863527069
42123376 411387796
373999600 118805379
107177260 774806797
739291869 926662539
688149033 246576396
58069518 31273882
710977028 197701568
735555550 189425737
126198002 9524552
658683513 762733666
668046649 249074752
1867360 255193446
305506228 642562605
208038121 58810377
712269906 3013134
989115581 816913588
912394904 177137880
280488536 69650946
724002331 52637678
804733579 328165189
41592582 109874603
221026557 135917823
401131162 697520093
809821350 968989032
235742121 88647
37860946 344685294
3975449 803386143
142918437 727439024
566755433 214359950
704506130 389699842
657604132 989630515
612158306 512732653
528098927 450305440
199682355 610788780
391572352 5278426
924041205 531605807
705820707 407770079
957182959 443989660
516210743 400078360
575654073 959372745
228385072 459657451
168356287 166352068
219746963 269500459
525861573 463404107
659220093 175604389
42936413 493091924
387209757 704374421
645042290 95608966
225031733 67044910
964139713 27720894
49837468 388371478
386279771 742203787
929576895 110557160
12077348 227877042
982822172 490322609
530131543 573579691
634690502 418956147
224880895 707905059
523754980 40245668
634496383 10395256
173927473 838841264
532376844 983494207
96104061 526794612
779547182 247152833
802266154 547750593
722113859 69127545
880503985 863253983
91143419 702000280
572463131 872868358
36844764 370465666
116975496 542504422
633345984 761729359
374658475 593179169
697775187 839050059
366083915 676627916
563186070 452704630
312533956 905921265
723565918 864719620
516224388 299619088
170467029 38312669
374471311 728511385
306196215 946867230
749714684 259375732
401471767 689956503
30804853 591256186
703314776 144012107
66469818 667729913
308666165 863181044
52561694 86859060
540656121 39925371
881352970 497766112
943181127 190187909
666099574 689291432
778100627 751308513
768780659 402397609
657032359 150698779
814363555 56045302
12058144 188394732
986692286 164200983
69377006 448015303
237880335 920385923
515171543 431434830
73606132 440316201
589893364 754214106
514658403 688768236
317605939 180335095
519744864 212150049
795070164 307071717
288829832 38318866
320526828 720782872
512033929 677923712
320360932 728935865
236612006 366375706
672225531 152986659
310128696 554794247
531473344 255203431
516207656 830519137
365404569 505023177
64892534 45176757
900396351 847962433
365254070 429762953
55885120 887868411
415846029 65156816
750103675 276986326
919268408 117934196
586117799 313908456
14776069 431939796
999650509 307216121
513998553 179929666
434984393 515581444
123021225 871136132
539971278 927303866
725356032 902644820
684021727 173953790
651339135 982821345
126525526 20672616
598057816 24939340
319674208 958489288
93613778 839050796
902710398 110383769
537813448 925086474
125677574 682014610
861329706 580948453
775920545 103938842
834868603 406603439
132827851 414262990
217705297 16352718
457612118 595695869
187941848 106959005
290205159 857934124
612101455 364388841
912842359 611769491
669957001 726346356
62426323 872368798
687536238 631627125
810333469 354603373
883008631 550931733
174446665 292059733
246777654 430855923
414758048 800648796
924553164 419274914
61525568 597711553
923436400 651879462
110380954 76227954
910919663 98225275
687737331 218755475
410574886 911647246
71955427 571241470
574562442 27789121
922063834 572987326
647861665 225182955
567368854 20195474
9092229 918611670
357101998 295373169
976799081 898000959
144698891 394618112
45205003 127840346
53636200 203978269
958906439 607035083
934793689 721537624
69422213 920447022
695833154 749768820
47107652 588284560
27167964 238513386
842536090 255123955
778363572 540515943
35467435 938837199
805034283 506982985
507058740 193089675
835011191 232720678
25153027 214547976
731199008 641100613
922089595 52694038
183572868 55485218
653338133 395705853
609318996 126182383
744178650 6965749
744434965 112798222
837775338 42294191
959928735 563573656
393812473 49639626
195440545 718402265
521696204 333628767
543983899 972967121
578630080 297409142
159142115 181689780
271260484 370675854
255376161 611110251
817294170 956150297
431476179 142865425
872808730 68501500
570505546 716574327
110321711 401948692
726597802 801325729
782762327 458556844
72184430 885814343
832729831 442192392
274329826 513042772
19908933 802320093
415468199 817970794
814866285 470406359
638411570 756689756
836429677 672258066
556395341 986224562
456116968 284959904
19242900 362250025
872930198 991791881
644305659 87303729
174838722 759962823
72264002 476946029
271951564 337680582
545416584 7740214
5448101 221554666
505371829 941659673
201546581 979724681
513850381 52544340
269874552 487608300
823689125 961664605
305015996 961957074
789181669 837359195
100743525 22629869
631948042 851690155
446005194 142477667
119751591 664749916
260280534 51335246
600648479 559530419
305625735 864480573
729055533 490067112
590145650 566099122
915859804 336973159
53646397 37445025
396606351 297736144
682231331 661527543
876440699 337249015
19585907 545679120
645350951 846157221
550148370 615878207
639070323 212447957
995063797 108121419
970312078 43470392
226249128 783280364
815500927 858190002
273503946 539499346
583357341 61492442
432949646 43372702
996199703 789848958
173973051 905229159
158164844 490354717
32433069 767756599
421310452 34837867
490851282 339828491
353570133 83501520
992742446 900826583
799426575 803767273
164925015 865623807
337535729 649877253
469037177 73510622
536101793 645181354
102192596 547683140
605301529 208924686
64456505 979198960
773652004 633040030
623272849 607163162
429710821 103932027
58925142 45000684
693506128 668873207
61280278 723987716
679295151 304744220
80082169 250352883
334979102 153135654
432459056 781321921
194825743 78560772
848148362 355465831
192327879 803488475
255152613 463250771
755045855 808610435
552182708 867383015
812298949 883703048
925503102 999318779
231898424 222727466
889720414 416434263
243897295 169491677
241552004 467175737
777352819 580866506
221771187 721837013
78253792 619829708
516226753 905923792
904988968 755900276
686199066 820665796
751008816 605335174
658990397 397373887
455926321 126232697
279142718 960006596
65724729 948300027
67799362 179491144
195945383 320436842
42071557 46955190
307691698 224877148
374200152 22684139
339424483 519671321
69300380 614415036
325053078 805013276
745483593 679442796
146526845 276486037
916402026 902583094
494537757 933639913
703425053 998078665
741711439 185521713
312820247 898456774
171786176 770213047
795278878 3719235
416280433 407381116
643925901 859672395
509566264 912617141
43645652 85724508
667918910 265881673
958629877 911692264
834095487 920610388
912597768 78812373
429697101 66697383
861439160 645188350
389711564 60692037
315095748 228987567
35802742 325902313
110069887 860975148
84001946 829711484
21269839 717347371
450346711 31063454
360150835 19614805
10921376 699702822
518680374 183428554
380775620 501075098
467508733 986612122
827376091 641461174
273148479 691627852
506710232 721157355
380748614 629470555
866505343 795668189
31172465 885675955
224583403 423653859
738309815 488883257
366487048 70177418
269729563 955057984
392540183 54419475
318529849 302374933
362626606 737463537
383692480 84716916
780305077 296200013
5573363 749005329
63711722 179391362
766922028 347273488
740340318 592437920
944463187 899433101
744166773 484566764
630777960 931766293
952516586 891844703
580652798 34262825
46534728 898072867
748953532 962392003
874111347 172272153
110221277 94141642
873664286 566632278
907539377 169204892
484545106 332833953
150605595 645557133
986290157 283146742
575755793 633279073
956572447 422612998
264504607 962224852
452605423 10273460
651114981 15284754
32341939 533045147
704549780 64759104
540776349 256845444
909157236 447675379
915681578 321397232
936848737 170540212
21227697 264862099
674510922 279554945
795740634 755667158
312274609 586065486
132768291 90712916
565694253 452901760
444438876 490676574
884878571 861914737
958650923 571401335
18822695 173661167
961038986 834163673
566822585 758548157
23956036 700408046
811185284 730092560
74759549 49166807
242021380 844050451
114168103 446496746
953497289 795382372
331962253 98826284
142071286 17313940
19977419 350835675
66058432 319929516
103633748 538604262
517441270 105651619
544696427 50803315
49878388 128597992
698765483 597705048
161213102 830889950
912770687 24724642
52704042 444358746
593192106 218582033
301137415 816523047
777162433 115447450
328886640 485673347
395454891 654419684
975857450 775260320
185574440 201533387
795474699 211263012
296931143 845324512
632391040 884988074
177506031 868252391
892081158 991299646
742533719 236770392
18252210 386185956
234415245 857449951
620750761 909658386
954713331 524433116
705224105 400437809
24225725 959963619
69405310 803752224
678030965 956639549
391447693 306688177
72747128 391519077
83165773 640755755
850283382 79202187
15456969 559589318
287087605 685408789
787732000 188566834
52566989 701413657
131714565 139597840
626779311 994547941
113057343 760673911
180010135 903495799
508486953 445161840
701129309 910083589
907056179 518572411
334451754 76401527
798511200 595104520
440279546 58909415
869016262 511533822
52788254 666583848
136706322 247266104
766430655 922143804
737080833 52731138
52070224 257285084
32098278 269399969
43414306 916222452
664177452 242782409
47783894 829400357
375695050 189400356
821888225 580314945
889340112 9716434
130205962 842734034
848538850 13485538
510166768 26060946
261088951 337417951
730365316 202059766
855610009 528843583
971670155 313728412
129912297 10593264
701233950 928147680
565727129 416979415
974693419 565855565
724326576 138248264
431139569 312631587
434828489 482520462
11146631 48245206
748128916 193654119
293894998 179200143
803650643 397952900
41258394 283573929
199170143 95374349
245788645 38300212
421140897 374714395
795926684 280066678
40316440 173324860
497037688 979586149
336808282 760610547
447909894 423749423
354283787 692448565
35102247 974237874
276914536 563260141
577886865 2091011
678505407 376226168
517200204 914729964
389177588 268868138
402934838 727645031
12613628 299158216
498785152 991055397
840220775 365769228
669077039 630204169
710528719 262661156
399671964 287945388
339116394 941614899
27145972 433187802
151748222 540065743
27809719 677253139
29867750 207179137
72880189 298214412
338632337 400160584
28755757 46661163
940948740 536094742
280303878 422550799
346205652 925735760
778387095 118093830
361724204 546011475
484143494 636495765
140864589 316031978
906214603 340068340
29538825 64525017
813436725 731022
177564487 284245
819254245 42824068
358489987 800531850
583949006 698541100
997236043 644974356
446533947 182763916
36778691 572608902
42811464 117037024
676783649 341378534
910546793 382616601
992605745 422622767
671068384 108118106
868559570 981496269
903016006 12267132
475428216 992018980
149704458 143502988
29398951 707852042
577508076 7628103
317019519 45168967
883155586 133207718
165061164 953493790
72845236 615277645
86336625 288175804
301823552 22863898
722908454 670569161
184296502 989843101
981772725 39704800
49197693 464811417
672769183 222610957
887121228 570159239
59930102 681112917
210693298 268031251
620579809 981822508
933887247 45295517
570192667 179894012
58256791 290430905
184641396 631461285
673178327 878230704
814822478 129513463
500462377 888711678
813901090 279611961
573104959 608072658
188728825 51791781
122117277 441944977
16888819 834984171
818622494 37474897
924204483 920612010
486710893 317599587
622580784 456976378
908980365 313794755
172182166 127652069
733864018 174056358
714041187 595379433
328618214 42604276
336938139 6452599
323868486 778987978
742064213 219149431
292262594 589942776
83541307 281825474
782914945 385615490
975074062 782205606
120888570 679929887
377622303 815048805
5148795 772542908
22439127 452432567
60263334 213047034
861564464 127279427
71377648 398526124
874634298 151121706
878362657 937492314
525432727 365645693
67713238 442274752
836751615 2969537
241496321 677560144
525713853 458114675
313983848 104999596
789494832 712399742
901528098 447447085
561409099 5875910
182572829 502468703
491563029 676713632
629648539 827213442
618770474 28110422
843023792 41460490
324550712 215026857
403529414 486294048
568717186 43247176
564588057 90463264
890265953 460554842
783547452 76078617
837895614 550986489
755895442 19837519
460532121 736574387
436327893 753291452
932353926 818785803
193759890 61420938
17055273 301389302
27128235 556182428
108569282 995141216
62719187 569817859
332582301 93066661
743316247 444427144
192024221 559618584
36422479 472201000
158153658 179467903
670659249 675022995
879557502 67622548
391108415 791756716
451646858 429112198
832962131 399869453
410456848 747681910
529083162 245166976
49131351 108723962
494549270 484213382
532682810 877706142
355075227 134960340
556924585 701645406
52549970 956516305
731313959 750881581
168357050 725571866
580233802 136609393
265605794 605838078
47024957 125768069
186321328 840595714
689478210 974861109
440893917 874122334
600023337 44547653
142094070 681525374
869828571 344094699
515678492 84871043
408429265 988219473
29107012 351362751
118787485 272829204
23010233 556688188
838011744 63754183
403481239 525481525
338343761 845734513
468081230 684306843
126059837 232637450
571509284 975465618
563712513 874363650
294121138 978554865
421053458 277093819
670649445 166394566
855620598 715958538
184879102 442447568
937399496 28695737
561843987 222838019
823915704 796862472
883232908 463374855
774401416 334259751
426935591 83755705
298560784 136358590
567117813 115615913
660602299 432234086
365985499 468688538
956168 238791469
889557778 52624646
404045322 771012885
68267942 253752983
67286504 395983509
133401595 30507693
636977246 458934551
188592196 363860960
719777338 505844089
324932106 284412020
265617375 82858124
534424235 149107431
790140358 669786008
388733400 789290088
362541304 231739606
73335828 203182940
538411925 789879796
40009021 119996379
542773585 20208277
825355516 886917169
176300017 166368462
455641939 785827166
708818899 980884906
607704856 852051863
538342499 316243879
650483827 164522690
647619750 219412791
484796770 933362430
531774387 275401024
295636533 836806936
702009653 748931996
439197203 524947223
29009897 491316633
389872499 520062130
294092839 350405242
42881699 398738388
169698386 272556020
709076038 255712543
743951719 833284786
906873295 154369126
474562932 607578834
477827591 785284402
571964956 116768870
573691788 37651773
926394647 540798964
113845070 142074
464769201 417251062
40962835 169383436
862370887 64804442
825564149 55424970
725388493 329314564
137543392 880049601
645180746 422937672
988067093 524423217
870323034 865402992
710708905 495883919
186732459 148867899
35564806 143838210
300707457 758597211
559958889 673833959
692660275 369105910
206165858 705773133
47210924 354507559
624171352 556330105
38908649 474096762
770419970 212927843
219838850 135112307
284051951 663603767
589882650 862956040
850123775 65589460
678992877 316075811
180743143 343620177
943511883 393435425
89151409 69343603
632920086 444066645
739334970 590589241
159826758 274175365
398452914 548257617
382514790 67784812
692474143 421123744
948309525 440896055
184597723 868817341
918538374 482992904
972846097 766492022
601372160 227326326
389642052 815987018
297875807 34572043
15296456 848874477
255613073 110234820
867188807 485199815
757013786 156716948
870571325 999743349
194036880 232973538
53578620 880200263
793329951 674926343
65184426 109828288
517179911 2632145
638785982 288842009
130890777 477423362
83637127 595274686
740559422 908942033
237806884 322856912
391773680 333437032
375834764 478637985
465569726 752655972
987649288 146791740
398286797 343298905
175695796 502460122
50771538 759222860
923720707 369965933
65418264 609371958
245986360 505362201
209046272 881040264
19498988 496601014
71830651 833565345
328089231 93301072
531368979 468776537
489047008 670524071
14826464 988197754
886969460 384240047
157835539 15844930
679101493 198744081
892502639 913544931
561008863 384274344
596173514 756147715
371686020 370192133
742556048 988866876
54127625 880014828
24191295 39841179
749974439 831617492
50728941 655885862
659688299 814582379
34612671 225915983
700838327 258811408
905643376 163883138
636457407 106446423
601136847 426933405
707066892 248990856
891348800 166787698
174665468 320189984
11981882 737536071
297168704 622920014
536861640 246850902
993325149 42897271
204883208 53220941
864079148 96363444
61261999 659644879
568905818 554984271
921731459 962657522
967544041 172011081
44655326 857343935
322684589 796553687
379894579 754842037
226273999 442156768
656846977 160210502
923064397 522000001
238114017 680321368
62910071 333401737
918336766 574876614
809084789 266331645
898921111 179900380
785149117 851456405
781509887 22920157
82903965 868485180
32278942 776861826
846705590 957429652
22889581 159834481
107084158 921553009
762933373 305411531
2309821 386077529
988070001 266887840
954360593 664642827
530050816 24582519
347444331 317354740
672808820 406318282
5123471 506978235
348573229 994163848
473276569 825724855
57698078 313520786
839637875 624758131
111503440 450727743
432653407 478035505
115777115 68107224
687976563 558999140
334608623 68886300
263710231 225541684
73428815 396552126
27370889 959911422
680160469 894736611
661061977 853674705
196570473 858953893
400656110 37060850
627962379 459601041
425572096 432269914
346648398 857040940
718818844 304072499
146409433 229697898
356637987 355040862
914377959 673514806
79442378 323432432
363744968 203590637
702189339 641962928
638188895 995888611
585315827 9067930
17698465 583346140
755907971 610759264
422899997 366288788
499432399 592112611
52967536 298012728
602095154 621112766
789553612 147515115
284627416 923453884
734696057 895938370
713055298 598799453
399090259 899067848
53478341 292407637
508505161 773510778
472606731 706453517
18179292 901051724
239561361 171323424
261356710 141119139
994821928 941213151
674381009 46035417
120732788 591775438
697777052 620537788
426181744 731612708
769559257 510570254
638065895 815753551
863498865 547375367
59381243 683007085
308490462 983537103
771681444 6657748
963906480 10680068
340418343 26816395
864989194 558661178
359487906 47907279
887808802 81810806
129981576 513335696
810549956 479117234
768208668 845258737
878335439 1493340
931731448 640147403
280308918 513917144
195765642 998029866
56676864 39982328
416237202 618115790
770493129 702515083
784822949 617544876
314402623 757859276
534225581 895159915
440771366 952322286
703945062 924387047
541972052 382354583
671677411 679829938
153990454 635894113
187431431 624917389
521216329 478243675
468272908 759719667
926173602 335830150
58728960 876843151
522558310 471619929
488615491 951497665
302416467 368514365
254434314 591929117
902461749 394598161
745709791 771934444
544533105 381236647
494895134 328217513
626843774 482829381
298378105 108995205
711689831 23416614
955728757 813538787
89946187 772556791
69705708 966674397
553346013 691372634
791136393 395509949
711424228 698261606
297203023 619895685
105949628 830803748
952545042 7594600
238762963 837399315
129763324 875506510
364619820 902718630
564929545 618708052
934824927 360135873
446566795 153469001
732555416 833302847
818770343 683510578
584840468 921829743
233074902 600403655
766131623 685175443
272666470 34365173
683955385 891608160
473151990 170681946
845894468 254444928
893235709 552594123
665905495 318328851
525583940 813744593
700104342 815969833
135945063 397022504
721396408 528127562
942294104 555325247
76025352 425218030
206400220 43911099
321876452 500379653
918472716 610863091
484530497 32203632
141339861 810434421
37949220 760083847
37149305 688050304
502616363 562546834
774859532 157097096
768244739 827598415
14223863 731338934
739397615 30820978
40598648 948761189
852701000 963737888
850464 519750566
212232439 990649202
85415252 314578876
301369596 693087225
475493325 337575841
239139050 837120820
424285976 56568958
760475752 549032988
694154519 571889208
814724530 993749144
758784125 509320158
740830742 597306889
434946390 236158012
207732344 67666368
574463357 875087947
584252366 33205635
669315364 862495166
647588 963101708
885757776 230915959
986846362 462217
11745368 730399247
23600866 814957597
611976302 716019794
449135811 40752732
391079952 906425280
836391704 249968084
469751954 613109006
241826256 543891328
942578336 546601123
441003120 836402259
422745269 387828507
782160525 934788019
89335714 788811207
690178130 386546170
352999182 138887979
157429504 681159927
876790257 55114623
368545129 70312043
731638552 269187375
164839540 333136524
832885156 91546970
158645149 791167110
69130635 9163863
539990386 46967028
155091989 196762155
90766359 636131948
954857568 235663124
701939138 961014769
234347484 40674306
214069567 915647870
64499919 921478936
424030830 161948290
30818516 335353904
193971904 391956574
273645909 733064532
505220541 282125033
40191507 285189958
56948608 245455084
255371686 922588665
219776827 875454630
448572405 405138709
492883885 450559050
855809726 630384759
135956399 88786556
393350162 44529325
42356394 446959319
765798613 777203583
639514914 701515370
44518722 910640226
30346534 884489271
339098980 440502531
457381598 59320754
570540447 961017282
974812933 72762695
116133669 746632756
549977451 409002197
440991873 779500960
298846578 726237741
421404176 173190018
487242387 979407764
392394370 321159179
887091415 635178566
960612190 588947615
193633630 800338160
878081403 583412822
945251035 115522612
418272648 408559739
618989077 447020841
592036997 55706383
40185448 901297113
349835335 632592712
114980418 564014018
360919032 390830092
844647335 299355221
484134036 149711991
474423470 388651898
594123118 297041497
144665601 450534409
468253865 702774968
86702433 569588307
881035200 840580170
247958047 410814615
538492926 43796477
50920355 616795021
662157062 42953071
65417193 43472607
44200780 121267062
183544833 646363563
973842586 994445465
781777035 690305795
265994381 234790805
426755136 977692268
824619797 714151897
821967979 474048610
792309496 927796746
782182251 657291987
13570639 484647040
79660339 337977759
190133000 363271111
203325386 277198623
875296611 80660255
957066188 422365339
971259509 363886845
413866215 498746066
360847528 587586440
372290142 735145589
599576632 640317724
136605578 576044204
372916663 777742538
94229588 749626256
752125066 536335062
59228604 100846256
920216426 2554678
970987094 75319181
474227941 773576731
284466887 747285021
788898778 642458209
380065356 202971467
71317505 901250589
994611 500776821
361197152 925539608
415325025 880592621
706744790 41198412
6939338 771270266
138609557 229789036
42081275 784481748
777675680 411308379
528786069 621986346
339773777 123033264
768131016 337935007
881118165 144222520
818400476 661867721
497425070 665122676
536005548 234690865
190244400 737171222
529318184 495151063
129652740 5544329
99194323 36510378
346446760 575484006
682739267 466496532
484636397 423027200
840754084 622716780
761918072 898715097
43686452 184433026
916902466 406700330
1655753 230357783
364355096 29317983
792130632 266225506
632093212 695960216
15946794 829970573
415698754 486156329
267596036 861418549
431702995 656661787
223003636 575743981
888030189 65629352
566937138 175576508
163076609 25690820
423395211 845156506
61019988 733957264
993681628 509954295
464178303 656093413
812754074 467650869
561828335 372146894
803323723 342655529
213459046 745521165
874127370 690628509
372357495 225760661
947798279 368630993
422207502 876098575
48774659 481964277
16602853 575943766
451933913 949185457
610511633 390515706
186395633 422160797
715585651 263098817
305377995 635881673
552388167 210637345
510829690 154412343
427056537 579335111
912824357 62793052
946580426 287370260
775316360 129177251
221653776 570459034
617458545 470014442
866589427 271657635
154420291 128081922
27868880 928849323
666952311 79853107
579184731 185735649
63000853 8394933
8008213 369058218
515945536 136565049
67980762 20287774
163300777 5738335
524121942 594100873
644589847 208869693
778369675 405734123
847395557 68758493
662006348 524162681
8448642 8362431
919773892 61836570
23220465 497636692
680710640 188720874
4426059 765771138
431837217 764086458
228343611 500345891
831277179 324092045
478314365 196852358
581677433 498276893
300730983 199903212
880317799 896811861
59464799 26197002
339978982 574243028
681457761 600528270
781073771 701248112
389560443 215773843
273442240 928212913
159280720 963637548
270733954 177947730
719836056 299469279
68196001 793834691
763120287 552711718
615400420 11085993
655879874 391060720
979926883 447043933
916862197 378294046
986082826 357042793
828824639 75879430
799578908 803381775
405417532 647595508
203500206 105626561
345214874 82362020
229872168 867960490
45946524 362075081
630563016 34581027
679292316 805462921
703584286 553908798
916238210 135786750
253400208 628620351
975248461 830296247
685934040 279722782
394741650 719152437
868611969 528870407
865997559 824421231
640936302 566780634
684109495 448763726
164526164 425481900
70461986 987807794
480843323 562722371
187257882 213474667
982160128 507366558
138341271 649990848
237630677 860124523
547168292 904203500
175153344 59548046
826204768 15134236
733729560 946400161
875594878 863832690
18343948 281803886
768748229 832926853
32156186 948666231
571673617 853301726
288730269 664659823
297206352 627289981
181215288 157090494
66593029 427601490
10567532 734322689
36834760 883728325
33174792 917570184
52268741 754547246
273747634 723707606
135322426 204164445
546485604 712660772
742567417 990674708
609990121 96145375
597822955 346642312
456972644 348828709
732944522 26238436
737611209 363860556
146756198 454132933
96411234 332740699
187959201 377464511
159005771 390387854
482802803 946787030
989910774 468450775
364785062 267741446
979092648 282726488
439804187 971671228
84392698 528558569
63011907 741000027
60214617 989051544
950953640 147897528
83523463 925367588
222094946 964391838
62038552 674511746
350950562 311097419
455032566 160588632
34832938 46603504
112582621 761129605
416064467 816034869
249387231 865272727
807366406 561498547
36727009 156410450
592481859 281408121
918204957 807194672
220073886 293083015
322536094 219533531
815144764 482036822
543026374 4298421
777635802 759016270
570994635 63506257
31130438 577700430
948826166 322211831
111155940 734187304
166903907 447711780
92198955 5292577
858814724 776466440
165676326 69291126
24076702 153903366
56881906 928753874
860596490 351139383
354946119 362085337
34876917 952133351
788161000 57582752
856135520 817462551
380030769 259446067
815283489 755980793
992974994 22993678
732553313 962333303
900339213 423821220
80884764 735800237
377316282 417817307
33418147 480894826
983654980 982671757
834163997 621203635
685836138 877429257
408645122 647202880
924483199 52441232
224432031 445927677
930781419 46072280
580359574 690842762
767790759 851902861
956436571 145151931
210243268 100235979
571768247 615046937
980164581 562157733
150196552 226460511
526897345 641007778
599248127 794340862
973224098 661272890
749414816 293778841
16580071 775460445
596152134 498021002
848586887 79377900
381640157 791749467
766996101 156093502
883803558 708763982
995186813 164561053
619065271 456058070
562356254 652155334
695039608 498784795
612817580 59093099
133656103 205325690
333343102 578252214
992820565 922023939
530840191 222938044
736626023 591336441
901912750 734019086
846519061 316629333
657886366 621104174
533696238 322417219
357551350 780441617
250201554 344790948
653147889 657318561
38410102 155723146
96814815 984592446
794015973 221317055
597239971 213763384
326967546 347366975
125876275 743174743
966280422 605919673
589650459 248492372
152030896 249376786
805393403 327323997
46030767 53081825
346123524 245265300
171104530 54956532
300211838 480188304
921465945 683215818
943428677 32058842
765242330 395509272
619298120 940308083
23655229 1206851
121875465 83515722
488947712 864279020
770672415 38999749
882500083 125022048
472304055 782070336
36037052 687640100
653497359 740321417
839281493 973028719
443796473 203844704
394769034 469702319
655723870 574386942
307556220 123894274
383380152 527487115
34900767 716083902
177405335 898852005
223056832 298773483
59473181 41293536
915333497 357356739
449470595 53355329
567366331 295114041
38304658 257013442
597426892 641528431
909816618 473488338
38879813 26458429
944679870 138262225
695128468 436262066
948077525 771527320
650319225 824696460
174527627 66712302
398222218 121325502
576684558 702886677
547145902 406125298
450960418 70669371
291167141 112134916
28413597 763109386
383686014 321382275
757752300 864907033
876771872 457072948
427150220 711771000
68161730 552861327
231820946 226759464
25668722 434872383
164342820 243277471
433554578 111900070
981804029 814730569
90348886 299450711
938542316 732092930
687571016 931163547
169053525 397103005
59669188 877293805
910465967 534599008
157476989 19576957
342634245 39158149
156366838 17159345
742733686 29388218
34768649 502127520
446445237 110723492
24344932 408882581
49669768 845643604
825400070 143342482
785607502 620909016
809732294 254337994
921043058 829100460
873031885 944803877
475970808 77876035
832172823 717142720
740577785 418499460
251415031 521142890
263083294 823802951
476816016 520400681
709398823 463802588
361971036 213681843
45407334 42170499
718319272 838627573
443710278 676388086
309589782 392752271
250707134 797694684
570354714 600363862
719302366 299815507
795144317 54947537
23203146 559706479
978091229 380394684
921648057 928598708
491583532 715670408
378537590 799764894
120578093 923358937
790606559 736814874
9893881 637578247
948609001 515003915
524288640 593649309
17807002 517840838
54195968 870515933
578792077 46938262
70503824 341472315
65159281 60642360
682509721 553702877
146612363 678683232
182499415 78809889
172434225 968088370
166916444 808280599
11711821 11047369
54384397 424614403
913028831 885691061
328098595 39466972
686712186 854948982
543288107 154249935
906579141 615378946
690469126 50329276
287147772 828635972
545452906 92072633
6212973 491196314
226874975 975229323
571529468 881491542
888617923 561166896
969577119 50756413
177140679 541014615
95753187 964832012
708210032 980827365
466319205 484846574
424226583 443078258
253360474 629618183
265658089 537520586
486500360 677459436
165354343 942611566
577561674 770896680
546071527 3494159
421851663 360463545
730583313 390442522
486299868 4187537
707812707 965418536
958059590 79794454
885095854 192866441
27052663 705220514
901302679 790512577
450825907 719096580
721581078 114062346
179117513 17318653
792433658 76246991
965800609 949426627
183811172 21058608
40929974 186167426
233825607 469019009
359576217 47993814
811574254 554694602
689963627 641005650
9464181 966601545
467038819 716539644
42926927 579520747
517663053 813070798
63604672 736621271
256333577 89049143
106512481 2407651
457757960 806921112
540246175 861262108
794728146 66094024
840202811 443573315
731490947 997557136
307068363 713751115
551323978 470256943
698481975 538933980
370931689 554194647
478680125 776508883
362723128 790409007
13473516 906262463
37553313 258677199
14396462 91377253
883124901 853228487
149840439 521313597
546103638 29183511
610130711 151642611
34160347 420322361
618296110 610011368
314111983 296385684
927265714 204583342
118403170 933093638
82987819 24672654
328178582 190538082
484939254 70046214
974302468 815190511
622687942 915099972
520100021 696704998
331136798 811440813
647177161 438533621
811722713 473284953
437830899 325492926
492460450 38155924
355407098 646794072
686130556 530923101
990351162 5598157
645319996 92910570
866460193 205457306
267402249 9215523
823889843 533575731
786992867 132781091
20435974 767850364
233311513 884928955
214112199 23706705
833040594 21650414
548904116 29779711
441622405 271422838
663536159 21607368
214463105 1136956
745636721 990919012
601345894 753647844
203850404 437772667
696438953 993174848
842995912 814479660
943504916 321623768
509589119 956218248
606868803 639684713
830411905 88401943
745103912 557823330
52868121 968089426
876373897 752375401
51733925 274992935
73537405 865781204
143219483 611397497
340351986 836451376
728773759 87412381
458207018 214895805
230040686 294727134
705201209 835545583
779980438 455339514
192413577 32813038
721171002 294587299
777158486 728775448
196598451 901262335
373322803 212711547
432660458 352631080
354126211 128355932
8531166 211668653
204480000 522010291
481120806 346912271
897289271 24368555
365597284 329200452
888029962 535813670
659916502 962748727
833138221 234399287
872463819 581361222
926969514 676877223
110159141 69109955
519693149 75057265
521992924 499026804
17629560 665376581
139283834 905804308
769981696 106350601
882724000 487734735
794542414 190098515
597272960 943215049
302004624 655655921
253871969 350965656
911370565 653078881
547716126 69848005
704861380 341130841
778510503 35240014
154614198 472281152
12415359 189616937
667129751 37741234
525156156 6112438
40929337 47263233
642838282 524063316
943220801 32325038
600984360 140621007
193318824 283212533
22272360 431096553
729242171 63197502
454311349 398117849
85770267 40387245
558143109 76086728
481803838 696473235
693268843 49140310
788287213 26827770
153205128 29018899
441430596 70638622
535441939 788889094
269108917 247896302
729085657 862138922
230011269 567939470
626740407 892095468
508417869 677566168
676020770 599493038
595600506 116568023
490938272 179081287
653075917 855641674
819210316 756991873
862351580 304206631
274803286 686917273
909073551 558981910
794746752 570921155
675121572 606735090
345185698 897933731
64942379 472462411
794318631 890292693
670924556 133032423
886598542 705846118
89400957 712617020
89147370 552838745
2147467 443520503
424597346 13105954
23345306 425021561
921977778 277625135
934228701 852613205
791938472 107026266
208687325 602837459
588498343 114525304
590230520 173485423
283675688 773358030
106931167 463002715
698106420 115673494
548353814 610424057
770277867 229866366
43876727 264578914
329070337 6360871
365481649 913662434
852856636 461066924
438359746 906429817
994327287 561029906
322013825 271796827
829160865 299613400
63246357 303117425
870354494 717145714
19217790 56489942
143247333 392095429
979107596 498412891
836774465 729899435
829128676 198694660
204384784 649004147
647664767 820393096
852644263 64460892
860379945 933521365
762917228 915890466
381918853 699853194
627351643 845911402
261013000 249908603
581389442 570519380
16948345 341366576
291871620 677983986
110402169 4363365
253188889 267933898
286100213 320799629
69859212 92537430
869351349 854504520
726154813 463867525
8406479 108855280
579803677 368591416
903473717 446446610
752412724 12291780
22160419 889420012
22674461 907993207
375772082 864601588
780594314 762439437
298361929 862307921
188944313 980612663
843793190 7705951
405835781 377806876
538297818 209091376
719911512 395238358
562109641 776401158
114677936 859369972
475630509 690484698
41210530 170703095
522056212 6482134
882122196 995647958
842818526 948760544
697646721 59591289
827789760 582834182
548018169 181247042
746750404 400002579
286838046 997942401
293869511 36488961
930541800 161760507
487845369 979038340
720176866 71278188
337345888 847237500
980931499 335922944
83269206 294142596
304250230 112248540
280176902 409460839
676101258 574448788
11965426 888392356
853924803 2687410
167935601 555935729
615663887 817153846
443165994 172948150
847672818 639803920
366964378 7472526
545802242 670502823
497549716 762052553
393337196 238565974
88049595 339335661
30263661 78538218
328334857 406704688
825744601 371469350
205194572 209393919
195030680 67813182
13433507 181880186
8794148 197212255
705159173 324606454
104708621 902225958
153097403 862623866
522972277 352915237
284974562 890660675
654712724 270305377
393395946 373949760
672572468 404217814
244195865 135614102
947328054 735209201
97177864 904450333
525726476 589719829
861224228 349696225
36675133 36780055
89004079 987258018
437718500 344983746
990330045 40274003
820929841 279191380
105146040 466334624
648663783 47139838
880491484 676588129
49641435 11908968
538125371 93691176
880499068 612269867
698839738 582071224
437636679 269525589
960617874 52964235
8403021 945274345
128042704 236829772
261879225 947886429
796284118 630606938
657950532 758514458
111237848 96089419
811730109 401374463
64735070 739399783
949947272 169097437
301735625 113869608
986102044 409101564
757755847 737027009
876620676 369903765
808050654 414141844
38261214 403353687
731328999 949816762
120130783 5778147
717215887 887885696
394534733 288429391
82022104 196186340
797503107 139720615
913621142 790898460
809112305 37728615
39273202 752734991
615331993 628651522
455073002 488203737
256429971 364976478
341254095 435434827
57328265 794897493
464949190 51566184
749615421 174057782
980032584 786916331
538957055 97022018
508586146 635715261
495486264 451302447
725083253 231335551
447370721 948467369
337818679 517950469
8126474 641643724
15376303 114175960
443792473 798745515
562367614 400656051
263655298 393452749
188379794 4632071
208318160 320690858
99477681 156070008
887676579 229664050
593242868 514251357
111009007 860261958
66235720 497376836
88691130 71188029
672248814 746539371
809176991 812896352
155925500 428574792
66869836 982007663
485849 42220291
697415944 589177370
382501830 63117814
800178983 471431048
661874256 797387316
873464981 65029076
678334687 221135359
379018321 681278603
67873835 544922960
440690414 326419759
491199681 953139796
308670227 467237815
554834818 141686249
400338427 45487373
529341987 63504420
106716150 364726671
759992238 144605390
27791591 446632334
211212544 224269283
47772868 38924754
513947978 408159762
764755993 608835603
484077200 55938879
760843398 29476738
437857837 755243269
447935804 284267838
200174925 872611629
679348099 274167007
467171697 574744632
422445879 569382127
9036014 574068698
6955334 779946860
522562414 566152572
844555829 281039431
880960110 22128825
19965079 146641896
107473343 189685218
278614941 922470312
483371013 859028090
886081922 532880981
52789051 484637115
663308825 912146098
294065452 736061711
187893067 811127284
40509946 445537432
466592147 549544006
903891613 427291561
741444734 459832646
53619545 914599242
725457714 538952838
540030543 205442232
824851172 234628620
342046191 957713890
348189024 513016530
32449405 513255917
144420229 692033862
20210578 683027378
6809542 777601483
263342751 486839355
505680554 712866615
221729121 838356809
660724557 835274579
691069294 774404049
42121693 320755550
434215856 260992122
6391837 56526986
21015268 986002464
328541158 279851133
506764314 843723348
296127394 498350545
98076472 364719066
609915599 618107029
616007543 689904426
82743426 58973898
135201765 605279472
619780577 224696550
789596130 153058444
595837607 665377365
605776803 82462866
177712547 742363635
503614642 360552266
338914617 354221715
693294699 964973362
934065120 796130171
427612800 663463799
55708322 385522917
36452727 222528640
598578081 959093888
947755815 381514851
884852365 545068525
473888574 34633069
54183214 128914243
690924990 547610783
399878624 889121164
272658299 576539180
806445585 493643077
416708255 284326396
58855108 268027617
168234790 354213420
286242066 686526278
467332962 695896460
875740836 218668111
814375032 432748575
37046842 752391497
365049569 170927006
796183591 266741622
232790763 107751413
17151186 670896781
557031733 421869508
737649464 745276728
926888758 723624160
49530724 27852691
938854327 713793744
965286142 244728245
889056084 976111952
861876666 464991263
451844351 683062481
689503204 578676814
714236541 804522743
462459098 646026031
975497447 8227609
884220817 12765603
49863465 989209286
885125391 485392133
482246792 860061243
663322863 9502105
45628693 601305325
565196257 40302369
151203386 720001028
99135015 194056014
467026229 895011038
305853466 108393029
744019351 903857544
893353635 435810594
702834117 610140489
727712194 751201906
54886264 85325079
605753098 813996728
804850749 938050592
792659490 891420905
24144374 262107202
841766214 67953392
11569493 824024723
622168516 57959979
966727785 984493018
406859904 562794476
271656714 859623700
21137009 130486776
96002923 26580976
273021217 371025675
136368273 732520276
222590768 642105171
784599252 499658710
28296913 385531121
61933155 971366467
263776333 523829371
350698431 785877531
327086716 696190332
228129851 395660818
878675790 923619058
392737923 578250897
3129928 187032527
61731602 7935540
873870079 508304249
18118329 477710410
298605983 428325450
55344926 443885912
21021029 429940241
440488764 516944277
534965033 979384974
995822045 495651695
432964046 701736442
19515938 831358981
857828049 59340157
4226564 4397482
455960768 869378486
268497096 182786666
760694207 587098935
132955021 162466941
45824515 681858823
115059652 925446869
829611611 114891550
668448177 627221397
365402276 762700524
56388847 13395606
193077328 89396178
949439722 528062949
824245480 59857318
51218274 409003584
414453893 80380724
38212846 580371357
85928025 811642552
822541176 16630690
794254629 599148133
244176571 461301807
329401281 628051170
970859209 575075280
114945431 548534727
16216709 554783308
329759016 677815844
129311789 475953945
533361286 41388282
23755721 475127780
424592344 991019968
3281342 66117901
735540697 71824607
270361918 811766312
37402200 56317495
672875220 540069502
902785722 669865368
691100381 579247499
127597685 860702026
190276617 242345854
161529235 162596485
381109215 35715515
303843124 823279609
619480886 707091292
475685899 476715592
709208765 280129964
905511135 56263302
117551988 886961323
875195660 661813441
546510640 702460813
821029632 593549427
48100635 45309753
274665663 709048593
158768690 728260815
232716384 283003007
283536837 206121500
292012173 74985881
803598842 489758244
214228231 236521644
950166603 46232481
550647583 499877883
33059331 423371645
180330046 500964411
951571653 197680474
424478814 236503319
954415877 866896906
705569423 655437228
787349645 66478103
782709107 89673998
16660218 583181885
974078402 482516674
2850364 208541676
365865159 866528066
566144281 652379079
524375265 639342716
7719338 517107751
751988227 826069587
633131485 848234904
994199092 107354908
452187122 156211034
585144848 645294114
44914430 308953057
349217093 84708899
971805547 748199254
541585174 869055953
23591797 355869205
70310107 362434642
784733102 528502061
779511936 433841088
635575163 869641954
87148802 69074344
436667797 385400110
536529654 559724944
389234826 961280060
186704641 120811883
324423482 236216044
948155488 53149219
126988634 716813138
20731745 334754327
293149683 772116278
350235625 272654233
475202020 795035797
850666989 436512111
307719260 908011039
318616056 431459155
367993697 950657975
439751595 26291828
49718860 601065206
971722808 416005619
939291722 705725353
502996710 249759591
662578397 448114766
567749008 383177561
825217113 20581019
230825254 174428616
53758055 209177591
470845995 357750438
56696965 38667262
107550005 681748058
8291972 552320770
453343088 903549500
730262281 167716485
435113755 843359516
417659405 503626176
440647689 573153211
162980702 561971231
930243618 739673424
24258842 265603010
108727264 874117124
153647675 982280702
321998546 57154422
19021061 814669786
628714524 497320761
137457050 761767570
243956468 538155857
786178152 277181463
43131174 283486394
4741301 477445005
536630674 947110881
426807066 42940362
10788010 672620328
772031492 473334239
992304373 225268582
429987893 772841864
772713870 227785829
958051648 458143162
952381605 678110562
196347409 585799453
12219388 601195921
476266339 176162446
52189034 56410773
856668232 361488797
336920413 762789645
231969444 78423821
670908753 448619267
574305202 484756311
212674650 892583035
646122622 920116520
750023583 25598442
584856169 369752542
3317980 904179898
178767785 136483343
169573599 490621387
498676678 204242434
494044171 42319342
295152670 30499380
714085081 602849896
45714530 547316692
341632594 774899061
768212759 927280455
227699863 69685442
820213269 852804261
40082264 874461170
349500171 771827258
801100385 922960154
509386746 140496134
75937801 531440965
661534645 94888765
852929984 337414897
7126631 888332488
188989066 877972624
426609165 536604098
95787390 228115720
863607544 39819004
379884103 363883571
432653388 148820602
207352227 773997407
587834500 412734452
876058087 796496335
983035372 508834133
132572025 15247160
834928421 632510271
581600597 495757894
420432804 947801477
50017160 598106389
560862260 98454447
969737656 333615544
92696431 295640442
600260506 446061749
988783177 728618838
311211387 110568326
729008261 773446374
73294007 209548569
911101246 114568068
788053061 300141137
963457888 74453690
415912233 10883716
582004268 782472393
574577408 572723195
153749943 625325350
418997881 41616501
241034091 126814968
950959061 466628004
125907589 593208732
946130798 159814063
784048277 745062689
531972654 59055022
476557825 999672524
604680723 561219633
139509379 371406229
232921778 637313465
318060966 22729895
638191025 302796092
381963085 64045541
719539019 1107622
23050285 815644256
228664016 121335123
886807118 581216994
931627810 649887894
821946765 30538342
388911929 956967990
75355165 904966301
901638816 790267115
105277185 636675691
338747894 329585893
380733075 59561062
278115182 375691333
684635905 75753823
323332943 525666722
329069771 635165394
70789237 703987334
726588742 522702196
137145550 679891950
579299100 532674477
100220382 793258702
865921737 966807578
868488507 666973322
299252511 413549066
742793490 200724350
581832131 30454275
202003616 699528055
58075566 444682811
380455097 767290935
16766893 935020319
605924421 924970997
54640354 895720400
366773438 846325723
278413122 360842912
339525300 23160454
83965973 662732185
329453129 269683850
553503864 929569527
566632373 877359852
207918045 86561193
988747714 18833829
188779657 63992276
658007121 171523110
57854485 550534480
533650644 379724751
804827119 322685993
9890001 135358582
505554390 856195359
661729894 203748070
450651234 407784998
493933248 993868636
703183737 42272999
807704227 62703116
717284570 130649917
349453541 491286427
164224151 202931129
962052338 67439011
966625683 9447967
559557450 4291889
877180424 716409830
194556414 465041739
76109827 866503868
522299702 549690211
386804197 63962367
546718638 162476005
330928868 204163141
795386677 971631791
54859144 426747350
186562860 619034515
579193392 392405293
546207501 22573783
67733898 504667258
522243810 74881461
124021535 749870883
370181065 624569564
476211141 818719294
430623351 664563437
468406314 362306840
814627250 802812158
792720207 455764401
149621461 498102042
617730314 901339454
902113872 799112383
293884548 887038118
875599909 774766943
971854521 852952325
949262444 521897185
60126971 197054509
65647568 11521053
775247727 483710240
16418832 217269603
351926157 196789398
698673279 82822388
935300772 364138877
873877125 66195846
207069269 652617076
135272987 449364165
398714132 966272336
9099345 855892941
259424938 30981014
452629965 976552881
43422901 113487623
814164803 355593719
188482854 95777552
525541886 458215706
128988353 93851734
35539037 430385415
464483233 874350384
992415319 508754848
967199154 815349292
224039407 195978556
871730997 591394441
631620545 865629476
372233536 476614843
774505852 984701464
106372667 3299049
253580388 60546760
774006372 533287795
7024591 574305883
741964876 479797605
150735787 385259756
225782104 166661
132922612 301379592
237152832 43408972
768704062 46795056
591361939 48756580
73475119 363664478
196763185 819337518
155916805 985603193
699787216 46809023
393383437 491411423
600150904 411860702
3651115 620851940
238050823 713582215
783289941 618145356
472685229 17479531
948282135 373642195
421829489 864249710
993190417 478212774
703900075 801371688
21215860 264621032
371838599 155095397
798494088 277841710
423914376 273287589
983625513 584877827
5986562 828151452
597669446 292427109
895652000 475032499
38769504 419815493
341856733 866098309
9201936 463980043
817225354 61395299
93280899 467333648
610152782 32164816
321756149 72056609
214188064 340146950
354321721 487958020
335987919 541024367
533813816 183821803
37016955 574260269
558257517 49740545
378588441 213957011
508606565 767363815
684557299 800682921
936684614 977897260
307386406 665905580
940208709 625663447
527762978 353651595
666461230 173482978
146919726 460506732
729597152 583486395
875723745 683530533
687956174 284516805
47892136 76085443
877035135 863836373
204175944 659064070
81501967 8267447
589655123 429198563
858099372 685240487
195468210 459793153
33356569 57411544
967198498 324731452
368645680 6354416
40912308 99402277
916632152 609933705
72636240 347888512
69545233 197317297
38002988 97172677
478941042 906215275
387360855 314289824
815228062 415811629
482900017 1296497
218226257 994131040
726910703 14707403
767488858 425508580
193873435 133907962
53985308 252592777
469513490 591288950
697575697 193582742
35043716 114430321
703395649 210092869
596051959 577163086
731286732 561641029
661183556 604803623
794760037 920731447
66025496 125244998
946124499 695721010
967486837 758925997
22537586 561763903
415032111 974263694
968614064 904736222
908276080 41492179
187014544 399497087
720697396 603629209
645657899 90572809
20480462 677729709
423011626 91705687
757640033 420619797
715268173 713789110
242310503 472106377
18493159 506306920
963630125 62994932
256761696 875134244
141801557 258033658
159270578 97322132
889161555 922407786
582815980 355022293
956746736 642865103
305193394 944744186
942614219 36723429
542049467 211112586
823174867 457534235
8823889 835728382
913633742 761209878
411143125 228144196
815250645 649036589
291333177 378136126
644289749 923405294
418580612 662573891
247658255 656653464
756307025 450205597
700234137 936661663
342031952 766480138
567821276 156491564
596932803 724521275
894146324 176073626
179216899 532135512
658417363 806514170
709575929 338746234
957022590 871189903
819292581 289488687
729598158 475084626
70134681 714362362
135330384 186712688
418716799 303449808
842532837 354673863
330997904 859119516
9683011 557725549
441246491 371306940
506988402 263949098
787465476 185448065
871030608 696683768
960124738 493720499
425934862 392968842
458611551 255326219
244007089 559703746
255628283 472172472
19154321 900173369
201090378 82761946
834270 943848379
854771090 579960842
947079446 436223176
85032366 25980112
589635984 937059861
538589581 85906987
2816755 36218889
65235124 311129869
631985600 736572224
529690296 72768220
488468677 569601291
652223429 629570034
815125928 172782574
794338585 887301661
33578849 190018593
362280329 808961824
268094655 453725199
713879036 663742257
118806755 374997210
683146731 410652537
454075328 541491925
829176807 289862807
673311393 154845705
302958099 474477341
472780963 44452016
290878117 856841233
672003895 4710846
76238953 968593774
952772258 593344851
751367999 35451552
954156668 368285002
473671832 386930955
427484724 807241645
593674237 263283845
599528842 181447998
105837447 715085784
301354260 522514927
971138152 825869633
820782778 764552555
689110881 585353971
152299066 758439819
36056394 675356564
265605540 50935010
200659853 242757311
550033887 19905330
53257387 175211905
56707361 774495732
65828533 68619996
506264956 337183444
555001301 697671751
873078093 403013170
91582659 177952299
292971467 420730787
85749072 999833704
63203198 399400557
948860638 16703182
39854786 627084815
94513382 42167717
168902221 450380471
885055345 106693157
36820383 409157066
237307807 880932606
301454228 211057247
58750498 569256146
68583126 60707268
121817540 601719478
33752170 50046455
768362462 722393780
53472805 313759791
52430558 654417484
776657708 277854546
270683851 825806574
746879616 862343804
258650041 7917186
744766320 408135549
378299987 604470241
379895843 33389402
156318298 116170585
259085840 164943564
983034143 993240876
67957893 457984189
428676619 220738578
639092517 522501839
653495064 513373619
818131554 816109525
844974422 169236269
505376775 7750231
527362407 238189460
642753968 65315090
857689091 12651117
745342799 740081525
687282805 169430066
935460778 627938853
273782556 676501201
889759960 512335738
832290283 981994029
68504262 398687232
999535849 336993435
857204153 978347767
948604082 400226150
64075458 931625684
195285236 460727116
551670860 807552446
907208946 311067903
486360212 595340817
610256901 33335717
533471274 651339486
61009430 993157976
522762868 612676713
516306981 525612454
543037995 592691369
63439046 713822738
23773660 363020236
821432478 122119314
171853929 817407153
171073258 695463951
100286854 200975724
372122105 834730728
607286845 137580485
61812653 417483631
573369706 53617592
919350782 583758954
8845886 957725176
506303350 435351955
645519041 796714085
273643446 311464985
252852297 282289818
817673200 903823133
645397509 294430817
492131179 358347829
824855924 50230332
596235266 100872173
551311597 849296349
33713316 60200513
900793369 290008238
400809943 467201828
662632052 578196555
503662638 567079676
386724304 864425219
272235734 687466276
123042514 452340316
546041870 145230440
516149619 67974027
404298153 656527757
813087104 673122815
72378255 217248711
226267931 297865688
741441082 2770752
504939319 269836904
227526969 664300951
50228256 872704185
575724464 906907743
49818608 991532550
766124245 497151388
640575260 113448000
291855477 183006282
458919142 462441099
723319661 674934998
219444200 678539710
964539442 686999970
17281167 368769255
159872842 481119109
617969564 497121733
734605264 176686665
659490469 687603020
833016820 342112555
431578258 956583972
848643448 572723038
420004385 357934890
425394740 350874761
59463778 57529326
961619091 39717189
472560445 99338547
732050452 938008480
933391848 600862579
881509834 99837852
432723825 935283032
815426780 321561520
483662137 121530435
166820614 935198022
102787446 569618633
897716502 547090748
662881200 149548849
944930671 985074788
142700869 499858424
884504202 642037763
395567590 438677581
67255663 838522453
593777687 245918357
35695169 508636935
470699443 711221992
148885681 683846588
476079206 168628114
489255558 520873097
991483441 255351187
239677979 980024441
606794218 67245855
79788767 48123402
972672953 743707167
52898774 980051886
50401179 555321519
862046231 273897547
85435363 462046622
5156172 475974587
715658677 174437104
487118391 571832140
402186634 349010015
370972455 469882433
174575022 696524758
315945606 250558031
625200324 372214260
544302927 623711265
185591361 647443087
721734544 298567637
52733164 199476527
45362412 4306812
217583974 199295375
687276316 833918367
28761243 943484959
634725993 606706102
194403926 767878789
623522867 701812910
687945643 464247831
467802989 172975979
92359050 314838626
893130526 292946243
552917811 482637223
134835426 715625599
611273915 461506904
334265704 67376862
57855884 809030815
110732529 967703058
624357091 717347544
152628183 151615553
367126609 14371858
352421636 201044102
70486585 224692626
297773174 9685356
751312472 396294736
969875394 45176186
256691769 577580920
134204046 893414819
332144573 60152042
749851925 494505426
971533209 50235834
186108583 807940964
901046231 32656561
48016421 243151276
418842708 710609098
661000842 888195185
73934656 638006710
17714014 913653867
552656289 501604441
47072064 69832137
552379345 21462859
797222502 580419247
157979131 354391895
784316180 686678961
57276578 189018111
369783335 809685082
891013402 564959222
9233292 215438759
589614605 162625956
971817674 888031372
433730552 391004070
931151732 873139821
511992235 945867084
26928568 641055142
681386188 870838041
650607827 993326596
588224084 826595142
480440729 30655817
897190673 125508160
756795122 991792044
359433250 342898469
733140568 899837015
531180415 472602699
851173467 816936424
962758766 806741945
681209117 127704816
964626447 507147179
218528982 620302967
433509841 679961362
239536208 37913205
812876794 67861010
645484908 354453083
818971683 540487299
13108124 111014792
891088825 908053617
649307239 443633109
259432574 532245148
894161897 540652041
590387462 924528377
443800911 307678309
101629243 35920173
438310751 19584282
696670937 197089561
462951662 106585294
201294322 119185226
51993447 780571
840183147 586089861
958342477 338125071
667925373 650080578
999693998 999770541
166770229 34748459
522697139 361255530
388393973 230622885
443874584 44544433
156391409 387727424
55907499 140956000
919132850 458061893
42162640 10289480
999277207 209577009
919998974 919483826
715007055 79387188
176254784 258064341
119440223 87348657
978932404 518594145
95242914 31556032
212616463 190826486
362190021 449073072
974631191 453083565
840713415 522323839
583902247 260914062
1287294 13529184
198205103 159530264
422645525 291566397
607401137 862167485
557487495 756369714
308330053 888513891
190004006 839462926
156129302 780026085
691252247 65086677
633861091 7031950
671678419 24338497
329922815 9940645
430899623 704907582
992244946 964592605
100124980 880978282
905370453 428466144
65282800 416375706
213129113 742950862
451397795 144269399
6775360 21969079
740846059 438697052
30843908 527463458
599655609 67711769
851120684 138378
837979602 107156788
386556697 303981019
209873231 504707332
271613119 98467322
937014045 671957780
99397412 530465082
408573821 243296422
462451939 322793192
194280325 600178221
758973355 660269504
160183709 160861137
354987201 546910326
234362371 542061039
953781625 886942254
159350599 43062166
510169025 109953796
452742864 780946700
163625623 668063877
280614230 959571015
568251022 634680883
834051942 830427508
504449613 469885445
249695713 230326643
993592079 256375013
475938428 105604185
956947748 290970416
314491970 22984684
524753007 736291130
407482381 741465644
185074918 333320135
842459409 507588037
66454294 616555667
39095120 748051101
428594332 599790283
844091944 117659723
139803820 186193810
686128322 49989789
657617037 491245181
791726752 852684818
479385627 4836887
534966807 84015710
465182277 551523421
69182161 727813866
704483725 499876675
19055690 174962001
738415754 991014190
864272470 813894116
990109289 490303864
342673302 354501159
34229096 210364655
249802246 539590993
590609753 5055062
520503665 958364880
619613221 839986914
518302714 510095554
658277959 954400446
532765846 76113021
552534348 747801992
189710221 30668039
619477594 284384978
217302780 664972192
795444902 152619681
50807638 630378037
993088508 312056305
940837854 483248106
517830971 147747632
605419310 27935127
840603350 806393535
901325748 277643851
988268372 150825844
597659696 286883780
584474577 733141786
93946935 159516405
877133947 722534127
904644787 2528391
531854614 73355812
982233185 275838297
148727161 16262753
912355409 235869943
471815694 125914689
579192937 406548519
732198997 523110862
260439010 922116960
346639202 620967181
782145994 635645264
750586971 816655476
587208065 730356054
922777339 727315308
453783356 948700678
560322065 855269588
831990917 251165097
166847490 92281726
388358328 829949626
201096002 874538673
53511559 446218346
359470815 512769701
761389944 7288091
67085047 910771466
248793698 98317546
176168253 163904897
727046643 901976606
504235384 398449185
581376557 777320890
727326212 712513523
163144676 373769713
333904975 988736374
200284482 68817578
860416348 472218909
341978691 391681029
744985156 778057164
58439480 466609870
52444847 442915679
306643785 484014347
596546400 348093730
67462891 43478133
859819687 687157338
763320944 483132662
310090989 215325883
137608308 975019311
662988588 1249006
457205871 122940148
392965491 428742422
848821546 915837902
190343014 512303424
65056577 783421817
35908283 166962677
531800486 39052900
262757824 497243309
718769694 793387572
636625872 556812889
529186242 633812545
243720673 758468056
381342079 396237334
765820153 49549953
424106647 260325365
857646259 295306913
960578334 273733969
395699135 91790322
858621565 10658130
566165600 122464297
390150642 69514070
866299116 91897707
983885070 516217707
534218831 719788754
816949814 133988053
113929864 574391532
204717859 135069326
5984041 556013115
682145122 47785408
858427356 998949303
998249173 254254669
902359258 54748999
761051696 366949704
537090418 357495372
995173244 961113977
639538824 823095831
539255959 72379869
565314835 66650221
93129138 566403619
652622493 617799179
31126481 462377776
565562822 48823067
54149967 570913180
992868034 794954180
82328664 454933555
112000983 845788313
880788334 967357558
925042144 907585828
556913637 480207639
475334861 68487267
413336166 911895680
672549920 376479562
271123823 3844939
999130993 920702782
369823185 468571852
14294250 235179674
180645680 50878851
844487628 17537321
574560391 207027116
734870761 579823794
756702370 24143791
734672681 835476840
702843554 799424176
516820485 166395509
509695613 154109696
405482510 456897656
952308091 470838952
390464359 303140867
955265722 391331301
349552198 167777820
566210475 38505382
404963191 152984765
842835090 634958866
340390618 54818645
652365066 67141372
225766880 625718085
48123007 625056373
103047186 676439140
558941874 834746683
879285130 754155899
243976248 540116290
59405174 512970954
693206779 856375858
55434909 512877697
202982072 594181096
556397523 932390727
45097855 407616243
294794883 415185079
763298871 634292504
53587246 419224029
784543512 343229903
69861861 37169598
131334703 811682500
425387218 614085070
6428125 546955351
529787053 835994231
995028823 105153053
484669255 542449560
401422631 602665821
466468867 378600708
457460650 213558163
875180631 507103999
558564752 465462000
543260239 528929477
372012128 858154712
447603978 611361539
931319025 58957411
39639355 603049051
496808946 453662428
151842729 356904420
213538403 20178500
669949872 187371944
239882777 582097
486921150 388159781
305655358 928075369
811977175 883882444
403809231 535062824
24527890 16236420
543323676 417229279
472910105 538286889
635640651 578769297
375272621 742370054
515929302 627556087
886888479 354114398
97998856 31199998
417032920 150241512
737650308 654402884
890866386 194641742
287585982 840812703
187403549 429651374
97520768 366731158
817225307 327924506
337731943 159826150
481211204 826223383
825195875 4926462
17088290 24180768
910450490 678989187
300086871 386533926
572241158 851530701
384125651 5527302
572761266 561451880
744849566 776393498
599549057 533756821
246774868 633330602
762717063 556014278
318119331 509554037
5685806 137098021
744366031 768106797
18012850 373448461
963856942 987674615
693246373 581256591
424603820 956872688
15689324 431202031
148587592 728701091
523590593 70207781
135623574 809271188
874647599 377171036
122428219 333155512
430321305 131936118
476087924 742143739
753065651 834403462
343952 7581368
795573638 920687957
318697585 503565381
814130673 850835422
727978767 940669029
47234850 814486225
702444021 917318867
528783138 718260756
384301249 269479614
330135367 307415869
135124136 259216711
494096575 495514137
221209840 676566532
324461324 533134633
633109364 296771969
956886658 679760416
39658275 692588474
548302026 714740326
876049027 517872802
337385826 730136471
639686695 662140063
102451739 983609349
99483452 949522700
195270554 812421938
933801473 193684661
488855000 902514263
913223753 681121886
532044963 322910432
28166140 978261821
913088538 137208045
308800916 683371388
461969716 706592722
409919648 17998007
29326905 200930968
67944003 184038020
31031623 759933562
28236213 665842919
906009295 830601577
622709443 560665817
518868502 522927753
113098312 75600586
959907253 658073266
316082362 642697500
478898713 876516591
141094559 946731172
143246340 28415746
704851730 603792684
40475400 992520670
990483523 752697844
540958740 597528108
82891764 485535276
506368480 78376135
612286461 928743804
599554431 634391359
520963785 868526205
318857429 195743834
69990870 26464573
92886301 60870285
21845561 322119614
361918307 489118344
620774169 827286135
793537801 754097065
338645552 370548434
706254914 4502659
828949069 276336045
701202585 438789473
867284948 795406297
132809579 507853500
794834747 890987166
82682985 137118150
727524750 306576437
25081368 713755876
46747372 694204492
69142608 913541163
876706057 434549894
745251520 177806826
991129515 328449272
810908009 177253153
411773229 833005741
157792542 41351681
657220862 505349667
738627082 943048823
462083618 23416267
743011882 112707739
294474672 529342605
792041935 691321151
565008723 66205249
604435485 275576935
43683273 42508345
90688399 629187018
411194727 84488115
582449777 422851414
239263379 769372262
826541924 992739754
515360329 156127997
630230494 422608026
670283415 745579414
345011879 644432814
740004128 542508611
485064796 715328163
514236317 357729162
406034416 965397993
966628439 507274469
339247398 837801763
450550446 866885955
338972441 84087210
692795285 60837764
437562549 93859594
36583955 784770305
934901051 63558019
777255876 262991363
674471104 373244555
526332247 839753287
822634670 761406279
889522958 336321408
191658050 380089620
172778816 353047508
361209100 164469763
181258458 821205597
196379507 598977880
267664345 57283498
163523374 765084683
104653266 320614972
337915852 744842568
443935851 620020490
693395756 937047279
788552671 392301054
451980294 434092565
420384638 93679221
789434977 901772160
635872810 851474370
158397466 929381423
673066715 29085610
483551076 178126800
215886108 441438443
605774146 442023751
958551436 409178031
598208014 401007918
787895902 726432281
847657462 171698767
985210841 57354431
196454778 623692332
677165273 319780653
661144047 682706808
10668876 497568864
474079743 136478876
241173686 924056393
144165414 427578419
733726381 215326032
62059830 211490189
393127774 485783757
386646229 712937775
302268934 959999376
66329593 478699858
51894137 309014875
920273267 2115679
647577247 194665571
75328610 670865274
34153714 357778899
389653691 659820277
565845762 283553864
641959368 220911320
504465649 785493
444633253 697069920
684046071 573040385
70138563 6666620
572519902 461357637
42679913 147187537
909761415 210224527
454271281 874439863
37873508 857331778
46169220 32057272
28668668 961669171
424314918 15309082
61239915 281953837
335895211 443053259
670467294 368038510
447998972 225985142
614192411 991459624
818650583 875907062
316393975 5387519
649434190 916260828
76547806 412229010
319479364 164513259
560217168 418574316
332885491 927652765
202590302 402075407
400056680 741694620
263006000 382484081
800987908 278104906
349352834 404752509
661301757 646782266
519485219 56896273
657556188 833277876
295521141 269054975
488179709 639093813
33767406 952413581
773349906 534895853
912329886 919354101
794405024 574091583
790773407 85460197
662198912 514585156
539851943 732149248
398632543 74475337
874612092 313116508
225968959 396028492
26538104 501865730
990550259 274951298
844804110 266596977
425621671 39996116
884411965 890885915
285779286 198390366
481050910 391117542
730950738 215176431
254998876 952961708
212995520 648211852
454360246 395926716
865580312 48338157
506447487 952053079
69124522 584345086
850556959 998943540
404250388 916419167
610081167 885675004
411364813 15678691
767764961 302915790
517520285 675201046
32454068 82346685
507087906 302509744
61274565 908996429
348156237 772951075
111411034 20266233
79000546 195985170
14373077 924159920
903154684 478998487
96053287 703206739
49487750 67202301
788441433 971321
356388036 775987139
301605637 258063788
695774921 799199391
20239577 8646249
88177150 736132024
1636380 974591779
911053473 89470315
640515618 335532801
61515074 339631816
877990103 312754715
285376841 637217298
471192890 707589633
198225259 72183618
913073118 163819061
145626168 77025412
749142890 785769644
713697936 522137273
765978905 5286480
931570217 239889907
723568955 837079937
976757259 904333820
517355443 793048207
719539988 308017872
400578679 258223682
549495924 804776222
266756116 263899731
188324914 707343051
140796967 394209264
858433446 851623791
803666916 49117243
69302268 557229270
256618643 914344652
496801463 165321600
57308172 976644650
743394860 489079585
609559364 483428438
190636547 250820385
915440313 521222977
765138874 96203550
207540996 654068048
248647457 299730789
821583695 991413727
754674399 752360829
23533531 95223228
159566059 9260188
298398329 537211815
847612692 914308656
445422354 632106201
336949114 252944984
766686241 263392634
292682002 13792359
873359155 401048873
642754598 530845544
847480174 605866871
269812435 202674837
390723591 963079276
58663816 714151390
254394570 928834817
266785679 581480040
582896278 458592165
209231740 642564875
464751070 195879097
897352639 17871060
839511337 721285907
328438551 795459457
22060435 862413950
277752092 39099398
99290954 432669240
414229173 815456015
575562258 956810611
66152095 839290229
742429122 88416213
121060844 179417288
35387076 120068088
765230210 540699085
671684248 521745899
430766488 17220859
759612498 277004207
245782588 495669504
425890072 353453499
28843984 192720699
561941669 938671992
860169352 958217281
629953992 957839301
270548974 712356440
898726630 946964852
449829215 607279102
518269555 691416011
483049099 585053283
23966589 219844357
532433912 439129067
753423906 932710606
784295295 9507500
102884373 422072523
530661070 143602423
876097821 310873359
606303204 602762695
366793622 267693735
590737817 922508115
49736429 745512463
440249875 366368130
5351463 486193082
105886034 792110705
584256605 601495695
359984549 62536944
616556854 198490726
535193650 622866690
754688883 728916111
693055858 32493151
98872167 809325644
705605042 515648246
103397242 838988114
544484756 425342820
101352614 235799115
704697996 472704895
479946490 175336791
615045987 459035854
620702234 21180550
403834040 68789004
196002237 332508768
651463034 501327533
598854190 636865117
129644399 901055826
65231051 558323053
117337008 962522708
741350537 6343282
260987690 481447231
852971118 572447425
11559197 744786003
967373333 618613413
826661282 760071428
726197806 163716571
23604254 61275258
6997244 535467031
28748241 575332370
219550933 935097726
646615114 32935388
367282341 505261865
282615791 545985820
759074923 532135849
627761785 138955465
413366714 338948989
297811317 521235984
38147640 830402973
491260612 34689745
408366628 654743539
44384540 251664418
909798601 16525277
283798661 928438472
36920075 328286893
350074590 60453825
984223716 775534121
171393109 546918076
855021275 384637195
350275570 440542366
78554257 224606081
37037069 585521664
182371642 374722478
306416339 578396588
182851356 247569959
151759557 231829795
699763474 119913079
129897273 98813209
688911628 650199964
771779799 57732086
751430796 383179912
52855325 809720921
134872362 904591521
662280156 174589326
310978321 319027265
225613241 930756635
97660799 820614455
989757101 567937079
578994505 291970884
314161540 59456592
495476054 143132830
624240994 30930820
358882079 400278129
171021881 915992618
258586933 296839513
31745365 56991816
23245754 73089513
506569168 350555674
148236007 762217767
871519518 805605008
742108037 889289997
338636675 752030672
206179189 820736266
224723095 36157359
523137064 805790335
885129161 55248957
426138919 225548611
929359065 221350456
587411596 197689375
866078813 633273748
350729094 946622802
439747645 218424313
40808664 381621007
396291127 42300227
816682844 325444602
88143451 571344388
397317753 65719725
582368144 250461182
330715825 336077626
386594829 255865514
545395734 20713374
972837857 824784821
35651791 740194388
624589676 497911677
976379287 898401219
229050340 938807703
86646334 831714249
613824465 76090700
529352231 681717818
17692560 412409367
322017480 107994458
285555156 287623209
209820205 355596389
312909856 308901094
934731637 14697480
361624399 250824550
639512403 578094309
67660812 385220853
995553934 321785363
878070618 797390226
579957890 130555292
32064270 836604020
198210461 868485373
782544464 848488576
824771043 883177898
203364893 820126932
604124523 86866312
752885192 233369920
575973599 950275952
497124212 199639751
871058432 41443761
646922395 360393763
262276127 730014864
344374923 216793662
145300645 289440447
173568740 593318074
62916492 354082282
436520987 941006441
880471524 362842415
637621754 69613524
578621519 358977439
175303197 866682298
918484869 775749826
242311287 150592904
281539793 209620241
491178955 805562850
603157138 843149946
128904755 460885281
481170619 44021984
219611548 262885329
230107475 351714969
752898120 969987378
627042550 270800110
67130186 255926200
717817682 231222429
407624975 884286860
53056427 92656218
766000593 763901193
57433942 4258634
190316577 318220608
796618818 325050759
188063589 325250677
57699692 604696736
378292822 965400224
753050470 845906454
794405761 3699692
237109977 753920479
26083784 327286587
789490430 193254118
11550430 469547168
979106343 853240713
858042832 973987812
47083061 530932250
123743095 186689282
276550944 433566047
422951686 478326955
906939763 803716371
17785986 715297986
771790540 974044770
281568068 676476128
71592031 629571696
485421690 235200722
763941749 130837715
235070883 823085846
678305766 970778644
968200470 585715042
248692899 997817907
69927548 409730333
822788655 509894432
154765649 420646884
515687712 966863682
229183335 909807622
8893601 615976947
947044707 174317832
524650740 988689410
335677246 7246882
893617129 647066672
393596101 585043136
797672809 875261876
937237018 857371906
958290414 768337080
24804400 145130045
869111047 44536536
956317011 946801015
31762391 476162474
81128862 66970607
30325142 44263217
508738435 281027475
961918481 342723177
184556615 658904967
853450275 222915007
500843651 981508261
212900418 539647381
9367716 922932728
936035060 548264642
79560043 440564031
683518804 435263760
27133549 299219825
351072658 836157373
524488853 582439219
936124272 339665402
735325854 411162467
539155142 642665327
550649242 18333072
88729087 28023988
844602222 367639680
611053722 935245785
200304979 791103145
633681834 485686496
433706070 655298745
166065750 468932158
440675800 120001550
518891098 284104030
915493903 588619070
37013123 752197405
613739139 71964303
261139768 547022927
265577106 54484608
445109484 275857977
180868077 716347456
396214444 252737301
135865624 183374898
260889240 552580753
467960814 386085487
2252385 126505552
83308059 799363395
159205840 345786983
41303967 979976622
592289087 90384865
388238675 17206244
437742621 635450172
378829148 412550094
342736238 8065768
578215865 282439047
540621897 994549200
835976378 727675360
133281881 60899273
98918278 452174557
803370589 259767846
727147157 179589173
996659367 714153508
59175987 761555926
976234400 424140669
365178628 346603103
494772803 166651609
680608378 273230756
895631006 865498199
585214816 359581485
906179156 22028297
895171667 769996983
81173278 91268725
194377283 794390706
233176901 885982485
89862391 983215297
554409513 704866008
937923462 47860797
389320893 816242847
925392095 485258419
67432455 412548544
654146626 377816673
354289574 288431239
343439813 360472765
995197510 211196592
387788496 57715949
66072106 719933934
975294112 655209553
6648232 764240999
766361288 121647349
18483120 845764917
1818539 48720926
514419772 925173991
523658499 404067015
858415330 611047934
561765982 450707481
493611848 556322161
391909276 547280373
835608489 768301865
611940722 893439855
931524949 126000774
552006122 41047375
768971566 327275224
40545505 686757011
425044012 305995750
230429831 599002857
422478810 447395435
264630754 457933622
73054935 495107219
518219084 50745361
250069846 813664899
606187248 601350728
926115230 564016847
746702673 865413465
992935051 308015873
37013443 875977722
362612235 452573209
232694512 454298771
55772066 901333767
70935380 2756031
276277990 840950067
23131586 357934798
767780356 808652021
771386845 630560838
230728761 599480861
344842911 474738781
168655449 528659053
12174550 343617408
