4999 1000000000
0 2857240
0 62586244
0 56660267
0 89332577
0 54410158
0 24362926
0 76935857
0 53046174
0 46470308
871206169 560343486
385549004 178688216
256848608 381053207
285792107 639983469
573153333 362565938
993967805 68994829
26323324 855733016
370475119 638084159
258483408 329191658
520521252 154296027
898706042 289652313
600827889 67376782
289172859 671961390
497928417 758958425
673222152 732766659
346162034 818857490
190347271 77929351
179185174 824026337
111003543 898309502
790052787 809488324
395214214 675654335
430111779 20699915
753501144 55405301
232329396 21769693
768672327 116194015
105248937 421329586
151519934 847285455
129171895 101418966
204727772 834197806
14048904 728221676
52111223 299196151
395298109 733201001
518517527 55454263
2131941 165891093
627378295 152577684
75023623 312217486
675311623 836463556
359502366 225830340
71892845 20521489
161002006 909803134
682601983 588144859
680743379 42634962
642267466 205920533
43993770 354749362
113777039 673187270
904655079 991485531
738608704 225275018
36540997 420688099
926730887 3499023
837929082 580302004
944089536 553494169
265121705 54536970
618599418 637329023
826274030 973451129
401140346 73763500
267566293 47690337
413307960 597941534
277893603 367806336
703668832 43539305
369379595 854628449
563725522 249807158
482193978 32516837
125996706 102096061
502022348 42751937
22757528 117146447
985810964 685296895
736042930 752582606
800360409 110827132
40926109 407506226
263801043 15838311
476678465 74602246
126372146 865373641
910909747 609044969
685537559 504419577
279171647 132690958
35044632 17753123
491283431 161723836
596032706 93162442
439411934 57541071
781921039 297778498
951418764 202108469
355608308 709411637
215096974 11930225
583996885 461261344
73703732 13203483
863603214 715667667
644603905 419363168
922267500 255940852
440959278 548094331
8175024 875810684
922688808 151422785
65140500 18769209
443822861 469749146
484843711 730898250
145714483 756477440
108335952 273491879
320452001 379562243
467715416 344360342
129899155 56835268
129851871 253961783
680198906 636094334
59153117 972731641
714027770 967517176
82085827 722977826
27285098 878517780
887225840 368362827
430151513 19669316
389349693 348180961
431828612 697807631
998092401 966443942
396299233 179303313
471511501 668245294
348322070 307736055
158253954 892519011
692275201 75774215
488535094 321519873
991856434 142354326
894421379 2353434
30948460 41778959
938158711 12088723
935537450 453212661
500898837 552830117
355538196 268059734
105663954 33150556
2640012 906743899
300676633 357177117
731931944 64529600
103481032 569795609
642864685 181647188
947618225 971827162
503421721 15172472
26350874 959705279
750717468 934948006
950396989 851579767
330866329 501553896
917319625 700633991
41962921 809316188
564388446 315694026
642263704 890270391
69925652 490374893
19290983 620482495
315705334 71333871
156392776 540136399
994456192 676463271
275028261 733232983
598188069 810886205
848906266 915957337
867814603 853461935
235743222 658825453
197275981 662123086
33554366 816974782
130707447 534217791
907179050 799791243
182161677 153934075
696790054 269381287
306351941 894663631
176604498 973609850
281916488 740000860
357898370 123376381
302826806 76037912
164926 9961537
630423327 101443019
329892676 577136105
305423242 298592275
262651138 716885676
289821938 333579233
21799963 773803476
300024643 16524281
186206956 888033217
69347426 27675255
462499324 546585191
744625314 662549829
411323534 416341452
48644431 310254245
340392725 16004235
18804520 540549037
815448505 891384915
954023646 145775301
231948503 260894313
463593878 127687723
36693375 901627937
198296428 228787823
420507124 768398185
462799341 966801144
439729711 648510
404252827 433962622
419628124 105027638
482737517 895134094
197045595 83165429
780918093 486955273
718219585 882723511
521906328 84044452
402522069 351131084
942063522 635629930
230012180 766206487
782372655 636354101
373652909 468467598
503557371 173733945
186270597 660229822
193217587 814957945
470252083 527421764
828199418 259244880
511624069 12126804
302756325 8982250
618062842 571879221
328071807 290758088
495290182 704030659
581151173 478586431
979752146 194911981
504340907 725866489
535942201 207741749
165016726 509731955
478618060 283580210
175964640 531093374
665154319 845656593
676192855 454082494
690875193 468602896
445719742 501550
144916408 798479105
450189898 178936729
74132650 869454541
2552614 352880418
286079333 144760303
576121584 811931838
7523568 617810420
87508282 108199093
824611464 458249218
199023113 43492644
93761053 676188494
870183513 53174910
592560338 110440356
412234904 314051590
977878400 213976547
45750054 691664982
336629043 310310014
633429724 895305180
723321772 499881468
653694850 767816536
168174557 406470521
349480023 708692063
851784816 204214563
675170957 84905435
234136641 706172606
861325258 70227593
571686623 364984353
482700969 176494457
314519823 998455734
586289974 287953041
670719304 763890941
658982773 682198282
493289528 151859466
24209372 37929970
965485886 597779203
446560212 19136681
756050670 6577827
280907324 330333028
972822417 222949049
566497766 347830701
586972578 676711850
518260249 885640928
580694098 752899562
668215053 726971567
713918468 147915399
772609650 805696416
719353554 434356127
579561 6132105
558312710 316934885
478403977 318344219
811109794 686973984
230450267 348851541
53520600 146673068
213033182 375207948
515424915 332045559
745094021 51670634
21104876 632085252
220470580 101065835
399744694 558626028
397020103 993704033
63078386 102726744
8590986 686496625
463173213 225622024
322523842 12864020
11902429 262390863
93972515 690164888
807532823 828343189
317844823 240629660
601350108 417881812
525472894 4815510
161137078 726685211
583870376 35721297
137762913 297558286
481809757 159690089
844621388 111320932
250039573 802611406
97401628 722295144
16001985 360427078
852166697 601247864
192493632 883875562
723666174 55580040
726855658 643732391
965239773 545876897
484336393 862674367
550803001 948085851
60954457 769992518
54616379 64932454
66464912 307358629
296256062 8927239
205403859 820330522
46703443 277258132
271276858 516467766
310403005 255560695
906014292 794153566
152082550 414065456
862472355 894953547
173873320 5906130
474914079 206372746
757828149 974030468
42437551 698621437
442710576 254603394
51576756 906012248
877473121 468128282
491980927 779423908
97780933 344105008
978815446 231240383
969323019 311852987
41688178 35032793
437484568 709510725
105363076 270134778
386618244 127502958
900072492 6190199
379713307 328303722
120444929 15811711
195881054 563150463
693933452 916706966
354627583 612832648
561227724 37420556
626946664 741951861
917831090 533165966
827937844 712662472
631559846 298654615
670150324 7440921
457760514 573531385
824644716 332987027
946478226 828909400
895133076 741974132
483601178 862146991
747582616 405885585
982534352 951989962
900348568 447626705
825144029 566730
900963304 540157357
822071776 252007077
58290831 7645877
643151467 333909667
14116045 766123279
751068548 244601058
38775694 767150318
174224677 31690451
207416570 59202335
856193213 752936122
480197349 573423490
328187309 201723442
147187037 232295304
622188492 578956967
734362915 151547578
137887203 192211418
11919914 164426546
676804146 321834080
168777754 923340319
651547369 410321955
15624912 766607429
240598703 901605600
206545627 235767419
235084063 846124200
5409280 284580395
19257668 8946270
628719543 622166486
612072486 669481024
132472236 338227598
358493494 997747799
245230655 809433978
18351839 48985860
449357573 150442069
504974592 334691199
787468613 684150767
315929452 454116943
507435643 439478699
687712871 417888722
63050456 890129663
147520301 695170232
27930560 868559351
10087018 953173128
143106123 277987762
976611011 78028313
646853060 717260515
973713740 624993818
517112877 871403089
242163216 517867915
143445689 626184024
149343885 988833345
911570001 21949029
619903028 693863270
627599376 46791551
995537133 699783671
887251399 375023290
29278608 15442755
620978809 60046529
939754606 478638963
510363871 541202773
526335430 71926781
23082470 826314183
565742672 561730096
23738155 398397824
48092086 303817132
782368135 108905082
63236373 298341094
148884862 58010564
936345986 821307816
51021774 387553283
604183167 969219983
273640422 93511148
240122505 559119499
519890539 939771083
382610318 15220578
533030325 801563391
50149229 390043182
352026192 659097723
990553730 298297050
701783933 61793605
285472786 501229481
296228782 874068988
941830877 35276719
791652621 450498123
101478293 65019221
63335925 650273143
564326239 985047258
648629623 911703254
45215319 762716365
70762455 682800212
523436555 529747604
624108301 985610480
578843132 676938985
40146243 746142014
346007584 935729751
98655070 774918627
192944995 667580865
373277038 365219356
164775457 361138907
300192573 468269112
709337773 42937006
339381958 560118297
315979725 43002392
680551097 11371446
804353339 378509387
156480252 222444957
936615974 304645962
660008229 483128681
901189551 819030127
957148417 7447120
488110444 890725095
298512657 135472024
619974121 897234484
17325832 857754396
722216226 900506282
966678606 769387980
522337034 131211762
17342079 379274283
909851655 901803914
648333293 184851151
635216244 843014467
49333274 28772579
659512861 306679746
53765694 294433449
48044742 239554304
583236552 47351281
588464805 190478027
775019733 277974692
805265380 747699010
916559034 868992316
846284832 741168476
251495552 475195720
60903147 21524832
919572834 906748396
712213583 857221488
293984593 908979806
45051201 908376567
632239985 813803115
340120626 965824062
607983770 883018480
882021252 46152924
935501783 859530850
355593228 472845377
464886506 726449479
524378516 313370412
1178821 526847674
379676508 581445937
446817300 317564139
87350420 794961212
36674479 257209756
773839076 668137480
970208039 828543653
151570661 937435303
103715138 47603824
89643685 27617533
809472630 27973759
360135206 514678341
346762608 827065826
34807263 691411339
989259665 467933633
89793338 225466417
885561707 496187864
775748373 582804586
86704969 491576053
195880513 217042369
264843684 303407484
534708742 630124947
271593902 272896483
462021789 756142993
420419020 515969334
556042676 69387840
460835347 340276629
271224558 752739193
907884754 17472688
408404064 336581864
211074825 100093523
350942485 578382993
647360746 904861909
803421067 369855814
389656159 655361446
222582324 590013234
742098819 233752522
45497844 502099026
624488743 108082776
20342441 727306487
854640975 688999675
776780193 984255557
48882097 672758898
793596443 109831351
951588414 887507727
648018894 509293721
825253266 757515579
546465637 929563276
901017986 270253553
842309886 104131078
963473814 4003134
614075563 531911631
69669259 847219400
672576242 579731076
697224657 663390789
260070733 676845336
141815819 352423935
326075051 54646605
302474130 415139670
494863341 693661761
421288434 430912829
462076009 699985629
694730604 890382523
451988075 299726947
650346355 867695468
735175599 483885288
879106351 121856511
206547432 271338966
606831612 258542774
466553660 621837930
768730091 657479656
372693701 967566388
775392832 976342146
388906258 173583259
782130675 567832705
627074212 853759062
870930480 178317178
95985266 935885300
366878935 559538963
379989606 393768020
509853437 140796807
861502429 596940846
818131304 351455270
520359466 573685641
954815255 340438994
941283603 924090946
581013432 419572099
865327443 351680140
417130543 272774340
539459863 918491498
216712982 520491572
831550593 550215478
96445751 123364358
331978280 707398686
925957652 362618497
106128277 232373410
557126752 364955777
64051143 67909143
925271684 277253108
391633329 593876775
251671323 281286238
999924920 171696206
413101429 815778133
708331829 265735262
486703639 785562374
888940280 34942716
93063994 199755438
212825027 280141602
725554504 796650785
341723083 41819035
771789666 360531271
16560186 446760842
332932061 57490586
648727984 131965155
808363200 94267306
267054270 23560944
319821896 880124569
82556521 807710413
6936932 27902367
482597549 535651308
793354297 226726278
11599094 952780946
287495839 69052463
559801002 3662425
554155169 44401932
907385755 577003180
988667138 77136292
739394197 57584462
988565939 420090387
531871702 413753043
612128862 534435206
56387472 165146916
297350878 251655875
313562728 443532287
715222980 69538462
232160762 450493302
609371859 66333318
18607955 565093996
139367813 55054584
976945527 217790235
62484356 544697862
126892505 192695184
50122033 647052760
660884709 769803820
990986786 43782441
19421305 964133
18080667 718966731
206383719 710250500
932938525 268530973
59280629 448607781
132484309 48716438
537944925 909922618
817609255 163919942
484185677 301856968
598733868 621157191
31969384 882650024
267665969 143731279
929925828 526817415
966704692 520463396
556657002 530331239
417814890 982772257
27781081 665759003
23490748 306090166
626906499 813829583
290926918 119226341
370385486 581753726
685198551 831546310
370244372 129327994
690421364 915844356
593311268 55993832
4920532 620290398
50532287 347835968
576194790 445905959
340702876 532855762
212012615 831921863
739125348 44126267
957234124 901861687
936533558 422087157
457354750 564597385
690800933 167565509
193705368 602782045
686956213 64866890
41632266 747283565
309949793 82079861
36853754 34061058
920236312 257512458
160465343 515849597
674119611 720989476
931485669 371058127
215131553 775023535
944014251 31643649
983947796 258101228
539413895 928932525
440923089 42076400
316944800 78876546
307963275 73735974
853099603 907510725
985893481 804378825
407004848 588329162
401097347 57243243
276777722 62477439
502325097 799467889
626084138 234473954
7132828 351573651
739967852 449849734
798588948 206708320
488856225 327891474
529829560 950957496
852505307 655077569
68015848 539676241
283838436 117752291
998820599 224153395
870306232 758776155
707276202 948378940
670808326 683938591
150901435 954512284
145562547 860498876
61378391 37929561
130474327 239624399
691090083 273586382
18863549 675989900
725855796 465898020
4441447 170913595
226104978 69607390
900386825 208211381
513056190 687014484
502758665 339289068
525687209 847288107
457150982 418698337
901779640 255815138
38196556 826447276
677107271 989210185
63013988 677130999
561051428 866083591
160511620 457907331
977876495 984007187
100860184 506267681
242309185 506045756
890756672 695263674
385286626 171526818
223758671 253135817
229368465 571847994
581442896 938635227
408990175 561243470
362346877 686284566
9482707 96035067
177567174 271434415
413187433 60998320
690792272 445488242
723112205 713741239
592508147 279074622
435202849 295477412
76856252 8199557
130147963 891332071
158188393 351124433
782967014 498595391
47724782 917830971
59647904 892497220
664712439 500113394
558625755 668264413
797621341 749880250
7253308 227888327
515233968 958719082
476854368 458974484
448670389 562027116
584925011 473957546
765823204 703408960
315019799 852525760
353313768 564832762
634716451 575275620
427883299 273082304
657884128 534514424
765534505 719516749
383477037 736719024
360304704 292580976
347471836 860097814
364269286 334849166
335170355 947111815
719529035 70073114
375322477 82767283
145792211 886152997
794581558 576740384
556768917 46953162
258747187 467891879
873680351 243651005
390828151 121991414
636551599 58803652
859372303 373778188
528484411 859882302
43583862 802801089
886717290 47909781
759100962 291603259
347792729 777020368
43941879 938715002
69446359 397897477
152627918 295216333
128188906 740547806
389446135 915013722
378446408 383764507
444692148 712198810
44385245 575185167
717601978 632481754
257823564 621649442
626136755 647506108
951114855 930020430
272067263 178565812
778044086 813633442
92747502 801945739
423130101 727917506
647355848 498467552
233154197 345156709
389661381 922273954
205069882 58391509
17512149 845043607
107135036 29820275
514110682 471993560
808876071 479468081
249753129 523378002
375958587 633027862
807610125 376385094
37140459 57812924
59138883 636075466
178975330 321689302
405725823 472308551
802074362 449758884
48603877 458928121
637195716 704251773
56749969 179230578
722433540 88624205
863758609 259786775
156001457 59243282
645375461 244222881
647323896 487030626
306367749 895747997
464521402 80008929
642432091 191632876
327425290 834352588
784348485 189345092
844797616 840836465
70946580 68049325
85854889 741486260
687732113 42059014
949837476 730729100
808526195 39522173
415649158 911909507
354887913 663025690
401226728 714268985
479840790 62819124
503176340 591581922
595968399 166190331
534062347 634000836
980002527 187678189
46974976 387553978
142940420 610404193
772783071 955495860
924498672 891576831
633813825 791543348
615415817 80386117
376200566 216924114
541575337 865988356
704522499 703412921
749588127 873909729
182333983 68921894
195781036 203569109
856637240 250009329
290223110 509449132
58113389 208430078
59059416 995705994
589071634 382218951
661980865 987075169
644476464 860717533
413100113 487088765
47082241 325130083
271766671 869646328
805875320 565834127
910497141 336999494
324488376 396347181
548369010 248737707
449246104 439244829
508259559 847856063
577346854 529665488
171297963 342221297
120966688 474639311
655162503 562595841
105044604 946294836
36714170 943936645
604568033 214664238
520290679 156895589
463744044 678239361
707394402 21140063
370306540 496085508
885651478 962911619
695319782 387103265
936144034 827982776
541355154 899295065
521841671 271499573
145574557 887503294
484602812 765476361
196186981 419698551
80791595 593372820
209270399 597034303
794206513 642454540
260926260 286160614
619079330 666518777
706254079 502362063
288603330 51829687
958986257 336966512
47896268 422127868
552418766 535152085
413422960 894103624
334973262 765115421
951656269 582075511
578444253 243424507
938627451 195845684
294324602 641372470
185346564 108691074
979500380 536159274
629702245 781014838
831950440 733238341
619198482 97043320
912663484 59585419
66134256 499339333
703392040 954619923
367558616 151262448
241849263 163110023
165086490 340122524
243234315 36988583
902235896 129178051
208676134 201734599
704941607 808106163
962686114 126698317
207532626 813444620
882561873 354697012
996460183 447276099
851799997 677303948
967431687 287666978
757910690 148982263
553742378 806791237
419274096 530752045
499303801 49976734
646431434 204189817
839193570 669690867
142384905 30891834
14934856 20448602
53426873 756175459
565875201 18889155
64272666 547051515
996684118 654578544
69882527 180594846
663499269 339689843
465132404 850229242
499769538 393183799
453788657 32705362
654619314 659293177
385593640 5280254
413393391 259786569
38520156 54815209
399432200 702121869
445558920 894722580
615511166 531641214
592933077 289859854
766739783 855487913
293972771 889600385
717797198 263343344
8453512 678621862
10434801 619656455
353492428 373289679
736704642 105438968
749010410 288503773
882618567 352614815
344359059 559910856
690718075 827968046
153550250 426940699
567472074 867390634
29068487 870617972
197835480 770462828
696835002 943915016
16090682 882017442
588463870 678203933
220238972 807844043
997022282 902983566
27412890 911852862
661635845 52164426
514358664 726611876
781627084 326013911
140866218 719183737
574531566 60852168
301670491 969746063
484938224 864440906
380775786 58453898
158531082 959024540
13989528 86376550
845369256 27777425
485432092 52029165
421409002 47514128
890231072 771847490
355129125 444739990
872823361 303970392
997398367 934387119
279285778 874805883
226609879 870534016
16924826 981060550
818152315 911068735
900850385 511105707
768217199 79270329
487402279 631512175
931451533 549628619
778971133 587089323
981917920 756348906
30868521 3314380
877034791 447648156
355849592 249684115
307877977 505514748
463136037 568104086
431695643 751862330
15189601 778524093
369460811 36700440
487727831 897062086
280407929 755412334
384810268 888562882
275643752 615369127
998424897 553362326
539705489 642745666
523669320 622097019
512975777 438902098
750195110 763231870
355164150 13225214
3348934 946346240
395936294 676433410
177835141 792010807
719912568 699640108
21238966 129546155
885216616 771004128
993354145 762859706
850823208 996913044
408182653 854295317
963779866 184659028
414418937 180172096
7121494 628160320
36922039 151557398
455699499 143019017
425741775 748380227
13798293 341911672
682063433 808811720
696957132 11635943
933521572 600334715
932932022 435883205
207199057 230182532
911862895 114405142
436962616 337303009
660810184 354230001
15036465 771208162
31271364 257272833
994039694 478771118
599284253 432413445
349520012 746290109
216551102 399230543
302754533 59761754
179083847 420744776
556989249 468199980
751640716 249666027
962228671 154476194
678622485 155608902
93595249 772114568
124338079 13394427
406115805 989805179
526217370 230327750
638811517 465155435
287229353 692714221
164055104 805261599
266214949 519031505
250268423 218870958
812654491 127438437
89821480 114040583
8989257 847489200
477460719 18972522
637541797 444729166
106618904 152853997
101674198 590721774
590159958 910234616
881951545 508833746
877747151 331732168
725907677 417607249
397220253 298943984
151394055 813566808
183054927 52764114
421113007 814555364
917474406 140119595
576795393 932079242
32286937 85960838
50853852 609214960
755990417 92281540
969200727 187852625
893823982 756901274
957439288 862562813
69934911 336256786
712190843 473537750
218193742 806271753
1922256 171549396
871284435 98591663
433040414 479367042
625389051 577348106
940192249 708769663
918783211 470226548
526097712 659280126
912415287 465928472
93936961 303522886
94363497 782621305
750397666 680692787
19055488 517520363
169349755 629229235
368910703 352491544
900623527 95884618
551807131 24724349
559546038 358329742
31232860 226807018
404326702 86473132
528421765 345908741
89102917 128248033
432469205 632396743
67056232 913379329
828001666 207462142
906836152 65032179
952608951 573660361
595672967 440633396
861928721 669919008
566499551 85803857
7612708 650685769
48380668 174947181
244957172 430310500
214463693 233429184
384214397 509575136
948236919 568065044
540212012 788322819
965349842 610193226
173628516 586853478
216762090 614376916
561375994 948418678
278810751 270216505
958835641 633536501
582581381 669265301
265073375 838708599
146128037 37900309
969547933 385666278
514804410 972747135
348319131 708137982
245603669 662957736
48039794 235928273
263285818 173050109
771865905 723870788
760874208 7469818
320535512 830609040
381775605 292869302
357849824 568574914
904683735 127338581
425556145 519725628
251757596 957681300
681912106 111613234
663489036 459343170
480208925 322889005
901091362 67164609
301906383 80136332
395072654 902429064
603632509 305560574
306100917 908448420
797700562 582494984
425664432 709829682
514544498 250046597
505446089 16241894
999687539 705853218
647456257 160421257
202039262 326656478
754727565 360086899
881365554 260793488
115821908 155844373
596844513 690955360
345325426 941545073
82717905 452606028
941733561 744244127
21286875 7537061
349037098 23069001
728822097 257250448
372854400 717555505
933929841 415953030
67977381 93898407
584749811 313706708
54500412 430178068
600764800 685514011
558318614 614927473
169307191 373907921
258478781 322322896
692463658 107870399
669895916 99928529
204508896 47509376
553951252 517658414
808184529 241584648
201139929 376448304
139514861 178013979
478690706 420464696
146402325 214711506
939075277 740773431
969075616 30057753
210075592 460599094
323681751 616985140
813925625 776506831
535915898 75567926
162375304 617007025
676897081 949620872
12886735 25725984
644245564 549921384
584363233 15040115
8328859 296735591
208538880 438653589
214725094 237840617
82630950 818807173
477621663 143367081
598943613 266172374
250460091 734650419
587713766 312561711
756880676 752254824
62281589 435819468
213225018 601079549
509121780 161172218
996830029 760568317
49203547 222944671
841908517 329288002
775010655 639353776
276385147 72618495
180377825 69188537
528671613 866672699
134630778 228658522
495233101 162110283
64739061 811320772
284974978 65407070
124223445 583633984
602343334 111977207
307232203 794554535
117802679 501214056
369666625 760497643
488285863 842892125
990770386 101188237
774529499 144491600
331112911 35582245
582680495 784622101
462622395 516960477
118751472 883790671
47824079 724043254
377543777 767920633
669214584 759364161
244124471 975813598
440685781 261016999
172516765 401177377
236928570 369964707
629231409 11244726
425587375 462516930
671789957 888470248
512394609 385787690
955863711 291170769
68387439 680366352
434331001 332375013
864547535 788923968
706798209 719136871
551039335 620971417
839649818 847246833
429428548 103880590
910271258 30017776
473843750 16053413
316702538 640411175
929056514 363771901
516366313 682008360
821574271 72843712
383365673 52063966
899742073 265153974
289102768 528142342
265828225 218688947
949147416 78716848
658311515 133953570
256434288 265733570
131152255 919758467
986116537 897035638
825715865 449339370
381243241 181505495
771036681 762104189
273638636 387187272
850541667 367036151
158920990 748811005
91688431 639044391
69698258 172838272
753943851 538228850
361776462 77401389
665443652 53449037
560569549 923341750
726898337 559003843
489362171 27264928
738118488 10123508
458232700 877543109
727651255 715609493
513046630 68231888
269073084 96868458
892724931 809708996
78971549 507704784
473266960 836132981
528202050 966798133
714393024 405718285
286792901 393456028
77109178 845248392
472420345 50887709
386375382 7798328
342564576 312982116
443109988 749269570
637686579 818738478
508080037 212006943
615536862 359545551
477218384 717359133
588968577 154867119
338892047 391644891
302628337 376739528
765244927 31796688
665143477 103671337
616618804 442385349
247067785 629842806
22630705 979871062
502541278 318936678
7455604 379231605
388261464 329133892
765638378 935366119
779779407 808998766
777045620 8035780
432689231 448598489
56088423 545682428
667498904 460123019
535281680 301165518
525259422 102186015
877615660 107897167
647235722 928986693
759980909 511440872
846495927 435832896
27790839 240184535
34767668 871255142
320395497 253063085
136180042 3751842
494311629 404933327
503789036 907510774
369596455 541449206
659377737 439655666
347517420 654040239
52036158 73349693
720599047 95714012
287663332 348780566
116219862 152158513
82314495 416634312
517389995 304566199
686306701 610400824
606344779 69245515
737398846 889582173
53536626 528823073
469271541 48954305
277221454 661589819
759802187 504059141
894208 919921395
165275404 326393434
207511582 532904054
679323320 444860937
670436659 943428165
741136644 170663148
471236413 862933942
188811863 372162291
872418606 50428273
52067660 341924768
809033324 4743668
963039543 166318731
29755217 495707664
659890841 8484831
225506732 524616041
887178155 598959322
922922302 492915450
504327896 639342673
881382461 209534351
96666946 782919467
697307092 254365769
352703292 232701153
174731425 254172958
574563535 990686212
124333879 514417494
544942646 429444791
2160794 563575823
380054626 104462128
51167428 53312697
517083510 741879867
987160871 423987099
762196300 581897656
629616929 294396493
546175470 298568984
3878024 248078908
388391965 537675236
576802859 270308137
273627086 662809142
143240259 98068905
310517928 856594237
330351876 851393446
450499208 61404605
310111509 357042397
341114366 496347789
940616718 416994143
386979021 497981208
525806335 252758032
797957742 379546076
372961513 821409579
771054733 908279534
820440899 675798204
28030345 843714676
621403767 548829476
44706553 52014376
756279906 555989400
78285347 164936413
863481559 753135778
443741316 36713203
99189789 754687647
588194379 597554913
278928236 560187967
78655709 210099891
563309428 440740105
870774609 455332744
868052183 960272340
48638709 314798099
39462570 983032655
952357832 151286043
606636792 110518394
817271038 454522364
782836542 178902314
22556031 721359140
559811824 448114825
736330856 617621655
420169202 441488276
326579593 200418924
183978272 771893659
11952101 274528589
137001671 881086660
320006198 735831291
145679658 134353545
6647653 122397383
53902077 123366453
708680983 668652058
845112814 660367211
58246171 608876782
602525464 201949855
824874749 573428819
939736973 701917595
3370101 455653611
713030357 786988540
371987449 707969902
162882921 878129074
848462888 550770983
968651063 929899907
95706460 610826357
68489249 451261833
367205409 324786507
350925439 808365487
307582903 846028208
38584217 145255480
845285011 569217600
58041902 249808952
482513627 453017257
839378672 669305369
382877422 886605359
954673925 476165143
3379161 838801448
259678343 167959236
8059362 361476224
21945604 480267653
610943747 6858807
593464319 260558612
758064997 378820062
323491694 917872124
296337385 744226334
647079994 270142752
792829603 412208
602710210 483912756
750726491 555141734
705389400 42057793
697209358 562131617
585211586 878562342
889021292 922201817
55320761 614721810
226078040 639824281
944911471 35841290
668321132 461229695
509541122 596077930
48899441 278174400
680025098 15968603
685494763 960945570
298676240 55748707
978467468 956600576
5516562 528905427
700527292 538030538
447599877 122485333
10806296 817995907
655351373 679189608
307842287 750571969
446329923 433805531
996066502 708497072
848687543 342192211
680939733 826672527
994895722 881155787
646137992 553478705
592160915 56173584
948619775 483255934
379594587 133258305
942931599 28842736
572236130 546220117
13493566 596668182
512728120 602236564
145992011 305852948
605041124 173783837
75690660 653101856
87338337 524871775
979717742 426932743
307525404 976680863
525046144 493037478
617238903 2175352
566937320 124634738
842163529 750151254
22422629 982565617
665460316 597001979
763809515 492569662
219404269 160500987
760540962 389250185
810572080 636269375
240883175 361433492
411312585 194903685
471429322 422225207
22414932 176952798
523030158 191522269
506338526 684878639
613872557 460640005
628521322 603665328
217792209 596046274
601602669 977645680
601857371 372235579
395044178 4553935
55576031 865099564
326570742 606988547
623279783 110793827
714107949 989974165
44192812 710166852
587986492 38220511
163357601 387164741
832483164 289808280
508889448 935478386
19444029 970469697
823567258 119133675
670195585 498332596
615859331 887615073
652742718 229030045
549826851 323674013
417614973 376535552
822076846 200572409
736463548 436519599
746367501 493203684
133133679 818243285
620197468 540365666
38123387 315100271
504211305 340354186
414095546 152404942
209617723 907675655
884173434 652734487
493587849 468932248
920437758 183123906
93858878 456195727
167251708 679114014
413735932 897725525
45652508 417873611
677754006 237531877
754923392 884334655
737705365 657787981
588109111 886499906
791319220 651037232
349384136 468763505
162256995 610983495
421917357 664502463
508133447 41392346
748552916 161582575
573955513 899722060
20700447 691971612
742656579 369239181
1070310 744463410
204069414 544572838
981105778 149255026
700260567 30150704
224678272 501270513
741918077 262709469
915090372 349570841
695707509 230658030
424927586 184252455
490132174 991453626
899951989 41424043
676660429 659212078
723819660 463876364
404029546 264400455
75450664 374437121
895038161 83567258
178350144 452404249
468133858 398802381
536323517 201864756
430296753 243329051
598987006 522567687
366906887 576727252
487053654 46719387
8202463 78202586
778508937 831013071
156168938 737278245
281639250 256540115
524440844 694380352
384159712 915685291
933863900 100137418
947366485 264387249
494385704 666696438
628773701 367084307
142705007 58080522
560771133 670164305
19159140 4883172
646901305 572870336
831103858 184295026
287538733 59030537
14437171 455790902
313418109 20378539
513037560 714600135
758498949 598915701
397473092 469480786
914519314 336388110
429076048 333572116
593398503 858834285
20935816 501673953
450267193 515731296
848929549 435768225
293121074 37822217
933904433 832164046
747938162 813611612
668570111 354171896
763230857 78218403
389284528 14946625
617086591 195536634
229004598 178900193
763970893 894503123
104835509 917791650
815408225 229603443
913428997 354390885
802482974 44259699
491779634 655885212
425095001 388718401
449743100 203240910
582740445 546750877
252021847 926860823
744891112 869402908
24061420 744520613
750251691 480368039
270861206 91629883
592771534 41627901
656773094 70063024
342091242 432400173
66432159 288187507
197965325 488353565
652605755 89232894
679086906 243868422
239670117 586315878
798535910 13306101
566292349 421343186
668334461 680684363
661826327 880000766
17309913 901775678
652831611 476583865
695253714 883451735
407880230 411073381
754260906 927999986
464707911 496085881
73783452 112235457
943824964 587622914
783991383 468904521
596561971 1559069
938404732 565334627
281829473 286543999
205403425 27449531
135254734 614032366
325528402 534018646
93388975 819498437
334082443 535275780
552120043 282364532
508100415 442263538
12069022 161622525
4746324 466084379
5348249 396886136
3050916 296815825
83110625 64972432
537108862 64213049
84722476 17975812
684903459 358219724
24654182 287198759
38558280 237118167
777809713 842120289
940543900 737938683
234893665 336446635
148696888 5176493
403569788 356814359
635444272 996066744
684656961 142350149
5499401 25261495
947091741 27944687
710849857 812126364
440949431 727190622
105409474 777963308
67108454 601944051
633679215 656357759
485300917 581989279
859006623 353943428
356892902 629564267
141522587 313131388
90218860 632468977
303717411 862314618
351740015 358194400
987148775 625946345
711277132 615441789
512260878 438089990
568801298 255404317
93700019 947232098
215823367 823250347
673675619 355726690
956853793 606295592
963071904 883117502
70297228 627737382
985801825 331443973
493618219 37143372
388362384 964589079
273839376 224949206
105083019 268188842
4597507 481456402
936124579 97391046
766769664 232355555
112495008 926564937
686325433 334745921
880008506 528019812
290683663 212556984
742515361 301154587
482688669 494556901
240661239 998558409
649250606 418217724
53757393 733767577
124761410 736331333
382979514 639158543
863277197 315478169
469198000 994861437
580541560 384730346
392202404 712711310
62993053 328986041
857008126 175794111
504818000 58370462
966360599 991038176
11495953 365210563
423067581 507269272
131619867 193236073
792238003 426049246
776172248 483895649
455734062 514400129
871403626 640423572
437821017 41832096
325589028 495181437
701903058 56347442
613633294 263164585
875842091 16137601
201111141 630598718
38231658 628899752
840061977 829242481
933614217 14788632
40018765 67005710
363325686 330271256
853537498 165925108
111672852 199424063
320636876 818578582
826414265 237522172
596546019 347151995
328512174 119522062
885878804 891908031
645926194 77291021
248595718 848598160
149357943 383722208
540466069 325670066
854422819 970989636
897243987 292344828
825871056 109528908
943475969 788009688
674494093 736990171
914157338 339132102
524691035 815695147
836721225 879055578
337498800 4103241
921302510 991070266
367532791 650929815
11039388 23008929
680915471 366608970
167039135 188630238
806951624 433470185
682254447 213109078
598144105 424058836
418405182 924318334
150214444 27469498
309785967 240275297
930791616 9786401
189693212 102641696
598970566 87634914
120290959 659035757
844895573 157065643
782350538 22361102
330442614 582967675
778723840 163915106
649467817 475203626
513621017 88808916
610937438 393982942
838236466 555134056
320005244 894375063
756215834 370113079
24520670 131384484
632430806 967578858
169648081 189231403
167053598 456736577
512818583 659673765
799033567 689148303
446563559 944928095
727127735 501836348
529786987 546853371
803341435 905653826
931264064 564508141
896177076 744282544
8033402 30716413
683383326 3301418
533859741 530158797
579008040 32660839
29647652 247258953
646910839 681973170
112831487 631460152
722583394 791201385
981232909 344485811
668880247 963036801
998443430 710514599
766086133 27195136
741092884 636950101
88836176 228688769
295224853 259199443
385721265 739406516
55521113 424722826
429586291 967116508
142931979 164001462
165644711 778169935
62147904 737899753
699191696 853591033
871513482 155785864
121801768 32642520
35069801 712825164
210067609 937588610
598428627 554925762
372856005 732958363
203163827 410799307
323359166 945272672
194674535 794452509
737540175 269198111
978860352 415265473
825361777 24492219
734686214 91541651
332007127 788379438
702977650 355419076
598450019 268128767
946203827 265925467
388570030 570713552
536941801 651140528
439719556 606447314
28717997 42243823
631663973 69439821
839043207 36506011
510756102 35869213
472341110 721136906
22516685 65660210
761689196 157171170
8957528 437548556
138637775 71694498
283183608 929366596
69882104 536463899
690749743 395686405
448008632 854868466
862247478 405828238
517639631 656444192
764363641 500242097
608495988 52212850
16042006 23578456
813759952 997804297
191792743 91571195
434098050 200751322
848617582 323744555
850561820 415895856
655180906 5260043
16025507 400065829
835055435 456743377
596301077 33179181
785201972 22025801
25019611 205040780
345371647 1414738
692226651 688893914
53607350 612682080
972445032 296562566
462864155 340655353
976648399 389057360
517765665 387678520
996316876 5358029
360434800 701613900
81698194 346299112
49632227 63488504
122557383 835570780
118969103 236521494
399979782 282113594
154128819 617312526
862117468 356981097
324752713 136595807
165300939 171760160
935138173 400589086
292200394 728713326
593146031 7707760
566380994 915290291
29375091 441640467
391194771 75263013
239611411 320576468
49201676 713869644
793573640 116372247
119537784 600138885
24482180 598054738
61907211 35510403
754125035 967210129
386037369 666889929
676735572 422316019
725667681 138942514
131211021 931446827
423768281 839103849
343696149 474885632
432390379 523382641
730532256 381273294
608877847 256270367
630837655 986311427
441710285 673368731
98667029 647223971
983900149 526263266
830588650 259903941
478537576 729819975
783803676 394334995
855467380 27789548
740712289 711505486
404117596 13711438
269513383 588302535
538783957 654961848
261755532 950582759
887123594 918293963
235711974 871411624
955206808 636104188
68174652 746352410
853360147 990317845
787498315 233825503
8239744 909746354
131747714 625099183
304601689 43609286
52275846 905772757
770950028 795847700
392929455 393817776
989554172 829999286
219619977 438639923
345704446 740435098
357940052 884949093
632398557 46936575
696210821 966293730
199135063 839408636
843861827 332571224
46465566 819609338
924344042 212104203
390682712 435663158
354469771 412266833
584135711 487103296
53089129 750234134
243591425 937894014
46520958 469601114
512702593 937334697
461832949 13022637
89939605 49107791
105781678 338796475
54502437 688011855
578987197 256881339
867827091 27616863
418152939 13825276
615293742 926600843
184077107 307292773
497533373 473394092
166955845 24436969
824255738 812512501
374129159 861095703
995192340 810030699
651507983 328607370
762466348 295842663
939567146 157676152
553655513 218738455
589572569 983598631
855253156 788432122
35435981 18638193
656396172 825405799
9611124 300695369
322126211 466217479
926072420 781543983
305790703 781788758
921941745 106461370
69063466 308901926
508943517 560908310
989375236 305378332
473540769 971184770
843345212 476342833
59284584 550680529
908585738 202944050
209102869 732650987
347163287 979447873
532450041 695107914
18232193 394208594
299748382 535780733
687422814 203882414
677751999 286381480
329177135 582842227
213984973 135079170
825707761 949674770
192967020 782950229
874231825 927555536
462640500 713310593
396726257 365185606
764334576 38228474
863121768 565806817
48664738 183652678
379534400 281647714
221489789 488012416
722288566 432378463
359545898 303436760
547239678 368164288
724683396 157732624
544658876 709047619
469497627 902724096
138192012 950154233
845907125 849772307
760835451 422100935
31941063 555300296
674658443 459416038
534986497 224658226
662673460 260910947
655597505 471190136
191104477 400056735
716931738 62088021
148115047 27672272
870548438 872488090
348262051 650809982
741805041 120830120
392282070 382432775
356713498 591102454
661247036 136325404
129522358 620910992
223503234 292731457
983979997 960680342
244688715 719257425
314655195 29969849
15730604 926047736
966676912 45413314
631306160 355296311
22687120 397831179
212246997 952185060
903769957 827388419
353421 206711847
940909896 437826734
922721982 435523582
154692107 66357027
291359810 18446008
537262001 492724493
447115879 432469375
731858420 782217003
358898800 567881928
583544511 58436046
241444882 441026784
455467697 40908643
938746361 778584171
679390624 233720031
220492353 146157275
66947860 363089492
23875323 875034875
996969160 833987940
502348466 90315112
679085356 731517896
683195613 201210130
804528102 324716489
5924968 197449664
151855692 483469511
658643002 39254664
211294699 82540469
48273317 443770460
206163716 55375258
889115894 690574457
838469897 697734674
15546345 455425782
652354340 211528652
107531313 736831291
48099505 497757450
181771252 179366021
61436351 231469603
807048781 194908263
203708307 513179652
937425865 554469188
730913061 64753321
248453866 482871511
751916961 854105002
534076582 961506475
766235367 2141353
794829033 722484899
40625163 307193317
50766094 967747443
120341462 567755947
919166571 557655333
990333764 228077022
474843844 998347670
191171587 42918517
170133714 825492726
691364602 917715966
889546437 859761227
197727936 842045717
917202110 6439406
1309728 145646062
554828116 410833421
72327323 478840528
431576593 968744232
289669351 263686807
21330417 233959060
763050345 16192305
147386347 566010107
814370495 287197730
284692320 158658778
273608761 810749184
963904685 308319489
466077274 860876280
973458335 6315285
39241563 815662151
695612920 959454226
587160489 635145409
282261487 966560963
598102626 620157518
111740078 986795593
273884636 158340712
306854611 563042969
40833054 899338655
386392303 453675260
268857188 400286741
125202954 103388817
50657952 938024450
548125213 616791751
410699252 202164273
763445910 350331876
131667768 375420032
298880727 302073729
305367674 168926820
498477240 45353227
427755129 949918563
684752129 871034948
70760233 119102361
897517552 505868736
245929011 727906868
472240569 449219433
639328627 829496823
46952704 591452923
875054967 143337914
40540514 39908999
871327238 411647209
370680810 932349685
888238743 521569281
978988956 605052027
709975253 351230230
375176173 674405159
34947874 455259215
315543368 178970971
73643793 810675304
25483658 223935051
986108394 770656048
851583624 244389504
527014186 226449929
342569605 844747865
341390081 903461482
22041276 329947269
583330514 275152480
443156444 34761865
37619126 643861768
229808262 754837825
670590713 102055703
694589904 417930071
503841948 807620435
927189957 78675917
581282769 213555991
533415395 415529593
258610562 685716179
360641436 67721347
143706827 684168
136503510 622156009
876009851 863214161
536696428 997164284
966482071 188972758
18302634 550656225
140524759 668936663
377096661 174636049
667450663 25741478
628320928 303155673
234391335 994039470
684720824 127691226
60701098 66353637
874637113 168441994
892562236 668202846
519677238 684703666
238119573 730046905
942444085 219348718
73504551 351949744
17913009 720028719
756249493 12644492
817854614 983651388
73169464 60222125
62273992 972186413
643904413 968480263
958600862 894196975
310789891 538473632
437503071 420380099
515744478 496851731
818134987 181025471
885038934 376180495
164910997 176486987
22045383 750367193
589972193 468851877
360286276 235712710
657210827 935056478
298598413 142493121
805500384 79318746
27494428 670582731
316098210 423242964
6512285 460868470
857097736 70830808
206602353 575443817
497983740 514251207
634564010 22466784
743458779 614778711
917749266 4764713
816704249 382170768
22906277 786976039
666584858 592726095
404654354 843824082
888062458 394458055
476447294 437989558
629200582 415084284
100971713 37221231
1149088 635414342
846107238 570357044
32301344 544721364
6120878 628972874
641788110 503634982
421103696 918564236
493369256 20538514
61576111 285860073
237404066 456680128
673818986 28218853
75408161 349689901
485570001 894844695
754471295 534782124
562118248 221848489
400192394 810195680
633026150 13034971
74475525 32036547
421733177 753735041
876974117 195612707
35459327 759839873
107555861 19814687
489772814 628720471
447416179 707221680
71871598 340709264
21212112 91696411
502172761 346943058
404070197 35512958
345041602 718095570
837328025 108239180
364755147 427217116
766469227 620951752
426195277 61484878
398690062 499492749
824223060 4777117
952253271 661361670
526327969 492002128
818526994 9669878
918191654 354657409
448393083 152054257
19584141 901249631
930409924 589562849
793567922 931428526
555729813 482753923
261964836 105912133
106959752 551377895
230356392 376744590
765362601 813985523
967289269 35369993
4616188 608569825
386362617 780305098
503417591 895519676
878582483 959980535
939566595 251967463
173285847 761111371
875784191 663920278
586291278 14982037
411748286 568284499
149168307 433264442
44174979 913342330
52155446 461357231
218064524 616375998
41873213 3643646
45029764 745530274
58911198 545700427
681026320 245650944
125242983 74028101
312796996 388525445
28998615 614056116
246365482 767230515
480192098 902287860
498542914 793754846
842974192 561393011
448799740 256430000
928283294 188378164
772630079 12385957
847058235 502958928
140805606 666073103
997787597 556854384
642769470 308673811
40420362 371598932
458776713 981522986
521166303 490251599
625637502 241282978
672399340 588717001
125079751 39324186
305868806 369214140
770124673 702991113
397435828 587983415
414474943 419455288
658367666 995711454
254817544 223039811
462488945 560071016
456237525 526323228
981050773 43265823
206640660 7001991
9321589 50268259
52963495 628827296
443707295 948975657
76752613 17972816
671753042 407953269
351367448 310062557
801678083 363579363
459384574 16240472
468141016 826625059
218604616 212187179
624988975 969966200
541510942 230411669
177343256 425061688
134621849 560031524
263952086 711818063
921524039 586151744
83781475 360798396
715602859 758350753
373102569 906956562
59003065 598404564
574464586 132543992
163901023 63212475
434578329 476476330
19712503 42452489
662892702 398626166
307906774 400147146
503085654 910182464
72756416 330172889
807404144 427153663
830558322 593052008
803119057 495691069
214220311 549741692
361272081 914166683
14307282 256542062
252832508 358001738
59685948 620402283
391018771 360155539
412080347 466846196
355898888 835754064
146320047 185078623
52672069 35924081
592179370 138096468
504450661 4705656
751647282 281238609
484149178 358682365
440632225 988257063
797131973 791308587
343352005 790794106
107509185 489463105
53609313 694155333
563035417 906416657
545305515 37550164
668754925 77956229
334610636 4796104
106405521 32538132
366273379 826777495
392831245 7310673
444365826 191589385
304022430 126317663
92102575 379214652
23361332 549001586
619541605 497824417
55069171 384366936
883203472 665542268
272448434 623955950
696187028 957540968
173384318 398328488
76966215 487639505
344416024 957321486
780858994 918876280
837362035 121001274
448525909 444676850
754285879 823399515
848038688 789129002
113659457 463429429
144732026 382950618
777645344 790446751
337482494 558269974
70511000 744998916
871204537 66975681
195481892 170444258
972667309 470002198
637890413 438173774
47430480 924221729
39083220 911579502
989497870 619111747
15825133 913396221
772692932 273984433
744871682 753048011
102465091 548785909
682009228 741306427
349581778 588183404
341591485 338498755
175476652 995611590
431375865 658933615
955381374 498778506
826663512 666196318
524601066 265504143
826161189 19628866
17835526 837768324
615823202 538462182
736250847 273574761
719349570 316412064
107727856 13118994
509311662 454353379
264861099 772805036
73381057 148326831
683650808 753664305
67902796 59365918
177527472 25074162
631145810 522562009
173065505 780231189
431610765 964011169
603873421 840960788
144724199 525740999
233394604 255441466
695651585 972424884
333499429 513548586
562410160 68625250
980696857 675997273
729150587 122365665
708235673 79191438
110262559 557272531
586952491 101421161
772329483 282205424
924492873 693868249
405321188 195355011
246057697 267534244
34086657 453607915
851871446 9177316
684412402 23993883
550179453 815163524
215376882 663781402
630610721 359687367
622594423 297950340
13135232 34747072
475336874 489022215
268644940 844062940
4413925 82812647
36420267 537754452
586349116 799451002
312990903 143575227
99867632 73670828
211820542 1226357
899774202 135433085
373225987 414551359
777978757 45016702
66083515 396678561
796047475 747085400
866322706 443208831
440602583 595447365
805752676 103317901
429546362 675565716
466548740 611551700
283289943 597663529
619583928 210819123
325744670 866583547
71395897 347598297
597670837 17013141
718314681 189958860
978629042 472849301
956676694 943531621
368870883 582420272
637047463 637908945
300730054 746195884
816227896 858443410
94120465 15289061
53859076 727677692
736370987 340224456
137970433 684099256
306232753 216592603
165926034 27013956
269379058 276069555
22485779 595002482
97311091 421740156
802969936 948045029
610076012 318786677
633079822 19421334
11001672 19382897
360964736 492307797
350440234 722023000
792838867 89223488
197524579 296051876
63327907 921677646
3711996 751724772
803402628 753386952
748148020 812217916
262976378 60719306
159358967 430775267
968475009 711772870
555448682 73580963
40037893 484168960
744136295 136673373
117531499 602345491
500335097 497064578
20066951 524153963
955728351 198458523
571715363 377330378
828435215 491843010
897981567 309994692
302485041 494487591
225159627 47983425
747086880 499241356
887668399 292075778
274612844 49425353
732141508 60650772
170532827 442668361
688173848 838803808
720234723 926824843
662015149 189381915
390816817 398545314
933473018 760544085
516450086 310056117
465402729 206629231
453810773 193788032
716308184 127869340
388042246 837304785
997443096 185828200
51795124 76735756
406306417 943012910
357149076 534984359
968117788 393879455
899322117 314764206
174145735 294473794
414552353 5283904
834208789 814331887
625828916 791308817
662221851 691916883
116832062 580838631
249395172 745093999
225046131 603510557
434646510 73589271
331299260 364630050
882567339 543104633
800291124 880530170
943340289 698572940
685961644 606111420
646730954 148007589
940364072 86161171
756641620 891619304
240288607 298624190
812386786 826822349
611833407 58435087
525366825 345598371
304213607 71486831
236238036 476589834
756517803 238328793
432644609 87460472
813899155 345156955
327250370 737719477
741255132 488471960
865074333 928234590
3026165 592062025
348871692 148921958
102704260 690137527
936171262 912731792
73722847 344081218
237870676 186945527
292310676 341084125
231430501 285670791
15337697 232347280
201523834 569188993
52202555 299964660
552997714 15319802
906724812 437146555
314966431 998274140
12836589 236324646
148376455 317105636
513529265 285204364
118576165 759462178
879955802 375600602
823840773 250833533
327956193 68228620
362709419 465521068
147399025 22434234
25789965 539394622
871351021 271649927
457797909 580432915
652735078 379412655
101612064 18633183
217710246 835616130
218822785 16482734
437326504 923259362
380874750 234566492
33286685 14761159
536800594 731805978
933778920 75730364
67741865 409575916
879268003 787043680
828290088 548932140
120578841 169838054
690676835 597175816
735221961 713352085
780554469 604619264
709444713 604620105
68568234 574495593
38931040 124888304
22293671 20913900
79198028 663814158
465728067 439499528
914935930 646907961
573773781 428792972
610204785 186917790
705206060 208272159
67083110 500907386
739145226 934223800
691988425 240215713
323951782 486307621
154322615 544523771
408531498 199322248
763129990 566679810
612321587 991922133
830772029 647595078
24547924 703314518
760742169 257127401
916724373 153834279
753100041 363416611
810451948 750084538
792053554 568633791
384357835 76831829
767615340 673280667
810305425 507779215
731366339 227210796
781588246 770839510
212814071 362864120
191194404 532581356
891280124 393440795
723051001 821782373
811730811 988124611
135481799 292285994
546399311 38929842
637088052 210129402
900383753 30364355
217129434 984712932
751712876 543527519
216204999 982084558
394064114 156962564
146401534 840385265
718883653 661452486
161577972 404421210
384424903 229152204
440891924 88261739
634693643 749737682
706531644 225509463
589577562 267752359
949231422 553284266
184751406 587134381
140607072 904089023
25151930 50748506
448471516 958696008
298293856 44811709
848904800 132616138
896352313 489286899
536238735 818457886
597955218 462875311
319730559 24778480
679541609 741152696
933282105 34370117
70958068 689775977
405557052 975263982
309035290 292190258
154434810 641136149
961464311 237537301
477923929 920820920
553718364 69519146
474739764 34807847
851602253 321360924
246046935 642838154
540261250 522954410
10640518 939009367
848817639 162042920
427812343 511786460
571827228 885870075
907102931 2189753
888290037 878324767
199676986 11188071
651714299 182648229
345228092 247555755
403927273 789244205
15408480 556029220
80771632 415898993
876857632 38935234
73298292 380195258
129399403 795078221
275681036 721557097
358412066 88455642
341143942 826504559
194214812 503301977
71733792 187294421
137946915 938632971
16727887 369622325
5361267 179249667
688530238 671030846
357667395 674886317
871416900 356858677
877445044 642239811
32592756 29739886
625152227 260175961
456864019 543832791
610133852 482391379
515811095 11668589
684118692 911292649
628847022 839209158
938122415 26618281
800407990 853721222
12002920 474917494
70844739 902114026
54708779 567107331
27351585 878679104
638536271 541067353
965195337 813162603
356596117 401447766
3837546 19071843
300514234 671933227
737767020 671842740
188760043 134752732
63188964 783007995
629114699 146485444
581599903 193964140
220508527 498301199
620818205 261558607
304961762 779148350
54453522 456296318
190447521 799405222
960319463 463788520
23858080 74798577
897055543 272792337
577311556 666211740
273401683 397554064
20721638 489562999
188231102 86841487
50191447 718926377
404657586 35923534
371739991 438497193
679671961 495107746
434266652 19418566
80336533 619200366
255463121 335092384
729447161 770712881
939578132 37576491
947785933 695019896
34059894 41437620
341870414 608496998
979604735 658494037
730777195 346892851
145439656 612759423
764982089 795816362
842421472 517305465
342787265 86326954
626992392 673743834
866445277 662508966
214079222 154085393
263189598 376796453
712906869 310887390
25995064 899536451
997377731 906265302
134506772 156957998
579005202 669585891
585273038 8720297
466732808 137078721
507474421 733230990
939962688 330521987
666469198 47576387
529138118 496686860
290679121 8439373
499502750 275594134
548349098 153120698
879130686 929594927
642942137 668867764
915998223 264042038
484797458 433827061
743461616 566970339
275768573 118198092
31571890 577248444
228427255 124953118
626225566 471444513
419243568 812082144
763988716 542577601
775709196 701690781
832142154 13238306
124612514 191881590
704334426 277816605
742605632 34295581
64103474 762545760
156402660 19437144
640395230 288821227
257183684 575273862
20492250 718044819
442519751 237034002
227914394 66768512
556933386 366864640
361176322 346699188
745013085 375847273
735295726 537991291
364925891 154452214
788732330 33822204
257688565 563292775
346019963 103780016
855611359 836662800
14407444 754005732
424685089 415541846
198512162 16606521
957628560 914871350
281826754 447180070
242596019 708450238
762168837 756118385
171955270 385912978
185504115 58514106
153082298 827458153
361032580 142682608
316972211 339171726
47033127 988315353
566284937 512424799
139721025 787351182
830879432 406415057
438565156 394315260
384499632 528622826
439716124 394211940
516268725 506857797
296451302 452729308
894494975 116900498
396715062 947575757
359027692 444349204
76109617 439447923
69863304 885639457
758944496 793200224
977977629 578367397
644408836 622256377
389662622 39560350
263646444 678091511
74806330 347923362
655597217 784476647
583152847 345750101
602777867 126662570
621288051 16035060
443850120 896223990
932212205 804885709
651947372 259178452
793121850 267340484
546748028 711462944
16171785 879581136
362569586 168012811
9536832 731641211
228820092 439263900
677908341 460709478
359183293 809867819
678290549 654864066
300349898 341186789
31195071 464622808
463224367 308256075
276532234 644026754
566882279 328500915
500503484 283052208
363921895 66945988
612321650 117137892
500676500 633375999
492194427 601716918
289554760 777378098
978971996 121511249
985278674 332491267
770414156 849994996
604605939 605983339
974052281 784058994
691876578 165415223
128514754 946052786
333600968 496566664
96476091 908183855
45032003 58542418
281011885 893999225
53164007 915174371
565274579 792650419
451617466 500956755
92455965 381236755
47179956 299764756
474168753 755063142
340552517 731749741
543426661 523361417
641366990 26595829
905571911 729282800
464957990 821309723
33014805 240222755
63209237 785957535
158739909 936420924
647318237 563476247
418296574 148340330
481955246 32432235
863773597 408579953
376569901 72956505
169626673 10574376
753190389 171786993
988674688 881040378
553165845 456418074
410145280 481156965
647609743 642426636
952987742 21000829
938680279 188614355
218358266 555460971
817078106 733937362
4023912 319765223
827032564 78477374
520291569 388576450
170722681 257851807
109080849 837708383
789354541 718821202
465747703 892694324
840960332 219266058
184117255 359044941
123792259 10114889
246751067 113133513
264786804 266215405
59747389 579278683
747824182 979026078
694997168 341950155
444509139 434771040
783624677 259938674
353161161 301931784
731687109 199226818
29297033 746390974
660440173 194672059
593097467 49916799
186038445 672513911
354624247 805107102
554011272 659144095
237214158 138444350
466443448 419573748
744881599 468683481
632280103 8454599
137734018 72256188
936594551 734276737
258047681 519840138
964598906 347968540
679061146 321596341
660286139 848985000
504396319 115989256
45371891 352252871
301619413 509431071
146216341 753030449
948781880 681422317
833857091 567099697
467814198 418734133
945436246 790295078
655539375 136279569
687808090 154655747
964415996 32452462
953602447 182623439
33253477 9700494
624468585 711769382
573653161 835791494
450811665 922271926
432076665 742666173
623087075 498763459
965595645 782406259
625308142 926612131
519985742 211084087
295878518 479204418
926632955 670330223
23187060 78063776
175034501 839692244
632760598 695994958
251956194 886842612
219618360 895318517
82573565 609409966
377774066 942433999
416552500 932306873
784841225 614170411
259023321 170717726
994880635 359600365
951330483 90837433
291547640 448739852
722901114 293753788
896703075 255060243
114278493 249367596
575942485 893922720
18463103 391693923
410552475 478730472
930135414 125898124
892676275 248802865
181633227 265717033
302070099 94102359
50487166 235655568
733323234 656552263
968808831 776196202
298770941 196850823
235822901 341057843
497605107 185621932
527855098 218463677
834911049 290959842
289373341 122741421
16836407 16896359
364099551 362940412
501387561 33360402
23072503 924330359
298824511 451371973
642945039 683745088
11798733 979059966
928715972 54885450
977835229 170692939
860667561 103332065
357147304 809554896
406504389 754997024
985554464 466448324
515672848 884907897
993420905 446374129
26136313 720262961
295857242 910543928
853363685 713687777
848746241 427401226
460515494 625028854
596097053 26950383
168359687 884049969
437096610 504061444
746548808 867091496
589391160 962304374
918106521 528210371
308126396 312283400
366697634 17697217
960549566 9845394
730488827 508475184
644423681 43985023
288353716 861278200
752429822 501406286
590722511 867206481
858992226 43965714
340292289 328995912
184349579 962673650
144033269 424205886
266180367 407552170
957277257 907514217
249437493 5178376
514134670 668803409
900388474 577916528
630092300 572444500
164631565 218843224
679419132 62470434
670936147 16972492
871404300 975696706
189091684 252977132
291337695 783588748
475605900 24181096
444634506 600412077
147808715 856175372
345656600 472219558
576637525 817577775
329854727 800732237
102795539 178670401
632324552 753679818
198275616 794766918
99880003 30506523
24278092 885842773
406499921 762315153
345214878 761727513
739041601 956540752
92685771 91862865
133418068 959912403
178758335 677418320
19017535 392730470
33781019 768332925
11902128 585632426
909168309 251358163
317638338 708277012
831042834 604088674
645586824 474586478
24177136 688132812
363721608 835005525
60239295 192550346
492720188 507670714
550112802 63979172
539226259 160010849
339491443 481524413
832158062 282560613
985671740 71193861
698058275 270197169
705333182 223038085
65878781 858873224
267651182 984291542
763356091 254694399
431320435 939595946
463752205 60124798
589918762 520199746
324677658 597438530
772701858 78883317
982017788 661278430
557984800 246409392
383129922 626645685
268933532 274760816
418315629 322353026
155258946 809714890
800973940 259941584
783579122 354877284
598840896 849385090
340302784 460052601
972783153 675257676
658980469 306500441
533505943 275717944
496729868 16200422
496601657 687120419
756157750 874064408
307832530 49156156
177941975 315907194
918811535 638871181
830967686 8873130
680695954 39349097
852225809 739305182
36188785 926177026
205196279 687775066
533897400 651531223
130968812 953974011
788680292 520836413
585004120 510448559
764678758 276258270
30112471 512029434
856459814 862966327
289633723 223043698
661782524 960270616
829757319 595121732
109860792 89676839
291342450 462951341
723897116 783175773
335452393 390528386
575370845 148614792
591298573 208834216
109753510 896627656
254058544 983341212
590662804 26572817
890903388 672715757
530279611 827103407
791295949 659177661
844298271 346873022
188847218 602462020
477176508 220672430
175156592 943523917
751820287 482812357
673722527 174198198
189273419 587667100
695935499 830737140
200718965 638951841
878694516 589462925
175743560 605197459
787257806 676199837
221360386 743467529
647724994 451464786
813749973 9534956
65815082 719863407
436984934 45140983
732759450 731076812
871890769 266877503
707621843 683828437
808378020 637525414
243823693 69220103
328841055 949900902
266428086 443175286
157643003 276965005
540948844 816763978
44380127 408589434
197524997 697220668
60453869 906597220
536980937 41745694
988131572 736328660
454899251 419319377
148373307 32314406
589669747 938045260
279299580 924772620
88780527 749149724
927494629 983725579
25310652 611477982
783954329 756260348
63955754 295195463
154567214 700478348
662255414 414629149
343739309 401101244
709865750 100641979
24314772 66962530
703426993 175463057
963255128 14925990
244116003 19665569
29105883 288370055
38506558 15801091
890955515 409713747
812212996 462169699
146632708 340726066
210157357 653836413
659145784 503790492
568820647 917394088
436966990 863043294
716277265 517677640
533850095 140274330
791369536 625007450
271332922 533447491
754833338 47601387
112031298 758266533
108338237 319974817
371810699 35335770
968794681 219792434
66491024 695136854
539579474 756101096
187560256 212211037
895901407 659756324
669577084 152616328
650695790 155996631
713266587 255033028
713466430 649833994
316497639 794180946
519525571 250715223
865461789 856921672
835955749 168938094
491774448 47435277
259424449 508592529
300872071 958221026
438237094 490002200
71233273 70041428
690620185 953593069
87608793 491202763
274352915 555844113
993424294 199782911
789785022 689083158
155101270 51224444
127518715 871910051
4194515 846653478
508874207 716374516
38800252 125141936
554629937 955683159
401686180 574179107
372345837 310816943
256336144 352795485
336325828 8071157
191105658 286736270
802714 914116530
494870032 533901757
369340423 805626246
198430964 605448001
929437655 362879140
618444478 594474313
42562442 707863124
446275061 391956821
836970196 2416240
634043546 110236091
55447838 918515687
825339038 640841251
658895363 62575420
215169126 51585034
942022100 713949449
691402574 855380803
963576340 33996916
446741028 233330289
520255997 261836226
610256808 792849295
476246777 781690050
201222419 59559527
6002473 218472283
881510029 61439775
44579298 921093131
30774196 973637289
20183596 252452959
61934620 939070286
793945922 341584250
691158986 350293803
923625236 789376148
5465527 454542003
166925000 99028856
591247957 19397929
603346228 461775109
796612609 722210088
447237989 865515950
759342997 863144219
880807195 1502203
11717337 23141828
135547211 379061509
145494796 192506042
593330844 763174141
168852832 623791332
989388778 557512614
587497339 7771391
560063686 26719447
103654391 520735774
104396276 653086970
39496930 858868772
31712235 258307472
935674432 890509900
248971610 71113130
390732421 32521633
214381470 117731953
296893211 687120774
871766860 114963359
283980513 75759151
309147309 498212867
518938793 460427558
920096828 361884162
417939385 172172743
667153194 902784017
714343500 879848901
585068506 408092987
292030478 34234274
607957094 114861473
668894884 184164667
898538776 539772661
951364129 205483066
90919154 91053310
438888338 221448866
109665830 256647704
288992115 248040775
385999519 189506481
22055990 677547603
797994103 16818892
159451333 823638466
449982078 62356097
734150901 820979174
881263801 834212476
607536663 438483940
818923744 31785337
174581101 173994038
728757983 654541776
539164331 335579943
57792342 56085474
750116990 257442137
611137050 395207344
540112131 870816834
431690418 32072261
51180618 966931115
297920731 321389638
325886685 36581680
724464388 834789482
743901748 170078915
802158801 717174524
486492477 575334697
467149724 251347290
167730907 820057467
756654832 409129593
10008162 986992807
978002189 389302111
6302751 889431020
306349927 658556839
880035791 494989665
591008551 757782017
516110628 483372142
705444264 463941808
894113347 791077458
695688443 12386826
787730504 363664028
693751907 453370107
40102336 264066993
39477976 921379202
826684206 472014668
388855178 334132530
461887367 39432953
398888020 298965938
446052534 601149594
883521101 637723454
614603801 355701475
471724093 414202148
937273090 66133980
621826846 169773640
230501175 161604454
105728163 71985568
372687730 153977775
365219758 975979193
990068705 8299452
264736984 284083761
719086247 163634153
642319085 423226938
750742617 204597344
404709229 309067037
992573570 560735651
272688909 460654516
660285984 77661960
218560052 807011823
77015077 796236087
258828670 774779728
459401719 54397614
307286588 584630127
616649712 977503294
162593522 533909111
226337759 553636235
703544280 413583783
23178629 392026512
923705177 133267410
48143639 435939097
469063319 480318943
810763716 325665095
162102757 792217417
322923045 896046096
513061196 57519263
529505486 439199932
365129991 930483719
20893892 765292137
42372102 27125171
26732547 512774792
968758895 60372596
544419322 403728733
84662809 699565604
527799304 43574915
102588175 531672120
62645764 223864166
602435091 336810040
750022842 64108486
629350167 686486590
518919270 287981628
426274246 823788921
57124155 223594157
78781945 899005613
818202080 979297495
442429507 44355249
573263341 196308173
982296166 25535215
981743218 451599218
968742875 68668391
263804528 689033473
806688334 1619374
39626077 669374854
278422047 13028455
49023398 186025314
141455075 808296657
554213669 562450890
639678432 300969145
180265391 914874696
148530325 405643651
365081480 992052281
396983600 113059493
910907372 927699277
12349206 67576875
38819208 53448203
10805598 910611252
19999485 141109066
831904086 684236403
687541605 189168057
581250813 959156912
630972615 7069783
923423111 211853124
271468705 270257916
224287709 220866209
808759911 594159311
786168090 786292423
712272893 562504398
111188238 25573327
9926206 922402377
552400063 804146790
48011641 176072551
845210339 152000583
827174897 44297630
658504807 962635976
251769433 957922367
984584428 236072782
660735581 937168617
368569157 635666903
50234139 646708754
935388666 778628463
241842084 26903937
592859080 692442811
225982336 60034261
400924702 963766898
377501480 6271488
264174497 947232223
362379402 175607237
126978217 330039137
400426889 137498687
229807042 830559979
514573946 318592857
425133100 515151492
987744937 70816086
701866076 60234440
807045329 242607434
770187897 558578533
536760743 515451807
854170847 386280351
30725199 95975057
471314079 793651916
131411174 689629874
567379965 893158616
240577784 18881895
416825072 297558723
991837191 65273706
26178470 818506526
647557641 445890886
524010750 783495826
850673129 112906206
390403340 224066649
773935621 293227238
410328472 829573826
66524846 677742439
171365535 666812337
419096749 113514560
64397521 844582173
852578746 650913440
197516817 501495185
256825602 988289677
517190137 518053035
95243689 787714912
64579154 920250272
359210309 830255174
217927585 565063094
25178207 84093121
585477525 181303497
867374838 423114021
467865 175936966
667190525 742442779
903654217 722416947
515383000 871469602
532878068 908827557
437556706 252929033
574259744 168534600
522327274 50627445
841240066 918128475
36437169 654416482
604151305 592613042
968650862 425171610
54288469 994374194
971190858 615594559
827821624 596746840
393236453 793832007
222183612 940299954
859184847 401201403
578524444 278392420
759761167 518126199
545055049 242000037
541010336 395370797
433109095 827587903
611399919 562095713
191479629 887536915
456706398 699245230
735727881 903045778
36885444 868529792
43545434 521644613
243078123 728130201
121281332 524634950
267957520 29959820
146456895 633243589
478629479 956361541
481543768 670600580
55390100 959686527
379791375 783918683
133266739 367303756
120063271 727398581
635084113 489458577
54850074 352819217
460682225 345504390
865803666 234628482
30516615 40106554
733037808 281460783
300868993 52819469
154040521 629736916
871120569 219156021
454799716 523625279
45918723 25928250
287617854 550630612
63541414 344469371
852935558 716388105
868860124 68389285
518040737 801310442
167762513 188883779
307532455 851276439
763428008 627060778
937727972 728586689
436808697 651500552
59574103 871521841
920057676 610382046
3719479 40000064
971646240 133646721
218258794 269575008
323366886 838404636
208605197 180536978
539923078 578742441
95932399 905452782
644474073 713950588
899330836 371939871
394250286 627200953
288984374 161900260
469476293 967184856
358061120 767967632
648589655 582521384
496686289 205123210
265705868 32002889
63567551 272709837
949248131 934799537
118378898 66110057
905241166 85635880
993186053 359392512
72064883 884435276
71982983 606724683
40933740 203714573
73044672 372499603
888897320 86770482
949194246 895733560
293955976 252358098
143894244 346513197
300672994 397284060
128666524 27414905
260889729 485852560
632364960 603297208
646490404 99840515
299817498 645167769
553757563 69899679
705636966 275608158
710674861 20364704
838888595 686248286
176082644 974131609
311504358 125540486
689002367 608196590
553845079 831866323
415108655 53334615
775496722 68561625
712112091 123049059
502854135 178048833
144347244 455665138
103393818 549080387
443086657 11362744
370443076 54249008
789474221 482877378
94703728 728125674
822090100 208558569
212399439 399602793
557069650 703768673
571370181 564406328
442689907 473872429
52892522 433792246
474354172 330173863
48701449 780272854
517687681 323996925
555992100 402142239
765412748 35803823
701725294 237941165
181633821 72850450
474978639 99065710
448414500 479494096
445921124 905454310
383178504 355284581
545120253 612799915
154189092 829108900
51124125 11647977
261033285 650594864
933277821 701794016
649934126 506277379
591326986 12308834
36453139 27322601
835419746 686830677
289082401 931228167
894285019 334714166
241812725 666962254
221227132 974602388
50972704 825107465
360452993 532794001
981502634 682505044
505415899 581484389
622073484 102362786
707524782 253092827
792124212 494531638
923763922 25689040
583268357 541737386
199173459 905829564
903254740 649722987
277880049 556038690
638465132 15141435
758758817 967313951
466285835 270858670
827653385 191570913
359594210 674642605
50157831 946039339
446545049 949036791
372214827 97958870
931049929 33788058
738988601 832451659
73326975 972446847
437484713 258309130
452532929 933566172
426317606 770140454
363404034 292134847
504519698 70545351
52298923 66245002
909555968 653058726
160893854 119681905
828318520 92504981
968349609 793522685
263683127 796746741
365802773 376874892
961300012 565253437
588267292 228111567
28499580 461842810
678925930 366831947
424428608 10500553
972922275 568245209
142334146 672757983
199165404 518804262
452048900 901824386
232401697 105160244
350522168 593604877
242139374 911883479
367978312 335534576
639618742 336640056
139112784 347036205
716274783 872254293
404116255 701961693
711536323 195689343
848314298 611333545
793834545 718127323
224020441 61549903
175194346 16495841
901234280 70503976
655883173 283118817
667806983 963203989
638736907 763104889
769939594 380045204
15797563 661412896
128144762 41967923
893828679 69417886
425159826 395947797
937941686 583493777
590155587 837404659
808005888 762375402
7609392 66685718
992271637 308857198
786281395 874787039
921961686 90959413
498916438 30796607
368305306 149357358
88569691 852350527
973220778 60798617
97781045 140261497
398403782 66590604
253573644 17418652
567101086 220457584
259842621 131826925
7769688 343086464
724637399 763917761
921744914 143492944
999866912 297966595
311699798 105785668
376828942 376883892
170273191 436164629
489359054 10490470
655550716 144682063
335418176 630075840
474525759 555651798
22394233 539088382
695700430 362689884
352035136 235744110
106088442 481473260
391874194 353779187
365804939 446736483
549602846 810756486
559869497 312543474
413103561 90970800
473887029 538789533
19426089 31268625
782708638 938560191
815944207 3327452
152400140 833240708
345095415 894079065
65793544 415834989
621301142 630665826
750513811 100580303
568317781 576332518
494363291 7291732
33080270 250149993
62722697 653326201
343947605 770289026
840190390 558559246
740703083 915831131
516164848 427214778
979755848 838354997
790058746 21383795
885166682 539838434
177874185 94842891
664973503 631495752
911987528 198824095
361525709 6086629
942360917 515469605
510224523 86717510
31160002 637143527
784657462 619946638
612376469 184719618
923520190 971803637
196147400 707427046
718165830 484436550
12883145 200938202
134064807 40312928
907452411 644825973
640441325 539990710
440593716 641087270
231762649 439926736
862442045 72724140
394331741 940748999
40195157 158194591
322380067 572545484
773727406 452146406
932107783 651580066
917925102 947315518
419699864 133926688
819227567 48211898
691522971 266985392
148955392 826789437
42970502 785007059
239422178 305866241
561971978 534413466
112095691 351783444
666609539 380216622
155895079 447527381
260484998 878196553
571115474 263995772
686460252 81350075
21332638 217756303
76660608 70348518
419381972 15559790
722076963 733430082
69161643 554382536
469918376 122883033
498534867 587194403
361526825 314640076
574805997 38469719
593140720 516815821
48386319 864722709
906224383 50097314
715488326 565178970
37638537 20151209
230366220 457517308
673413494 418810448
683740885 162509092
577658083 212081048
167487880 369429201
35772574 415132827
137436669 441262162
399383215 448651522
99182468 448917197
650318540 703367565
18103645 118357691
140507872 17695887
273584450 59780201
424237452 362864240
706119642 983089273
340136100 957673002
471238979 900225119
964751793 706234828
207702929 51926244
36231278 802108666
676030792 157275303
29151565 582065003
531267044 608512151
289061360 29856106
672567890 841867386
711948720 267134037
137058676 726946153
221099032 957119265
717470882 648521809
304842602 63667411
977221667 721912436
171954457 818578185
62719928 142956005
631456334 601720432
576758546 967125520
590496868 28842315
848136790 211558448
128560492 26627570
220881568 345197527
485016745 336727889
182379133 585358186
959485717 6287717
257298032 140054690
241507290 865551298
477906286 510757132
21702874 65867790
767466850 412931721
147470120 194057864
458166186 494725071
355170188 300382843
90142104 673497319
62876930 617481932
123950321 828048301
2331452 4334193
860978289 551012435
796393244 154963191
350384198 109299165
195499835 384289532
20274320 465291942
145049189 736799410
337056744 210568410
659012123 967131746
926255062 150477563
344303375 285735654
426531161 506303580
280518059 534028334
805102435 399675817
517680778 903987644
627822938 691819869
3167484 307553064
348109720 514989129
495447432 954694813
213947372 380519956
980608611 253971290
456745495 52219318
411994106 27718194
540397647 849023484
616691565 828336652
692291519 565833223
303187216 684606051
347364613 339288525
15335659 424063431
20906674 911116950
777330491 539850331
726124496 98511744
725560560 339248725
336941140 63079931
465130542 447844482
421193135 755155534
43542219 78859455
355582274 8445456
985756887 879369344
796320483 842753712
978902288 173374285
914943326 679554542
101741930 444940096
63427311 691967584
778153357 702327176
647320009 288938478
979909974 860964585
395755667 954489942
522279252 891854906
871508709 631833513
51440971 104643302
9387471 52551883
797532854 859269483
895026258 609822711
199057726 601254878
276558821 219019576
145532740 136798309
832915698 49215729
354376797 231474107
27978069 652130391
29257680 490160560
131093220 372305394
800357657 518854055
150504419 334200352
135233641 147110678
385219467 973460369
989813540 858238473
700396684 850003915
118761570 911211423
642755464 963926952
142729582 260727435
836987796 615645140
274584138 242598805
221801147 916630863
64970281 172188182
936326778 918031857
60756980 519402624
455798853 316110049
450466502 849413331
41111551 143976220
917192304 44900649
69593222 377025525
626246645 957537324
457843239 893214095
494169614 161193370
850753315 420319588
223332776 388383432
575566384 986214594
839653985 551522075
467854073 691857737
921739023 931818641
168023196 577527150
480650809 985136182
994282026 885775611
678982300 504198831
360106795 679488908
462712743 914480307
284327960 815899412
843691519 262010765
3495134 611993686
726228988 146549148
86665059 12932972
384216618 977931987
274460665 821068356
777518026 587623737
272892396 542935837
854754126 490829162
713278970 328903951
359789280 471749396
582762709 162419840
623890651 819039611
231874467 625846192
124399696 400701429
220976254 505470766
914371971 241791598
301040372 973172320
154397292 793852390
676215944 238746623
31941430 412518638
179113264 147532441
635450051 411650095
23236052 27439373
478555942 587763427
804160214 333628178
379749928 248034137
741602437 59015088
33937347 445492085
96526248 278784966
718101674 980335918
386686969 345400963
647497408 756350735
72246951 259175917
802371996 419014838
113342163 57918301
183532811 833303384
71723027 603463681
424000398 621267515
346862835 313473368
944408280 276826939
283427695 216343993
685288529 45927748
306857338 582871757
47140756 719516383
4704634 470765584
375230710 298301086
825463498 698464084
389131766 54529966
428188215 510543166
935836110 22450254
723736195 820042183
245551082 623366226
50183396 68638908
690541162 203611551
703834502 958513727
719367842 222854322
604340230 138517316
884208027 912963865
799020021 573220372
338504848 292505080
248972122 423848653
985344370 831303302
44520239 316870624
22095204 143382157
943214052 9667218
431036225 67619566
1367000 558952316
161378321 850190874
896758755 180882187
371782551 830057626
796001743 983181824
954665670 553629064
535949529 798501361
47456839 581014292
54113844 184920519
193564405 500418304
27553158 970560062
679854688 224259876
14151531 637202023
744968014 345490923
654721518 797119529
774913589 481096404
271927059 771660988
411251138 970533618
856727887 967519533
15063894 413966700
935811597 18728156
117391235 860342270
457772586 210278402
4096147 245161846
445180538 183460900
287225090 68554295
633010241 259120289
274544639 953844410
462698939 411570474
440635887 520327177
210704022 81584196
769907434 652599874
103061618 344682439
938518844 978201881
638678888 845215074
704644582 626812502
898889343 85839637
432582938 197101139
212570168 146009014
677623490 637278335
29468931 797344621
831345401 111516638
115920329 195829816
48375440 665072519
286813281 2913896
455195531 64281892
796075034 977308961
829249953 508769143
746786871 848639710
75999936 330017488
487923310 914905579
840380295 455566743
997682024 963152105
367166410 302482119
179924804 767093581
823358225 878671984
32406036 644609505
427089177 575894580
63911517 2683714
817097298 760843212
67319708 310795361
597692511 763084161
911344316 693010690
829122201 513065139
770780833 96337984
988269196 93365845
113016481 666996998
432788601 497994095
7782148 523868823
72569298 230690715
202531724 624401672
512248770 627505544
585080808 27598784
359991202 576193402
232691776 512175103
712155012 33590214
922061740 624312661
140514476 13124956
667716284 195486246
108949010 592061494
353219569 732207661
934370530 798908906
832979010 128782581
29176060 814939166
167993240 472949345
15717236 646463245
659940690 953206566
425872659 78829063
986727618 564219211
305088213 911584238
283532719 946331824
549397097 738761658
210671825 769450884
40256178 821358838
713151576 988354254
692493389 135510081
209330277 568922853
931362305 292806606
208882575 938151927
713834833 930228196
401358688 904822406
274230512 604037983
321170645 304377831
708920135 38223404
73369826 556879553
474074864 770379730
119625963 63970707
607653694 742565860
124735308 35209519
421756083 362885776
85112786 817218872
845438345 143759123
517289023 103561385
385804842 179397186
633587914 974849101
886555063 904804098
946616477 303156551
536260229 768184016
639545942 986832267
969226907 479611451
439241862 697261154
541955125 951652709
254726709 87021291
629064261 300450950
171368284 395024533
241608941 644725865
505302377 111956902
444030470 6527724
918515647 369957303
314789275 452389764
741810227 803021878
557887086 262558647
505617296 909864162
805750387 193074081
384052755 477697618
277774161 208541296
920399856 140190831
720587492 643748583
665833932 995525877
892491709 278592479
394606913 64251894
845878687 989495489
11150172 913107031
975079940 724164109
517509923 791446609
124875926 568638934
778959368 449930738
275170231 138045508
464615543 134937497
623368442 617284624
7982669 12247165
389848487 420095756
889787231 724899111
684812091 645707417
792993776 864028659
66235366 6147629
301665595 16262034
969967371 182956504
103198703 429386124
167480771 612645557
29433517 254379703
833090394 521853815
453459595 479723457
48922065 55221991
599170964 220256171
66701914 21246559
206547270 288801355
376463839 772470351
257234708 532536522
646487420 145940154
613106914 525055524
576772864 128132022
10322314 392669099
959906160 768917999
40103262 701267331
581817732 672287524
706302620 329608999
772251176 842565288
10753531 919627747
426383612 74899938
148054311 723296089
823967444 143470798
506911036 395084284
919132217 386875002
543202125 328493464
280584678 17163145
639994080 274277832
18596172 121219252
953951344 166909053
624904462 459400004
396115434 11209342
20595589 292874650
41922352 977193955
959482174 450838951
233072793 186307737
344428920 794778484
34341741 664711393
825301671 38195611
677929071 29481936
15125747 69021643
583745612 341371345
872605881 300369225
850621484 944287007
818150153 777810282
176621610 701755980
310895142 724502553
208632275 399816380
823206409 474689623
362149033 546728746
801310942 950881974
291987107 454507554
350364550 128218589
349254827 675719813
685146643 370157320
25507614 206009353
493440079 866411141
825550416 262917046
23780405 941983799
684969733 683303530
569959543 279611415
333031161 749420373
900829431 350020270
125679961 149416062
939704142 607549852
234529608 72112956
241054024 188985364
969760859 140924094
454708068 820304734
15935261 850750084
481122649 193561428
539825548 770405092
351347340 511013605
104672665 321666438
945901212 56708756
120037804 323886055
626694614 566605563
393408798 672709082
593320385 805987649
258430141 226838018
709448083 617963432
911178572 50358874
832755386 843229186
364287488 346461358
130991445 784463414
346830084 747212575
827671735 173242559
453014518 736749730
270457835 197780781
15346791 209399169
313939499 369809570
743355488 161771481
730494823 894208086
938677976 297541658
271122628 878199316
181134398 61991817
8684826 969391291
959610101 441591491
372247926 759773374
331573202 561656368
463506838 618328229
43789985 459568788
728606831 437049737
681446046 803363715
395363498 658715547
246145276 154683879
413462819 217180830
384339809 29452924
86415721 54852712
939198567 60499540
280398401 962980710
4964380 400448853
324388387 514796310
558164099 669146807
413608378 469247114
43187730 813638534
925917288 382711019
493069362 618970917
798468289 576108531
531091907 58003912
333998347 15027825
391237013 922976505
919311300 324055242
630586095 1474580
584080412 304020339
975828491 639985868
430258807 919835512
377913496 819602340
458997996 791282935
421936695 693149814
900120521 39101348
281362687 592846575
454834700 675343688
396486137 246138641
41101803 718333500
918290853 272732592
230987085 924913135
286710899 595394806
969699919 952618341
385220426 57845983
354900929 581595572
18862085 472582077
66702245 71412872
337444337 65023669
825680311 651814048
729235024 10645568
164602848 852383312
217798873 315563
671471297 483263485
66520118 45998743
144658479 454751908
75207300 535339387
767972785 583454291
379284951 11136541
239436035 754361007
162096307 420562205
214660246 69317484
796706452 384240490
925229070 424700120
531484775 714106058
226940099 559752273
47638798 508017238
297921089 976576713
634662368 452676860
512504519 404202313
352571175 965463547
113049548 987052908
65794720 470402922
15871092 722490335
578691583 251286705
14185504 65243367
11856232 848440079
442254045 707070684
132172280 737767955
351772144 228473511
71271993 512388130
149685840 441769544
702938802 756051703
706570026 868536146
703621205 50932767
525306463 498939244
493344526 635750777
560684290 832554706
48344634 239421884
582517723 463362258
258005293 155043056
42563046 536690768
227095468 563409139
779756245 676627011
753666673 285342198
229282698 416076853
457282987 963554046
470196894 761294023
189005690 641164900
260124382 521937962
133132407 359198293
720394696 291464359
264399914 151289170
491441169 119171864
939359634 540683953
686410274 537909101
400733089 951039770
315136151 504696104
6005692 398060811
432386239 844162017
557774912 463479125
903791902 310060995
948205816 886884253
527832558 371223053
831597480 660336347
512660890 467378578
242347654 330992094
571366722 916265785
51991738 143230918
519795002 585415293
44680422 462011529
935318923 67471854
379785625 183474543
728167024 694459311
641083866 648066454
215861465 465091062
125322148 24421999
36992748 843736976
44484706 712321086
198872191 808726618
124584827 773756574
333787040 698599880
739723970 530494715
88674573 823591778
484294402 706037526
723333308 211781442
354453112 701757829
400257620 857729687
105059159 228432432
345899442 294391333
183070789 72275667
409143141 405589699
574151901 404686724
122334514 265848284
857389612 332952356
970257041 926702062
393791284 404761580
203772206 672358158
796896620 984966635
893464938 74254178
21173052 323410305
642789079 736781221
100874887 347548643
836447423 956150695
23206170 777627547
990788253 103565003
145688894 892650758
754337954 994880647
337703979 356516565
969026610 583513319
34815632 178556556
570684517 114835722
206796562 587152645
65900167 382428067
122388163 110973678
848706199 339693946
290802094 163487047
355749836 140845544
200317267 97868261
241225995 20995935
44057378 985952242
727175538 384067552
505969923 941783147
456501457 951655810
533690831 242652832
775616555 45541106
614323668 142319800
487063098 447283181
815616853 744265770
400538600 359340488
35284743 83358277
501803223 606981096
753112213 857518248
476657625 162583627
32395547 114117067
369879928 394700797
614330800 545055092
303708784 861197220
703894486 441569603
331514928 605137909
669326856 962822439
424990046 658918971
243776052 654086118
595639376 239956183
787864637 836258714
77262227 596870075
244076152 392460846
936917095 400040174
36245040 352383461
9423680 929811724
292354083 20906451
293292103 661718979
570017027 757279330
5955542 723299415
716461558 224601550
658306817 821436958
788713750 732381353
263145481 672488708
34377201 533168729
235870951 493202953
301847050 286369173
650082247 551838654
994139479 65574634
553969032 853457612
600164033 353042237
642199104 959913581
507226279 53509694
693138359 17100527
357899611 240662779
361403368 769479737
57393570 586615885
105110916 856066623
398902073 450892647
99292270 19528588
634218828 209542734
357713471 596808129
72660221 128562267
988573380 217889808
920222690 519298235
437152891 417448896
72978055 953890544
305120538 380803757
446031080 689021774
640301576 45233605
961518328 297450366
729296098 188083595
629980445 212687615
24663031 501460631
617768114 481294240
279494348 22687763
6857860 649906695
300624537 477312577
278578517 859817517
499295946 125652722
267702876 928441311
60098943 226534924
914683330 638695230
686404621 931025932
488285478 162683200
816392058 88684672
680107547 619421742
710895877 851892876
21686436 472197156
158971548 86808935
952427968 649407380
612797283 541338843
947902425 136719299
14559795 598242761
560989010 292809033
199373850 268803746
892553474 709602454
507066580 878414831
753323187 575561320
789864281 591011018
476783010 172814422
292358222 805583715
497207042 361436488
517995665 875511164
61994106 50285052
786964914 478254317
373175971 244362627
371621492 45712928
347167627 710519234
765169488 886139543
24424244 72032752
569076467 104263010
892635157 963816735
177878715 286449577
975152024 321964717
156265278 25528104
791040667 880881358
823584963 243529901
859502064 288885006
899210182 58044059
412142300 316364488
576975225 931310443
534710171 165854125
438754366 247698983
228825 653765188
502474798 730787565
457722172 10195556
477945749 699383153
50245077 107748285
156794739 122014587
282086067 46075980
10646011 436331877
200077393 837819114
407180569 208071326
603048738 630434239
992688869 587804203
975388172 29285062
881607217 164636448
407324905 776623187
86518017 691302699
870741255 933188490
639642380 58727690
965382569 604276963
406316608 437309712
536952964 316141229
991153980 445987236
60281412 157854600
746321364 340675009
157184772 205093610
798529936 894323575
174565081 4023707
473337389 263864425
117970504 337267257
369258523 654905933
571878092 828913076
197863677 88347503
606698321 904989651
52951595 407195438
115116219 888242093
297505589 385493629
135023200 5594161
543957590 782292068
85330569 972922015
514555141 940181117
505090805 754734348
68614248 886674807
557656406 785705698
626723294 348377494
38146513 146578782
392501110 47134512
72438659 685563408
45047923 982839090
319271672 462289247
7987150 629088153
232648371 211521282
631847603 723962
89800104 277142152
436319490 117966331
669778884 901303249
929822159 752266711
549668963 500789138
825203683 380175070
51491544 519710677
54075961 566576114
28445929 752989302
693474434 817930251
342479185 172395432
510923682 12924596
656487485 34833006
602286640 114092172
959300559 681887010
278884602 350549958
109806238 621191154
678724478 124549290
515411508 37361502
995968114 978522641
133581710 141611195
213021246 106761708
713384864 508447411
40864637 106871230
65736654 841508290
477266815 612275998
573421172 726088891
867845834 796253238
655742815 589581633
27758484 936297542
325896273 648769614
792627786 891695138
440385921 65001646
744770060 862688943
8515608 86089094
253725999 136299882
710153399 912408263
987419066 261452002
842537964 443564476
262126058 842011961
811421376 707872641
559759534 833103527
198802732 25014153
924958251 44779510
965031070 408862743
308198457 337939719
121339000 72359621
42750179 544225100
790061714 25204992
644941036 782731852
850909107 68107402
928232517 500996643
48402971 290308087
71796376 502343167
348814334 553663280
929653184 886732963
21109759 110931956
146073678 199137512
336336313 579494482
28292101 81218103
621814842 459473200
782900319 393141520
523804805 523476679
435779335 912412550
330403343 750319908
926642268 19231680
355104579 614634153
412671476 589931130
454138367 584293002
295312663 24550786
752575509 530490704
644577088 39943228
356138955 420066649
51992223 113309727
493203547 67965782
986958489 986199862
274087540 97679052
254499911 491556512
101004470 888471188
62449906 916224783
917482554 583235931
526551198 22305612
370370824 746389027
932114045 531017905
917571231 345199808
728883575 412463022
889943153 602582619
692498088 490086470
719700580 320417266
556476385 367988367
713473363 718549
73279526 934890293
32988042 290146092
209807407 559889399
104921421 590613613
181904104 12483624
649094482 624922598
65781744 314671
135511362 20749624
953518622 989058824
670800445 808269017
980312056 8580800
133827923 461718673
748387386 36202750
551808011 107655166
327792725 218719861
504294624 56221456
243915501 860502130
546509758 393107599
525134937 61535572
176942730 663869073
958716711 342381839
307503511 365851395
407400597 477183401
499860530 679661097
554571033 18226620
630295831 524370197
120612059 323648763
541642490 336434739
23972405 14153892
903169279 614339006
718644282 531646995
983412546 597314119
771155756 85717295
852148048 299585845
539809028 849359610
495309995 531475264
651898863 289064966
138086730 906926324
172423371 439981818
702156311 133082933
349680558 209614098
101865327 728743861
978779231 700135068
412490150 992252287
120580826 1688954
140121472 62463855
397363152 562217896
584332473 523592377
390369573 617424812
524088958 439490398
130174577 386887975
701410290 153557178
278541696 919951180
923108522 664909817
371367634 486441827
518023985 622927516
416434715 838586694
1978756 45935863
478343876 722460644
729976215 510256311
397358184 261091777
387048911 137071958
716521304 102833524
424799622 124186789
521428247 704564775
747278730 705941835
783074527 674337819
973517982 27225407
318947354 618120482
760396791 740738640
477830890 677342499
259845056 632928926
295599266 348720793
710218647 563768606
374592586 585675540
867076878 729579034
455632159 664947638
10288682 281383855
344516368 556556727
11930088 298725965
973344579 206575330
22227123 455042363
227304590 27850262
953052911 112539408
716465150 451056582
432215921 624818747
502363475 536641146
777084932 257450364
64663426 15512906
995603942 54271591
812281138 21684329
733557321 805145577
507162943 327991194
60483283 180474555
633953082 641948338
463600159 336307697
18538982 593654812
607556665 653621614
23482301 521384281
818191141 906577004
877622635 949290362
183943001 344377849
992239182 125149608
234641470 127709557
338200315 282408349
163909811 531492629
325437882 78020649
776168330 428670051
226856201 49262510
51453449 130048187
253163541 688296612
213184107 62884303
466122565 651434006
3875420 657781796
900403375 471015458
210385281 222012308
745703585 32854652
797809646 463629258
884266521 40534253
555656365 338135241
120055629 424870862
205347901 767428453
132527653 634138254
904707857 902462919
900345019 90881585
812648973 962630638
554818018 487969741
378427149 914971689
735835548 776369422
248482142 360643486
271201698 877026483
381585986 703341254
801108448 158538512
371676528 9767917
725752054 343672458
978867601 446203320
24671417 33993245
425791685 849967000
915127984 737538011
492086556 844496472
55018647 178146659
931599646 826475156
207215839 370223213
466576451 571038526
563145516 827866438
63243132 192083483
85865686 55427404
973245864 163237956
987088233 467567473
761549855 399457958
527180581 558488766
206093099 546276995
129602430 90173646
667936394 403621359
670445469 46349902
521942509 483339347
50219229 573144964
311529852 554140397
562994510 127457989
521635408 467633486
294050870 128639741
559231735 45124059
757594763 80308267
16090099 172456525
710236027 343021538
65290300 807443505
835989732 745762250
697329082 195864936
49356251 405664796
237622731 663599272
80090410 903140393
367186371 584513018
560885195 1174739
540002151 441330490
290518895 88929556
50785649 430676122
811437305 685578355
237023247 349773086
15086338 341388178
372764004 691154721
987577430 852351650
138904070 650421455
588824181 429482988
80684414 563104938
714069524 34704969
51287755 180835845
362494873 818588588
11357917 302811532
725002147 650646932
520109855 246895034
742393728 46940570
171772392 823006048
313885109 747622377
281498373 999020069
419023481 765273536
73959994 68861185
151963706 378605042
153993661 29328576
333088791 744139110
816122551 131698310
811860580 494612375
488546759 190506054
51719978 61486356
753757055 403756361
217639588 320634371
765739237 266472621
586951107 330844823
391810035 396800994
758087338 174209950
266908696 275258159
771910962 741683445
908679861 413282860
294195048 63040015
892823457 360861765
79268362 140044407
531785125 69815614
346706190 60752451
318353153 317221289
366263323 216189094
577825253 42108785
324299534 273125985
180049144 258945619
103152247 732977740
754934741 588609632
342427673 435506642
304458632 219058812
413140845 197224305
907550486 73882850
820864543 214994750
453221363 819765149
374702223 825428831
613828233 8641807
