4999 1000
0 602
0 272
0 234
0 646
0 768
0 281
0 458
0 469
0 743
0 170
0 63
0 293
0 580
0 780
0 154
0 24
0 699
0 104
0 327
0 835
0 10
0 358
0 525
0 711
0 986
0 969
0 274
0 474
441 241
283 69
528 18
257 146
773 899
189 281
524 622
291 791
356 209
933 635
87 686
64 179
374 891
141 277
850 683
249 6
476 388
621 94
502 879
655 210
776 987
880 329
157 570
108 984
603 810
965 102
870 261
911 104
949 714
557 478
595 978
507 963
887 156
115 921
637 41
296 188
339 24
318 82
437 372
280 18
369 585
392 113
667 242
474 742
59 294
81 80
730 462
201 106
985 857
963 70
546 145
749 831
213 603
431 189
60 386
407 141
79 565
470 886
153 964
440 974
928 47
176 555
81 40
634 162
490 828
607 859
31 517
989 955
446 427
740 313
858 630
210 857
756 70
391 164
773 756
554 958
429 790
658 911
591 958
758 35
67 380
478 274
883 95
176 488
614 728
12 742
952 416
159 55
464 133
540 268
912 136
262 576
553 762
760 389
621 642
54 333
739 369
841 282
670 207
54 551
998 267
767 372
637 806
153 646
995 952
884 885
75 914
318 164
636 899
417 172
929 628
704 313
458 587
302 163
184 131
136 359
293 634
645 620
145 706
613 182
598 913
855 462
469 129
345 248
79 89
797 148
349 586
14 758
64 531
183 534
282 677
452 672
11 711
351 21
77 123
308 560
168 159
774 386
647 358
968 54
808 733
492 854
584 54
647 164
461 583
571 906
699 124
876 11
88 497
292 223
16 482
431 43
793 187
487 462
887 991
170 397
401 69
135 176
51 807
836 723
314 834
251 839
827 688
560 958
621 633
756 298
258 917
693 935
241 268
372 428
567 486
518 326
378 683
20 532
868 157
660 340
982 305
773 77
99 474
950 907
432 5
384 127
107 846
343 148
889 714
629 843
254 410
343 183
545 223
197 930
685 0
239 566
26 853
51 773
673 56
736 977
379 607
878 781
323 764
323 522
400 29
456 339
676 580
634 258
424 95
434 784
797 289
293 481
628 679
868 901
399 820
21 689
926 30
112 324
27 735
419 554
734 653
359 828
170 26
185 302
462 893
9 808
213 799
358 694
222 694
488 503
428 934
13 554
63 979
733 52
282 720
398 731
611 963
233 823
111 278
274 723
483 256
100 889
691 138
387 691
887 459
520 955
969 852
929 748
424 684
558 390
912 254
861 365
48 758
814 355
419 599
0 802
295 8
170 99
593 962
683 674
159 292
819 719
997 208
575 199
464 443
521 689
510 825
526 73
60 182
479 400
774 446
696 298
883 326
979 958
94 344
550 666
655 219
457 173
359 153
401 723
936 543
264 957
723 681
275 222
847 84
250 462
673 281
220 379
822 912
992 139
19 651
173 564
501 631
466 532
626 31
919 17
886 809
667 322
199 895
595 244
306 846
505 406
970 434
499 741
808 241
328 337
254 131
446 334
780 17
223 420
763 179
927 312
892 175
904 785
418 185
854 691
803 494
268 87
412 656
397 961
10 302
859 624
625 33
259 818
505 231
223 342
396 635
115 64
409 827
961 64
428 569
933 995
652 707
857 537
732 348
298 214
51 216
457 537
667 779
211 743
277 299
898 97
316 801
522 793
958 53
429 450
14 463
87 61
812 806
714 685
131 132
779 956
810 808
67 139
789 795
783 14
297 844
688 549
147 365
364 852
641 555
4 604
807 537
964 144
948 702
798 609
298 818
463 235
682 485
680 846
525 512
926 357
284 890
794 906
393 245
738 456
980 391
974 408
879 857
164 381
482 243
957 63
24 213
566 164
832 71
176 722
877 939
296 198
902 758
943 321
551 19
683 309
894 207
164 108
703 846
528 562
496 221
223 966
814 718
656 261
422 799
955 895
788 147
957 336
232 239
103 944
772 734
647 812
87 654
389 946
278 704
231 113
717 964
21 695
50 491
774 640
387 724
841 542
907 328
925 836
577 957
122 233
32 894
86 667
656 665
409 922
668 256
289 409
506 497
326 704
646 38
719 349
887 22
771 678
240 730
561 728
17 992
257 684
772 372
448 324
712 418
40 522
457 53
414 826
822 27
506 675
577 470
299 610
731 285
856 767
493 777
936 262
160 609
715 567
606 326
774 495
479 320
987 444
301 223
623 381
920 986
650 527
347 60
258 65
613 922
209 826
17 542
698 821
839 775
160 452
48 94
159 282
53 491
241 767
785 718
978 984
587 239
317 941
981 734
637 57
471 219
764 205
173 568
688 710
196 994
856 842
713 484
819 967
195 227
330 668
332 443
489 885
124 272
579 836
518 774
827 819
928 178
691 858
311 751
32 951
9 58
412 129
274 6
795 605
480 105
127 385
582 100
108 636
909 119
996 891
574 691
220 389
329 567
989 673
617 691
268 922
118 872
859 50
834 470
774 420
540 484
398 224
368 780
17 259
245 275
888 261
477 462
496 1
193 848
186 184
850 229
403 758
369 643
861 172
56 563
788 756
775 244
897 8
273 840
530 892
276 829
336 391
196 493
352 766
384 615
91 921
19 428
806 188
356 403
626 999
103 685
885 606
410 89
503 866
129 761
294 198
306 636
715 379
825 938
643 612
718 507
351 427
418 488
540 114
462 232
819 923
532 349
281 489
428 484
801 268
760 856
678 673
120 248
225 320
983 900
585 828
651 116
902 942
161 594
84 378
223 339
703 449
841 593
945 341
701 260
133 408
814 316
216 806
205 753
779 542
115 660
514 165
880 907
32 115
847 232
929 771
256 162
886 375
125 875
396 795
749 57
501 45
60 502
742 267
521 359
456 901
838 552
527 911
36 646
677 600
949 644
248 542
96 791
576 439
472 826
379 609
493 283
16 660
969 308
207 546
964 35
576 198
481 442
135 354
991 512
542 935
993 29
763 185
647 194
854 801
618 135
692 249
580 827
727 203
77 520
747 547
551 508
987 768
835 313
18 247
146 670
914 775
397 452
9 486
981 689
567 963
132 201
25 762
754 736
105 732
145 265
827 524
537 578
417 283
173 622
336 108
891 953
194 945
456 231
474 468
178 662
323 671
861 944
593 77
999 722
789 966
884 263
174 383
58 390
483 495
877 647
898 404
932 762
796 332
643 952
102 796
23 376
34 308
605 996
84 369
844 81
70 441
766 115
500 611
66 670
792 21
453 78
447 244
605 160
122 64
484 991
670 724
995 680
197 674
693 813
299 798
383 798
177 38
327 364
341 112
346 44
368 844
980 898
487 381
420 675
995 29
701 714
833 806
999 836
187 218
387 436
980 948
19 416
48 236
735 258
890 735
329 832
300 756
210 204
354 280
139 244
407 51
517 427
367 945
585 230
788 923
249 912
825 747
685 631
850 691
887 925
322 790
207 704
666 854
816 458
913 748
217 338
823 675
709 265
697 982
643 589
264 573
366 105
274 372
302 972
935 467
430 206
837 535
700 990
612 176
653 758
83 786
638 365
826 604
571 996
117 939
844 66
584 688
11 936
69 926
159 613
655 37
828 171
315 930
593 769
338 460
41 31
904 968
922 917
648 494
217 756
877 250
316 155
474 5
215 980
260 457
591 908
51 528
858 486
837 941
549 953
986 625
316 966
593 168
998 402
49 58
70 210
641 346
316 66
545 858
361 341
294 77
295 624
10 948
343 743
105 762
704 166
638 64
151 897
948 89
857 933
494 6
419 901
407 660
43 878
58 449
308 179
323 187
317 754
292 825
931 436
786 824
195 601
613 807
816 338
723 299
891 805
797 468
510 653
897 270
737 623
159 170
197 886
684 898
467 240
177 352
622 39
997 911
852 649
167 888
162 160
5 95
389 315
16 204
809 82
822 138
718 742
398 3
422 623
832 258
200 76
82 880
424 279
755 344
645 862
389 50
458 691
547 932
334 629
799 932
259 549
494 583
2 618
154 38
6 261
911 908
453 29
646 705
626 876
309 730
877 505
181 686
33 220
739 802
358 581
184 542
277 421
321 974
958 211
96 546
341 896
681 894
88 396
981 787
179 599
426 677
333 544
633 58
856 786
975 113
101 450
5 745
333 2
96 390
9 497
426 383
219 929
286 98
627 231
728 711
83 55
115 145
211 365
177 736
902 429
934 498
195 596
725 773
493 661
458 854
299 917
406 766
849 223
71 384
997 648
821 76
635 84
686 158
49 936
243 408
492 189
313 540
161 196
856 235
228 412
487 569
837 262
702 374
382 522
947 630
127 238
614 178
418 46
613 85
166 871
569 96
960 763
790 695
750 536
879 657
243 505
304 12
590 500
754 599
26 114
370 654
239 994
274 553
680 550
791 717
747 196
122 378
684 838
111 547
410 386
897 457
368 651
683 217
686 599
704 121
222 31
789 23
967 858
562 154
949 187
589 422
231 62
566 221
583 806
963 89
382 34
854 58
717 347
466 430
437 592
698 852
712 154
603 449
302 184
829 388
577 509
61 225
33 261
637 313
801 835
35 367
696 422
438 229
713 712
885 446
276 93
159 545
522 922
724 92
228 148
706 623
277 644
521 29
244 817
0 510
315 374
653 375
114 840
10 89
469 298
962 926
561 889
480 287
275 855
248 537
562 332
260 35
752 488
976 146
397 59
278 557
36 230
99 161
147 407
384 822
991 873
931 128
678 841
555 527
476 466
519 535
343 90
128 345
362 346
202 656
462 66
607 541
708 563
412 835
788 651
666 204
577 517
399 834
755 503
362 943
212 978
450 78
795 364
832 551
756 1
736 351
918 342
772 798
883 829
857 151
964 277
688 707
986 359
782 543
742 665
796 929
43 431
440 95
438 973
371 896
701 462
233 64
549 560
100 536
362 781
600 756
483 988
256 572
579 766
384 212
377 649
298 756
1 745
817 584
433 858
265 681
957 95
357 410
435 454
375 148
824 458
795 219
633 192
844 982
706 810
158 979
723 783
834 280
414 968
206 651
595 373
746 732
772 270
636 293
177 874
677 665
597 20
713 474
862 481
203 769
321 267
527 802
508 617
902 950
315 493
886 111
444 333
159 943
138 586
679 378
206 148
686 831
297 979
51 107
51 439
397 526
7 90
787 948
869 481
165 621
263 15
369 661
12 682
215 965
712 763
373 568
2 530
67 270
660 616
776 573
183 595
587 964
413 358
899 838
525 158
832 333
346 806
687 940
244 540
898 99
205 874
846 711
181 174
963 191
959 850
343 280
10 652
68 851
369 607
101 738
908 745
509 118
836 499
1 644
355 548
208 994
609 46
162 175
520 871
990 985
633 969
443 629
341 83
896 19
989 974
875 247
90 616
286 248
646 549
405 589
393 1
258 11
581 63
394 752
274 821
933 860
363 477
817 667
230 702
295 476
928 817
349 629
32 685
2 940
687 412
885 703
110 955
919 509
296 933
964 755
747 0
407 33
299 895
147 330
359 695
90 463
11 450
649 900
340 687
690 513
583 128
361 107
787 290
607 25
586 201
410 727
315 841
139 62
643 86
359 314
784 701
448 627
180 536
729 317
144 462
548 952
127 977
223 480
998 655
195 565
323 57
388 932
171 319
980 165
82 498
440 140
135 8
193 336
261 316
476 903
524 587
426 935
173 0
569 710
914 929
793 899
875 279
968 211
626 810
71 85
352 243
651 687
110 97
837 647
373 452
666 498
910 957
635 856
403 476
438 901
164 168
579 210
651 467
272 291
104 755
670 967
246 946
394 347
692 78
92 806
341 314
547 126
488 252
736 858
88 389
694 694
437 76
360 499
122 579
731 428
982 656
688 441
323 830
820 584
689 305
951 759
875 974
128 44
49 440
807 925
837 900
554 608
382 14
617 716
648 209
586 350
154 187
325 245
271 879
617 695
981 122
525 218
801 438
120 91
665 554
234 506
809 991
288 99
382 437
388 167
110 324
427 898
174 84
14 475
642 773
241 366
369 183
751 773
182 964
187 59
705 89
736 456
796 352
994 992
318 825
387 731
867 693
216 390
577 425
721 577
237 393
253 359
380 658
915 850
547 559
98 844
8 661
521 279
830 383
480 741
468 114
14 305
31 330
720 492
564 892
824 121
735 66
340 10
638 610
723 216
310 831
627 471
654 942
22 543
415 826
192 868
762 241
619 535
906 957
363 108
93 572
171 778
752 952
14 965
432 975
518 223
1 612
432 315
715 789
446 344
288 27
532 725
71 797
780 135
788 877
450 548
886 785
848 652
560 395
139 154
569 338
828 359
451 31
288 688
327 345
745 123
128 369
699 526
612 14
264 112
910 930
580 430
134 971
345 831
951 668
276 744
337 114
294 329
717 399
676 374
275 346
607 511
431 20
805 33
375 301
359 946
687 957
345 473
270 923
805 596
22 170
296 320
952 887
499 908
277 612
547 46
926 816
929 773
885 205
355 301
530 776
937 166
655 373
937 997
364 432
788 266
28 701
415 336
582 361
731 800
421 446
669 543
120 788
206 947
755 482
212 786
764 793
703 251
111 906
893 19
618 594
367 585
370 253
721 610
332 8
158 726
36 622
474 65
994 108
230 891
600 669
0 832
598 351
472 441
462 276
812 681
864 778
44 177
534 275
735 309
65 413
372 213
947 267
962 44
563 987
257 644
684 158
407 376
310 795
716 392
772 428
54 57
948 839
21 787
330 286
80 897
13 279
422 981
96 461
678 793
371 918
672 470
872 699
241 225
478 539
483 401
753 616
275 875
296 632
785 678
837 150
380 127
985 79
483 558
845 445
453 863
850 110
18 410
890 862
415 731
557 345
478 771
397 858
780 333
338 712
193 10
95 315
619 286
499 627
836 840
369 825
887 926
369 644
799 551
660 342
96 999
835 100
340 918
545 746
111 753
325 108
556 991
721 70
190 662
653 701
247 180
845 435
925 174
654 319
31 645
445 587
20 667
57 853
357 554
308 654
511 438
454 22
138 422
162 742
892 239
855 700
942 937
631 114
821 568
363 984
339 836
982 934
172 433
158 138
762 688
454 944
753 708
207 781
203 926
90 851
589 842
735 384
744 943
137 287
753 603
48 901
970 516
486 77
295 704
714 717
665 319
280 399
734 940
551 177
351 15
185 205
793 629
399 178
413 207
74 201
264 183
667 688
836 190
333 178
901 585
645 765
652 223
961 203
983 324
374 115
735 418
368 253
601 307
838 656
646 607
915 224
11 500
646 432
841 249
915 685
790 123
656 867
482 56
97 549
931 710
524 273
962 829
606 394
700 385
444 116
202 689
842 484
1 107
120 102
314 550
80 412
299 373
786 197
148 403
384 980
411 946
602 325
824 690
339 20
954 624
329 86
961 749
617 349
306 83
985 664
30 363
573 41
346 386
315 877
352 631
774 920
189 390
863 774
698 800
551 123
395 433
886 92
803 145
535 836
694 980
498 32
373 546
241 35
149 911
299 546
736 860
268 145
283 492
35 293
15 320
498 736
776 795
818 16
129 767
189 368
653 758
90 293
599 314
828 842
572 886
483 269
180 978
161 848
228 731
302 25
279 96
277 674
720 591
517 441
761 206
113 481
720 730
305 887
861 347
718 743
61 422
386 741
322 994
221 923
800 427
625 178
978 938
679 449
675 979
560 199
101 62
485 79
198 95
215 487
934 270
176 312
538 975
520 793
44 907
153 269
416 781
259 776
432 582
569 981
513 17
697 459
389 215
480 291
503 53
901 708
378 530
529 703
930 657
765 892
273 437
612 131
35 447
396 611
434 658
793 791
147 224
274 924
783 34
283 836
476 268
257 406
865 631
633 84
157 637
274 739
777 352
6 230
777 755
700 780
591 16
209 974
560 120
219 946
173 342
244 842
67 589
365 373
772 141
633 197
76 490
101 984
788 893
223 279
714 17
12 594
751 990
792 458
144 458
162 173
78 259
189 502
166 263
241 338
594 564
743 388
733 976
529 914
939 771
327 653
327 951
171 557
771 151
566 875
524 61
745 781
842 274
5 830
836 906
307 508
355 701
989 808
570 616
595 177
349 170
959 897
271 647
729 342
369 816
340 618
450 913
887 59
706 322
517 484
38 302
293 91
135 287
114 89
459 400
885 13
362 506
718 305
674 176
47 451
635 443
369 142
956 534
228 182
477 123
491 479
187 412
214 759
671 75
503 279
22 906
557 943
154 548
12 135
776 34
443 966
473 943
341 783
849 157
993 567
803 205
873 472
411 963
262 953
746 975
243 827
125 302
485 382
126 422
674 226
66 654
47 622
553 60
400 765
698 357
228 260
852 288
430 69
14 859
342 112
448 557
246 780
447 642
653 674
165 315
935 994
607 51
586 860
141 594
163 537
717 422
855 215
681 901
395 48
892 60
933 676
737 612
136 770
388 32
51 3
903 224
443 344
703 601
837 183
964 346
493 674
532 456
105 711
48 171
478 361
638 295
819 85
582 652
529 774
221 167
545 714
925 870
326 283
10 392
294 495
102 171
950 104
182 220
787 164
475 218
97 726
555 755
672 12
653 830
226 487
41 807
70 222
469 542
752 827
369 784
495 116
412 757
502 979
948 528
828 519
434 171
723 865
131 824
204 895
977 657
730 69
184 528
259 759
281 903
970 640
130 986
351 438
436 248
477 588
564 14
628 886
35 148
61 729
542 398
144 712
991 565
361 328
682 499
974 677
544 546
507 259
135 893
223 478
440 869
260 610
136 910
115 619
624 687
765 574
277 790
627 135
361 842
391 360
999 831
921 153
779 885
771 578
216 881
245 35
328 763
354 621
879 734
689 598
312 268
125 408
335 495
726 890
701 808
501 390
336 748
251 2
392 634
187 383
555 503
787 309
362 442
496 197
474 8
455 349
627 657
388 360
740 185
343 307
862 912
890 873
804 771
845 168
497 856
338 858
522 774
289 629
216 171
716 379
847 483
812 994
266 744
19 741
901 340
960 297
457 601
126 617
19 714
333 891
557 440
232 249
884 894
933 305
849 284
48 150
800 984
280 876
348 120
728 623
129 169
248 237
976 732
770 423
910 43
173 748
805 448
157 990
242 359
89 203
877 639
699 782
604 725
844 827
745 33
109 254
311 919
871 861
33 111
908 754
572 805
476 922
352 306
121 792
722 65
836 754
445 619
997 387
956 708
254 664
41 660
513 291
402 438
190 907
422 236
870 642
221 697
394 525
838 365
125 967
982 741
958 223
807 153
911 590
710 100
448 34
293 887
589 693
527 511
763 158
279 914
456 431
777 126
632 437
87 458
584 940
93 586
703 465
461 967
536 669
492 413
226 753
667 492
223 300
224 632
776 302
338 825
96 401
457 251
405 659
851 239
90 430
175 792
504 32
902 759
312 731
109 408
346 773
222 890
9 353
212 403
893 300
737 826
544 593
299 659
409 542
131 62
348 861
13 328
608 12
35 144
39 869
306 668
90 374
947 322
890 338
971 87
192 479
803 308
999 750
345 43
284 262
158 702
893 833
550 209
447 613
299 803
214 781
122 649
145 797
843 851
331 33
149 645
283 447
81 599
725 216
691 989
423 404
100 464
837 123
322 811
805 268
654 367
284 385
180 935
743 569
551 837
578 869
715 267
765 244
361 499
586 680
551 424
697 86
949 458
76 634
465 862
811 720
132 627
457 612
179 927
748 163
118 936
921 263
308 451
654 887
85 456
959 5
791 220
210 950
946 526
722 430
804 82
16 169
813 450
821 915
492 496
977 625
433 380
607 702
240 44
855 295
684 151
3 471
682 841
306 883
250 371
192 647
242 680
260 232
426 281
177 40
353 578
173 909
246 954
333 554
632 943
615 428
655 799
150 294
440 336
442 526
685 241
309 885
835 783
439 875
698 506
203 265
256 637
976 294
319 945
169 299
562 578
894 206
372 257
672 346
930 760
369 765
659 609
201 921
543 767
514 540
837 748
925 753
428 658
499 788
883 953
525 897
800 743
476 590
509 971
370 900
14 513
135 826
285 186
213 538
311 129
204 963
980 575
439 901
962 871
421 920
290 339
168 61
706 101
962 499
857 623
35 179
550 172
316 68
970 572
296 273
561 532
5 758
390 19
303 335
956 446
445 624
645 989
923 574
350 261
726 893
145 428
931 455
762 727
369 484
114 295
738 788
16 760
693 895
795 649
615 277
745 719
318 430
299 497
84 860
862 301
722 924
923 10
747 369
328 60
869 16
838 604
435 213
89 901
813 637
219 496
630 66
657 104
853 42
308 159
429 343
369 655
382 89
689 282
977 424
290 395
864 194
716 258
555 507
733 316
444 72
806 72
388 563
92 763
156 402
72 285
949 152
463 522
608 770
234 226
359 788
511 890
50 17
518 569
811 910
549 35
546 928
405 345
506 346
491 631
570 568
183 989
829 774
392 567
882 522
407 989
573 381
31 667
764 478
819 129
858 919
128 132
248 654
743 124
255 685
21 989
255 355
634 638
419 929
525 812
339 78
694 904
65 483
475 709
756 344
148 995
744 413
839 751
156 153
724 320
483 102
602 771
436 947
712 344
313 626
925 923
763 119
537 124
157 487
946 8
484 86
88 830
838 536
984 498
880 929
613 733
638 405
674 675
215 577
586 420
454 63
888 867
347 78
671 570
768 856
420 676
652 819
398 514
779 416
277 567
843 655
256 524
929 40
758 988
586 708
902 336
435 714
911 133
874 458
233 33
338 446
873 882
354 188
425 295
991 478
965 157
894 241
799 483
859 641
301 462
236 284
830 510
550 10
696 383
712 404
477 497
483 954
825 25
760 427
398 470
522 496
704 532
687 361
730 476
452 903
695 978
38 185
833 598
505 960
437 995
877 234
789 763
540 362
245 449
325 887
199 158
796 665
799 53
656 751
903 774
692 747
508 871
983 763
263 190
363 762
430 872
449 926
960 334
940 648
476 267
34 744
699 727
166 702
905 806
760 81
632 346
132 739
605 77
47 723
409 528
541 714
457 743
381 615
358 890
75 924
902 757
293 526
954 529
927 912
382 401
776 625
236 822
514 465
729 236
406 824
382 443
621 656
288 566
928 454
896 823
505 932
628 921
264 466
732 989
791 136
366 30
375 870
739 532
160 900
152 925
692 307
350 887
733 722
874 479
523 529
357 582
319 482
805 270
994 683
306 458
343 445
90 251
508 968
286 211
518 557
210 966
242 754
785 972
52 218
111 569
116 866
421 845
20 493
417 37
524 993
155 888
238 792
281 722
906 479
723 668
914 306
120 810
47 815
152 715
403 511
887 493
141 552
48 471
408 957
384 325
612 460
623 103
60 135
939 354
750 660
604 286
606 69
505 630
443 305
673 291
672 961
859 809
909 555
383 673
332 739
330 365
68 197
758 56
465 660
256 875
898 718
897 688
225 773
117 651
191 640
998 124
149 592
626 471
724 148
153 492
590 701
712 208
171 851
857 281
213 206
537 294
117 973
800 677
971 283
44 282
33 405
239 863
257 877
964 982
203 402
326 601
688 533
921 547
385 422
503 197
841 77
901 761
959 282
395 50
533 525
39 274
963 70
738 395
701 783
586 471
472 357
630 687
538 227
110 144
279 726
448 393
588 346
188 998
144 195
121 193
342 13
845 380
909 989
25 432
719 14
498 960
846 621
386 726
818 109
437 862
964 476
517 174
862 268
822 141
401 690
706 737
142 434
614 302
445 274
331 46
785 594
894 291
930 411
377 815
442 989
880 941
304 663
996 189
320 731
571 572
449 791
646 954
965 893
570 266
733 43
648 413
250 652
782 23
269 270
875 161
913 506
134 597
643 55
295 389
545 47
36 357
888 112
966 44
900 956
218 495
708 410
265 302
883 731
872 877
704 942
480 684
319 340
935 591
86 180
525 487
657 817
168 175
334 799
865 640
802 561
181 221
530 494
709 192
626 15
118 283
370 331
105 128
988 364
148 266
504 447
151 545
80 815
976 634
444 883
311 69
647 619
211 197
599 943
444 739
897 353
591 619
515 878
69 286
897 792
579 846
825 31
228 861
94 59
642 983
417 508
89 835
523 531
108 886
20 222
462 416
991 919
651 196
636 790
980 668
661 730
966 156
33 516
627 682
660 37
712 133
909 938
230 922
287 223
913 688
16 330
820 405
613 803
658 391
388 99
278 196
312 394
653 170
65 966
767 537
537 867
313 924
0 726
46 3
377 329
369 243
635 619
100 660
537 413
277 282
499 293
988 78
178 830
318 602
784 902
341 432
957 631
742 316
827 847
801 61
243 472
932 896
158 617
888 765
933 243
683 655
753 997
13 408
580 136
475 788
238 155
871 265
465 928
661 101
109 861
47 656
325 877
163 110
632 620
824 438
632 775
132 414
39 465
497 396
557 943
923 246
355 773
356 91
756 534
960 880
862 905
217 60
245 470
516 461
977 797
370 153
283 376
681 749
795 915
760 905
429 475
118 914
8 701
84 271
606 466
710 620
286 601
46 194
501 349
737 413
961 211
880 37
596 230
296 926
271 779
179 791
701 653
741 959
948 57
519 931
247 675
743 105
806 679
558 913
252 497
865 311
264 975
993 34
805 769
619 135
75 375
889 503
459 51
190 781
631 123
718 721
919 121
596 944
909 819
538 961
282 491
469 617
767 263
469 680
29 770
369 227
101 33
986 896
625 647
148 668
401 794
144 944
799 812
340 688
787 459
545 787
280 489
51 85
685 493
653 688
685 184
387 95
895 896
838 10
815 553
532 437
827 591
853 961
774 117
631 769
697 857
779 717
445 237
429 235
2 536
784 769
715 499
144 69
888 933
646 469
411 511
39 71
851 752
133 242
556 403
125 323
61 108
80 433
465 14
394 945
191 392
22 691
889 667
776 683
512 462
849 362
271 331
286 98
740 623
449 677
314 502
951 374
905 4
544 910
308 101
635 729
282 598
543 703
382 641
811 556
136 637
823 495
898 524
200 215
371 971
208 689
351 958
172 347
60 625
300 133
535 600
374 938
981 672
524 980
963 732
209 701
775 185
712 958
380 306
933 116
145 789
170 806
315 963
452 921
431 476
795 124
297 257
821 797
679 328
187 58
166 12
35 736
797 490
69 199
45 142
646 851
751 435
328 685
622 238
855 936
328 52
461 461
506 351
191 352
721 86
591 417
689 82
888 323
218 817
797 432
334 886
82 827
300 847
152 749
152 854
278 409
241 617
731 704
314 571
413 365
682 712
493 593
547 68
600 897
766 421
280 515
222 412
577 565
657 200
516 934
674 116
783 659
417 84
987 531
338 899
221 467
490 496
182 939
29 284
828 119
634 518
6 951
453 704
283 344
44 671
763 312
427 630
444 942
113 716
135 512
432 913
129 890
721 501
363 350
789 625
346 375
781 308
592 484
691 96
8 571
807 75
374 300
179 582
205 802
696 240
79 622
398 60
176 35
183 311
787 946
477 924
636 144
512 168
884 91
745 630
257 353
633 67
619 665
635 395
80 87
421 163
905 661
92 509
467 717
341 807
519 88
852 964
705 42
849 657
909 691
758 529
781 919
867 290
212 359
562 381
495 470
771 154
927 845
8 650
968 872
2 340
77 70
155 456
154 909
282 575
512 20
762 657
732 319
555 325
321 742
200 373
273 846
943 71
232 967
948 173
553 836
686 614
631 22
624 131
638 538
762 410
719 294
910 702
327 72
451 118
936 695
317 506
727 711
131 233
612 474
999 413
669 906
434 101
60 424
269 874
221 824
73 843
200 18
56 473
605 170
66 427
763 465
849 380
39 322
590 784
908 878
554 827
709 825
532 209
300 274
905 351
807 615
232 665
982 702
346 73
606 133
329 847
33 292
101 771
275 638
208 341
678 267
459 109
888 833
198 939
408 462
125 281
156 927
966 732
910 316
404 310
194 722
238 255
34 712
544 464
98 443
369 406
708 922
220 413
5 906
488 754
551 347
583 616
229 553
467 476
418 540
844 49
226 800
651 941
406 374
2 457
748 345
314 709
438 162
44 554
639 932
496 838
841 585
393 900
857 980
159 578
536 716
412 745
980 15
919 24
30 525
300 488
178 312
482 569
362 731
787 565
819 424
632 184
38 177
386 30
48 816
770 236
874 926
723 318
82 944
722 264
601 285
621 149
395 537
881 611
562 197
426 492
299 725
759 263
86 137
211 605
282 373
317 901
752 449
577 112
988 577
237 429
175 486
613 630
119 395
591 330
589 649
928 617
165 836
37 659
498 699
42 641
568 332
167 418
776 725
942 695
728 668
623 336
752 193
916 709
590 671
805 46
595 598
677 507
996 795
170 20
633 574
417 738
153 284
160 868
156 795
675 996
176 625
160 48
853 173
723 577
529 739
186 903
60 76
297 331
477 892
551 523
124 11
743 849
165 381
609 820
323 690
927 638
3 262
192 621
941 786
440 10
407 209
518 821
905 476
877 767
994 590
523 222
793 9
205 461
965 695
121 177
598 274
314 85
849 509
176 991
72 392
541 201
480 96
521 289
89 236
215 217
58 177
838 239
458 816
505 470
680 19
64 380
299 403
581 962
515 237
919 695
887 232
562 101
988 720
100 514
516 518
809 840
189 694
305 742
526 840
653 709
789 656
278 635
620 934
454 964
687 622
237 364
144 960
29 670
60 570
262 816
451 473
875 268
939 908
795 849
581 153
232 608
895 990
252 792
832 81
975 659
47 56
650 950
141 51
296 148
582 260
447 996
29 838
203 486
653 627
356 442
320 700
603 585
827 93
648 938
72 118
999 319
283 892
311 157
685 630
18 88
221 568
664 484
282 243
587 125
74 667
268 872
38 784
884 664
419 526
836 866
362 309
727 296
265 649
923 858
601 58
371 849
622 342
815 666
58 834
714 345
706 77
931 611
255 349
957 139
326 416
368 838
784 460
373 559
667 495
886 708
351 568
596 447
330 428
622 277
373 299
17 418
653 440
98 420
731 340
885 564
92 787
842 64
489 837
907 635
184 63
296 579
169 703
923 834
122 196
812 814
380 908
894 513
188 332
752 946
699 3
909 538
893 247
868 271
198 535
361 84
144 55
90 767
343 232
362 202
357 845
106 364
918 991
11 845
54 809
5 653
973 164
323 421
754 413
989 19
701 122
653 955
588 993
666 97
927 105
737 152
692 159
750 599
955 458
55 574
115 856
74 77
787 423
9 293
82 532
45 573
440 103
225 231
379 692
715 40
619 500
870 51
197 747
354 79
636 768
762 980
939 935
13 858
845 426
622 107
957 276
117 372
670 101
692 248
733 137
522 60
474 480
411 620
938 927
293 364
984 886
805 400
743 625
96 645
777 831
451 814
788 69
100 912
64 796
262 814
922 855
424 686
724 294
543 337
42 773
872 535
431 446
751 465
94 691
19 845
177 813
382 134
829 712
306 753
764 580
679 385
986 597
174 916
425 644
266 692
646 373
873 919
121 359
224 623
800 230
948 50
748 212
777 555
562 684
343 984
732 782
560 234
614 358
939 280
738 956
109 932
36 797
18 252
846 313
776 42
301 827
45 133
354 205
867 262
227 241
988 220
703 552
880 0
197 247
176 953
790 349
726 185
886 367
34 263
215 452
616 59
822 649
653 277
356 734
189 742
478 351
847 365
174 868
311 131
63 666
515 696
741 888
471 524
843 746
586 38
963 57
958 241
282 337
756 242
153 697
93 179
685 679
58 395
983 650
542 140
965 782
70 691
647 995
520 612
91 662
977 611
346 983
244 580
721 113
930 788
393 213
229 246
679 16
461 807
108 224
11 370
286 939
760 460
565 848
703 521
119 724
758 589
685 614
562 340
531 971
104 156
476 819
252 117
756 546
366 160
268 216
568 621
722 305
754 882
726 806
374 555
814 482
540 717
234 166
886 874
337 494
213 336
635 402
451 466
700 125
79 6
671 73
724 413
657 49
42 606
826 590
652 555
656 194
272 18
731 792
186 333
354 370
825 986
44 554
248 884
928 122
215 497
750 419
920 490
76 514
786 510
690 718
713 471
69 172
92 516
664 939
149 701
974 952
165 858
577 931
757 276
631 264
902 130
944 991
826 253
841 868
681 68
836 800
798 498
414 438
487 539
295 583
976 554
357 695
927 662
762 357
97 177
105 511
221 695
741 892
76 29
810 280
120 455
730 539
497 353
522 778
9 167
298 757
993 285
720 359
865 512
709 793
861 898
543 415
243 106
525 914
934 986
263 92
861 312
195 647
460 341
465 975
786 849
992 563
938 173
686 584
555 583
764 702
991 394
7 233
456 739
321 625
478 229
590 474
594 933
928 725
455 303
955 405
779 136
865 499
554 554
415 947
747 875
806 564
849 382
867 932
348 688
976 530
814 380
889 418
430 88
751 68
952 366
241 909
707 116
774 364
161 60
587 319
195 621
539 916
195 584
595 928
463 739
802 195
909 545
375 618
57 1
770 564
777 371
977 750
298 822
853 87
792 908
955 460
938 644
540 413
675 775
797 669
122 219
183 126
851 532
792 892
820 382
224 693
345 796
525 648
40 628
600 514
126 497
726 10
800 120
48 470
539 795
299 700
980 681
320 411
968 619
653 399
350 233
754 104
424 955
429 507
358 976
631 631
491 755
300 778
229 105
223 794
537 300
764 572
229 627
940 392
349 80
700 907
927 128
167 100
487 679
927 351
739 778
728 53
679 418
654 402
514 831
185 638
864 307
728 653
366 851
419 623
441 138
383 928
839 198
118 153
356 104
149 549
911 528
685 765
843 191
882 820
750 123
223 996
573 183
551 31
638 848
789 87
156 425
566 639
7 200
186 279
449 655
694 124
826 908
469 150
893 929
34 904
937 564
447 355
554 880
130 251
589 411
947 816
55 686
999 23
542 600
656 415
358 227
283 212
389 589
336 655
575 32
253 820
884 338
564 299
741 118
0 456
707 218
868 963
344 671
476 16
492 637
762 40
137 356
970 838
375 483
782 971
441 76
292 266
214 550
147 901
145 794
881 422
481 527
272 447
177 486
748 19
73 191
559 986
972 474
309 729
280 86
656 471
57 686
541 529
399 151
845 223
235 683
486 237
517 905
311 244
817 579
735 198
102 318
511 373
566 830
419 725
1 135
157 381
513 261
570 714
239 189
651 739
541 505
821 446
361 896
474 450
361 820
6 843
330 899
82 34
575 374
604 434
960 245
429 844
72 249
474 171
318 720
972 49
189 573
136 784
677 893
376 506
127 483
128 593
93 405
153 624
640 300
521 944
239 560
905 548
359 586
534 590
325 49
393 151
646 421
327 611
543 95
505 690
797 735
381 961
799 68
771 671
591 208
417 736
797 113
376 941
756 129
76 498
75 694
200 295
37 419
392 431
33 414
661 740
283 496
797 946
841 240
232 423
550 232
420 601
531 510
986 176
593 45
22 943
904 777
155 712
68 999
877 965
514 50
453 280
911 47
944 243
969 274
352 177
693 790
538 851
631 321
167 164
717 550
235 150
981 466
129 186
497 631
261 412
946 452
784 580
483 370
279 79
354 753
12 764
258 897
900 743
355 866
831 593
344 684
996 934
640 415
834 357
871 693
440 492
290 699
446 618
734 211
17 795
217 445
83 72
71 401
161 596
662 103
59 87
91 200
863 463
875 146
199 298
891 72
182 294
209 175
343 313
984 146
718 153
424 54
269 221
139 63
625 250
561 306
402 679
637 553
118 145
614 658
159 776
679 144
264 8
599 376
620 697
97 453
903 312
261 869
563 220
278 498
124 665
434 90
708 936
246 543
624 901
839 951
770 623
233 149
285 308
892 511
364 43
394 174
955 624
890 953
491 371
145 594
843 41
579 655
474 66
542 106
766 618
840 618
616 256
500 752
901 385
457 426
647 558
610 644
802 665
415 946
871 149
738 839
324 931
612 385
138 878
558 691
174 336
536 762
161 738
893 552
1 792
308 980
445 698
369 615
772 372
474 376
406 263
707 538
698 406
363 129
662 106
324 929
186 111
687 687
166 253
942 213
247 607
351 194
247 727
176 544
673 496
53 12
321 899
588 586
26 554
218 158
718 664
570 212
73 519
805 505
630 633
829 687
233 976
426 157
668 326
581 581
602 141
375 613
735 415
851 175
205 448
880 552
568 655
280 532
580 377
355 800
242 934
733 103
910 82
307 662
788 421
218 896
414 252
73 179
815 229
322 617
356 351
557 104
294 168
892 922
746 676
552 165
184 349
827 652
295 430
428 796
991 38
758 585
102 339
137 415
324 285
704 856
494 807
25 372
215 297
32 141
138 465
684 63
34 701
417 350
211 914
44 296
118 689
410 518
576 284
377 967
899 949
245 325
636 896
245 798
411 316
195 581
799 734
152 678
495 822
845 30
554 560
459 360
847 468
973 265
62 719
424 181
598 575
882 679
244 411
112 702
435 144
470 338
294 125
578 467
623 185
658 122
452 31
402 494
605 585
414 809
591 754
983 416
60 226
205 111
224 950
410 938
613 926
367 109
129 981
844 381
587 508
965 636
441 528
120 425
837 191
536 902
675 791
796 609
813 383
864 339
935 131
803 292
611 117
264 637
350 998
54 60
554 265
304 467
242 305
693 362
329 854
720 233
651 301
793 758
617 460
219 557
210 498
76 331
629 572
904 146
0 697
718 384
348 928
849 984
334 972
553 567
399 23
0 840
549 556
253 393
49 819
148 596
407 305
892 431
345 502
431 28
164 365
710 706
729 807
779 258
189 840
884 66
834 553
343 421
243 260
56 569
876 51
477 944
664 818
907 88
481 656
998 508
596 578
141 264
162 896
275 64
768 998
711 658
487 948
965 775
349 174
179 167
498 517
389 850
980 988
913 103
948 884
932 561
39 744
459 228
637 802
867 125
77 868
929 303
24 368
66 423
329 689
853 65
619 167
476 321
371 431
159 83
946 577
201 59
413 728
777 950
212 165
561 158
598 124
27 154
827 318
807 932
857 925
414 449
824 235
851 261
550 228
484 884
500 711
901 458
406 473
429 900
647 881
64 885
570 725
259 58
618 236
619 286
572 691
614 838
696 440
48 86
764 745
728 947
216 734
649 439
291 611
233 960
228 15
845 849
362 224
755 463
141 756
70 589
858 97
326 937
755 551
725 229
725 184
731 238
776 975
179 57
227 958
292 129
661 926
970 410
861 107
594 33
290 966
313 233
700 777
653 568
58 38
106 936
857 505
102 375
27 297
590 408
894 507
415 463
233 966
141 824
259 344
384 625
99 672
666 739
249 202
699 205
603 151
613 337
929 962
448 150
218 380
615 940
572 128
297 315
936 800
425 100
148 886
902 30
639 548
43 906
433 773
752 80
376 305
248 328
492 229
481 769
268 840
695 118
182 936
570 564
827 187
643 901
248 646
522 928
655 225
835 486
172 65
381 775
144 324
426 867
722 793
762 554
369 254
511 453
643 88
754 618
841 903
277 235
272 990
903 519
689 559
835 992
90 421
281 412
196 929
435 196
43 558
353 0
961 357
214 569
587 825
601 837
858 132
613 358
171 184
538 124
303 55
130 999
108 428
732 397
762 887
996 98
760 549
872 787
364 301
717 578
46 68
808 917
278 170
542 455
841 235
260 302
40 456
815 19
153 243
846 853
596 846
571 469
583 364
206 411
67 478
50 337
949 400
886 859
334 202
885 13
227 880
214 733
821 858
869 556
201 220
544 361
522 878
282 790
474 797
324 785
925 329
71 893
975 638
523 430
376 235
412 160
871 605
231 673
540 117
777 730
821 54
937 155
538 400
553 548
201 576
704 756
842 781
987 582
52 180
784 94
694 509
65 497
663 556
863 331
231 913
293 742
700 617
305 706
38 411
550 223
474 595
548 708
723 42
710 36
860 436
579 676
224 265
791 630
378 508
247 377
325 639
384 175
110 781
808 70
149 687
635 535
663 296
279 842
63 25
217 472
328 37
966 119
252 741
235 217
89 606
686 670
727 566
314 69
35 11
87 719
447 532
455 677
719 222
978 77
126 592
595 464
487 159
105 711
772 123
287 506
155 280
28 175
171 727
411 937
803 354
892 118
924 3
602 600
883 221
243 724
400 249
644 823
201 899
218 916
783 11
233 863
343 788
401 269
331 216
532 586
815 42
913 330
877 995
549 144
105 550
332 234
621 91
684 818
982 968
411 983
101 459
500 418
856 617
294 457
870 243
180 472
158 412
86 643
177 388
470 205
755 991
437 332
222 159
284 147
871 174
851 542
367 949
197 74
747 912
673 826
877 263
443 459
57 638
97 937
648 254
431 671
776 331
812 932
522 475
994 496
667 445
106 371
524 16
926 7
914 391
604 49
670 716
882 827
366 58
700 805
218 10
968 623
240 711
115 473
785 849
97 260
946 662
760 158
500 492
797 713
604 968
583 740
979 107
527 793
135 848
710 6
480 423
191 484
804 204
137 691
324 433
198 780
148 520
502 93
231 82
757 497
881 474
208 933
179 595
652 52
859 758
112 948
361 269
638 31
947 307
534 259
633 849
450 330
674 419
915 754
542 736
571 366
345 766
913 763
415 684
456 404
354 14
776 287
685 724
660 686
973 451
794 495
802 307
718 308
499 119
799 436
247 56
185 344
597 619
473 919
181 406
100 546
421 847
632 360
917 565
89 939
538 420
646 25
495 198
489 517
431 669
91 611
757 977
781 671
524 888
264 359
855 33
191 517
34 129
15 766
935 559
566 37
123 591
753 224
214 442
748 714
270 883
894 688
941 396
530 188
670 816
831 469
988 190
768 237
123 788
390 793
381 66
513 164
975 211
595 709
857 7
989 813
57 163
719 722
920 432
437 726
388 904
781 568
76 148
746 818
840 817
859 377
6 502
460 49
630 960
196 271
159 350
430 868
127 149
329 65
567 213
160 485
580 874
482 160
264 764
266 60
343 95
352 287
939 404
583 875
744 854
925 62
856 326
326 386
160 775
409 189
113 91
449 706
904 44
182 622
695 428
490 484
962 846
508 226
570 954
944 890
566 789
501 746
21 319
717 764
493 971
249 678
318 138
499 227
64 785
553 513
561 414
441 121
96 823
775 250
669 747
545 406
806 974
300 835
804 137
44 395
756 432
64 357
647 531
419 706
786 238
724 153
950 41
975 435
425 16
970 887
580 316
569 488
715 128
338 402
399 341
986 680
927 39
606 689
683 165
43 518
136 69
126 102
831 237
596 587
990 307
788 906
477 439
304 982
538 211
920 190
14 434
751 10
277 6
988 978
658 800
73 728
769 532
16 857
643 563
105 256
709 327
389 474
938 346
527 603
276 368
245 759
607 280
195 610
87 103
600 209
332 101
808 351
869 886
632 625
458 762
581 26
689 421
469 359
906 167
644 244
66 438
505 366
620 615
583 46
507 905
204 629
402 418
661 866
508 680
656 310
596 394
360 169
135 116
77 146
725 262
953 922
267 741
420 569
956 304
305 832
403 572
543 166
43 289
754 4
639 996
327 832
330 795
235 965
976 627
428 777
803 637
758 590
888 117
543 218
879 26
500 839
462 753
378 4
303 786
909 474
741 497
21 976
843 293
468 687
365 485
930 190
77 646
225 671
935 350
945 816
349 757
917 164
429 375
100 960
126 315
17 526
462 439
283 69
879 329
925 742
461 31
919 264
594 888
836 70
954 585
234 572
983 890
229 789
630 190
821 448
208 358
955 295
411 142
776 895
926 942
925 986
416 667
380 472
770 484
886 81
72 837
483 149
332 807
117 884
291 790
701 878
254 450
557 85
770 567
812 318
601 581
381 524
159 560
128 220
709 88
551 962
761 714
298 523
188 782
196 480
507 448
140 714
375 247
757 88
21 849
999 123
391 460
564 338
841 822
683 630
828 590
720 784
278 185
753 14
160 142
971 394
255 339
67 490
972 574
214 553
404 948
113 868
448 901
385 358
678 29
381 877
822 405
743 83
742 25
575 710
863 928
184 192
397 95
825 320
635 85
157 135
285 184
587 875
316 655
935 976
358 230
503 10
35 718
94 60
865 850
133 468
25 874
157 564
447 892
398 555
590 374
244 210
322 870
908 472
92 866
307 294
681 424
216 275
996 63
957 714
551 388
737 247
854 78
97 205
908 538
131 19
892 97
177 251
578 557
740 209
607 927
767 530
696 891
152 186
287 266
386 365
505 479
933 727
774 460
916 212
477 322
182 945
13 788
79 280
189 381
396 648
901 517
874 379
722 384
655 166
846 870
743 789
214 84
856 117
938 50
951 511
8 995
953 388
938 393
947 715
219 126
179 932
806 676
716 641
159 429
6 88
432 820
731 643
94 994
819 615
953 418
161 560
71 966
316 468
962 447
495 987
557 465
761 974
595 436
565 69
48 780
187 607
686 994
294 645
745 578
189 839
19 419
882 982
353 225
317 889
605 838
369 929
570 125
926 972
227 69
278 765
484 429
249 2
718 2
553 813
240 682
277 580
873 797
666 122
951 878
414 411
395 926
812 971
90 882
507 200
614 432
590 179
91 718
301 812
882 603
570 331
698 852
222 279
410 584
82 426
552 804
886 331
564 544
581 355
774 472
286 209
180 508
413 951
93 409
440 562
345 221
291 157
959 879
509 735
846 117
40 656
