4999 1000
0 323
836 594
576 645
355 236
786 893
803 624
167 889
638 839
556 836
27 55
169 406
652 23
923 545
366 246
945 884
668 901
439 643
77 32
502 581
106 417
234 237
473 917
259 769
548 909
116 94
914 478
263 754
413 858
416 672
747 541
997 80
469 552
84 357
659 530
29 333
262 409
411 972
508 605
64 49
216 126
726 199
319 865
23 325
412 832
526 367
157 615
603 331
987 279
563 53
142 158
485 332
567 949
830 474
84 665
358 64
768 19
465 575
209 992
832 664
568 17
357 541
412 684
482 622
887 185
138 269
959 518
967 882
70 468
842 896
258 191
614 630
750 690
886 694
960 745
378 202
689 213
854 514
224 900
754 943
703 94
419 476
260 145
569 951
338 878
80 741
205 289
551 27
233 85
355 493
668 670
693 483
879 853
816 975
234 191
308 104
461 647
14 618
719 751
973 140
827 723
950 393
750 638
929 711
586 667
194 979
654 302
282 579
355 608
955 2
737 886
31 152
224 138
529 816
423 177
506 992
817 803
86 588
299 575
645 499
703 604
538 680
116 537
479 107
164 910
663 341
965 560
931 896
592 201
926 12
405 254
33 235
293 663
71 886
678 370
410 670
186 9
116 604
969 87
254 833
402 967
117 23
622 774
720 502
470 419
228 88
96 750
112 357
470 982
545 616
350 361
399 560
339 121
63 688
594 785
999 199
526 36
420 17
533 686
519 604
865 681
107 404
880 857
369 191
388 248
29 105
675 763
863 106
240 100
754 707
664 230
984 45
111 964
852 714
401 218
927 425
25 201
692 486
493 760
139 352
983 606
506 914
294 201
391 50
251 354
448 477
564 430
955 553
133 775
598 138
282 353
648 541
614 517
70 760
607 410
919 440
520 23
800 833
261 482
281 802
507 828
214 302
253 690
351 749
760 965
216 449
648 419
578 409
345 205
81 273
727 167
44 0
758 931
663 136
522 349
252 50
544 744
974 183
244 496
860 120
88 87
68 487
732 401
310 548
472 439
509 913
108 279
313 934
681 66
672 206
133 309
832 840
322 984
494 119
263 258
219 562
110 460
490 5
61 161
435 294
69 797
498 513
902 995
761 964
25 36
178 779
500 407
150 454
266 892
337 998
104 464
411 100
385 460
120 202
867 205
369 935
848 166
65 895
958 665
953 873
847 458
405 416
865 29
92 883
391 114
396 60
262 360
348 149
849 583
600 934
214 109
952 160
831 770
641 117
10 723
867 502
185 291
457 444
987 453
484 463
641 876
233 298
714 420
654 677
303 206
625 705
799 783
705 312
196 425
666 771
908 177
182 921
314 799
39 247
978 130
518 594
512 409
94 607
954 835
370 940
442 184
419 604
685 277
883 439
910 780
93 863
211 673
994 564
751 63
429 505
783 625
424 797
717 241
710 627
240 669
702 354
602 997
94 550
512 798
774 757
101 938
417 451
712 349
631 390
362 113
566 603
225 212
452 55
983 661
38 486
963 114
804 888
463 269
643 927
344 218
450 851
714 139
70 126
970 508
190 888
361 143
375 508
480 586
601 888
310 836
288 769
379 179
476 85
25 433
817 640
238 626
920 112
540 375
12 944
425 271
294 480
503 593
737 732
948 603
63 929
779 878
170 835
113 751
700 17
377 336
200 199
361 420
823 236
467 407
443 506
453 476
687 656
417 133
813 595
405 119
182 816
108 259
479 860
652 606
30 533
158 178
897 166
73 459
239 687
215 282
92 394
262 781
513 144
497 261
658 537
76 479
807 647
19 500
468 261
444 993
41 760
816 47
906 452
487 308
168 34
625 648
854 906
821 721
229 838
197 112
561 775
24 658
513 654
927 359
339 508
97 150
589 186
456 728
797 738
425 16
795 971
56 970
993 170
569 952
690 756
392 950
328 980
129 520
492 931
857 534
163 75
652 95
411 11
293 131
921 111
417 792
294 549
236 766
998 472
418 315
928 384
287 680
601 425
624 809
49 480
992 913
380 257
772 420
842 12
967 683
799 75
694 795
36 517
173 806
4 230
809 873
280 861
700 508
547 668
508 974
591 572
644 654
414 63
905 195
562 851
750 773
710 366
961 177
194 445
347 609
211 267
172 810
184 496
965 396
982 447
189 998
134 135
349 823
298 483
427 662
75 786
506 243
830 840
40 691
9 923
15 816
579 767
253 958
34 659
5 248
955 145
83 273
142 106
835 115
687 415
75 12
774 121
692 179
87 946
229 72
498 337
776 953
364 379
19 334
165 893
457 94
225 266
831 655
455 875
871 346
965 498
640 21
513 758
355 424
585 651
343 664
772 799
639 958
63 509
727 649
306 870
299 72
960 371
487 665
194 380
536 517
28 917
562 633
566 899
711 183
501 811
327 851
960 355
210 646
515 815
296 207
735 542
217 677
320 611
997 158
486 956
958 443
901 374
513 801
733 903
505 889
706 754
355 201
836 991
795 778
681 241
806 432
310 926
733 757
10 954
185 886
859 60
505 764
367 879
350 772
108 258
80 807
128 513
653 995
754 698
409 233
351 721
401 37
830 453
479 400
77 672
513 521
498 331
658 832
330 783
215 378
957 581
412 544
351 879
292 856
721 573
60 762
951 329
825 500
864 315
485 151
689 974
751 56
177 577
432 112
806 679
671 220
679 815
669 597
248 884
673 472
274 142
301 904
448 56
799 128
850 768
337 865
310 771
130 586
602 374
843 418
4 685
35 536
122 632
947 756
338 449
210 236
651 623
667 352
978 790
186 286
950 469
546 622
693 503
706 87
141 242
900 161
403 91
508 576
975 696
239 47
437 476
17 475
334 63
462 684
854 420
834 623
372 441
145 919
124 794
832 783
672 166
89 514
795 736
419 115
269 728
104 781
418 831
94 997
970 983
942 787
690 296
944 628
330 876
892 659
181 620
979 411
149 721
244 350
844 261
31 866
276 334
534 167
687 137
559 490
920 717
764 885
208 308
666 484
618 438
357 930
272 126
731 306
635 779
148 430
399 432
193 548
388 884
930 811
462 707
54 755
366 963
470 738
904 864
82 312
43 968
875 988
563 343
144 508
370 621
402 865
475 787
167 105
517 218
674 747
215 228
873 246
614 0
254 107
208 970
696 894
757 537
847 977
568 72
986 585
482 117
132 304
96 557
571 849
824 238
936 870
288 84
251 877
543 172
68 343
138 628
122 944
616 465
895 330
582 167
314 754
556 309
116 553
750 455
436 900
276 370
580 389
963 363
305 48
458 224
926 966
13 77
794 941
365 113
69 782
710 126
943 406
79 429
378 678
174 479
435 35
210 805
292 734
879 569
853 29
309 979
14 32
673 373
815 134
859 799
880 357
350 516
649 525
755 931
332 142
727 167
414 501
184 919
298 939
732 967
782 862
330 357
291 830
495 933
665 465
898 709
17 840
856 713
713 199
361 97
876 401
969 926
407 482
712 489
461 899
338 244
732 818
296 934
709 231
205 467
144 720
226 282
638 846
683 582
494 125
136 206
377 816
972 117
621 107
409 122
821 999
162 360
823 937
687 703
341 651
293 561
933 306
644 703
561 695
823 914
864 158
904 482
675 610
121 914
312 622
963 130
75 85
899 411
56 28
32 527
850 555
663 519
759 951
831 522
993 875
917 685
775 338
681 29
602 15
663 319
985 677
351 177
21 183
773 198
830 417
930 398
716 461
337 395
942 248
707 637
335 890
132 391
100 946
755 72
231 23
502 811
15 527
492 983
181 604
73 280
217 266
501 836
835 779
685 783
51 972
304 7
161 581
748 601
837 540
207 658
521 690
422 215
850 701
178 981
123 733
669 153
209 783
457 586
48 852
730 210
748 131
783 177
801 507
61 458
812 938
204 659
952 369
96 937
978 566
745 946
5 592
147 506
95 430
215 991
538 217
376 156
187 677
407 993
894 44
584 706
25 339
522 116
948 163
483 283
24 962
465 847
405 855
434 833
290 233
846 451
441 681
168 326
568 331
328 289
129 625
132 489
114 616
346 547
526 369
719 660
955 121
251 634
10 953
227 640
850 479
822 134
125 771
664 310
273 796
355 969
304 808
49 136
673 807
794 298
341 273
124 485
915 707
494 973
860 503
285 15
71 552
855 785
479 74
234 166
96 328
870 159
237 379
391 437
701 714
940 761
769 925
11 228
520 849
283 583
4 351
360 460
826 845
362 867
933 755
14 846
244 991
731 949
319 10
142 906
542 552
960 870
515 268
811 723
979 82
784 488
536 171
268 425
770 45
294 428
25 168
146 460
325 682
857 578
127 371
943 271
437 658
564 787
137 526
188 905
371 182
959 409
914 802
297 701
543 312
883 564
11 304
472 138
259 871
521 894
107 136
609 154
913 358
58 911
285 580
110 15
320 981
559 416
714 44
440 440
265 622
561 156
721 99
543 167
303 224
281 849
837 624
365 589
322 110
977 114
214 901
658 115
850 312
264 416
678 330
448 314
577 543
673 658
293 905
199 731
664 629
947 820
180 683
913 607
8 65
81 261
165 705
847 495
50 190
987 190
152 739
313 892
774 764
58 760
558 891
761 479
486 212
847 414
65 274
183 120
803 448
451 406
745 56
757 226
942 207
63 395
111 887
379 909
856 92
188 926
60 696
836 177
386 751
947 519
354 779
694 281
468 49
197 999
322 419
532 309
328 492
644 352
595 446
639 277
584 439
775 258
816 200
800 123
746 197
649 751
801 632
790 233
762 150
921 95
488 376
125 558
936 172
882 68
189 793
556 444
668 438
828 334
185 811
901 493
360 791
920 767
621 977
936 312
157 382
38 327
91 569
39 695
148 550
929 743
627 655
2 963
158 128
522 17
775 818
227 525
196 427
88 710
271 12
59 302
182 130
789 438
260 46
282 303
582 581
586 922
495 944
906 521
821 549
169 12
890 276
619 813
924 995
905 116
85 995
687 716
308 848
181 836
770 165
118 975
557 150
68 620
241 676
794 94
418 797
1 5
427 113
508 180
50 158
988 9
753 781
276 697
759 282
454 153
749 152
740 653
690 627
464 565
199 532
244 995
891 265
203 806
456 98
30 274
245 100
608 166
378 450
819 397
135 879
616 493
333 646
411 107
187 955
636 5
179 471
424 734
770 639
253 814
820 629
154 336
421 294
149 258
241 962
955 376
429 568
851 729
827 823
139 512
258 798
562 309
460 581
500 697
518 777
274 22
876 4
663 484
18 51
771 885
676 350
852 371
519 28
688 436
134 556
428 285
94 692
569 259
26 470
818 148
200 959
327 4
177 214
221 72
237 555
627 535
605 749
558 300
583 826
254 542
78 964
999 488
791 590
457 817
214 227
777 413
46 575
246 218
964 20
324 404
285 990
628 401
955 599
834 365
445 829
29 448
916 207
227 235
494 259
731 175
62 635
905 526
874 259
741 63
604 412
812 766
842 669
286 682
535 221
782 662
743 490
14 312
774 117
424 181
114 955
782 291
796 838
362 102
747 154
822 347
410 744
6 576
45 527
225 914
919 334
925 573
895 603
39 72
382 271
142 919
851 799
114 647
455 508
501 885
666 484
489 63
860 952
801 305
988 764
830 242
381 330
372 780
196 806
114 64
739 11
462 87
33 797
471 506
144 846
481 899
213 234
692 842
852 258
693 609
929 500
140 144
672 577
588 130
694 550
479 510
102 163
815 759
565 23
237 932
78 347
942 361
742 138
201 316
401 728
523 841
604 984
947 414
657 571
326 487
806 688
724 460
13 79
865 166
422 605
925 838
593 211
709 182
69 950
199 365
691 465
434 231
43 462
4 939
438 929
465 820
59 206
563 657
426 917
581 309
388 845
326 55
209 166
108 682
264 110
223 790
331 701
34 141
856 113
157 688
529 434
574 48
749 439
355 277
469 151
273 74
735 161
9 775
902 69
733 725
17 24
919 230
856 260
515 811
786 950
216 315
497 702
123 427
100 891
876 592
44 252
495 879
16 568
12 550
17 111
455 632
982 310
185 613
50 719
845 703
33 278
276 902
103 54
218 173
120 842
239 659
97 260
614 899
558 74
369 804
585 84
203 82
394 951
668 635
457 429
985 307
445 874
482 640
201 513
202 495
746 389
634 981
179 768
895 311
969 567
639 266
662 892
968 811
10 867
81 865
558 558
422 198
527 977
520 194
601 919
131 72
385 99
423 558
770 535
936 241
577 592
926 359
225 40
38 268
600 451
254 766
655 458
828 736
950 132
664 523
878 424
990 576
805 420
190 199
470 257
595 331
647 628
199 868
849 71
229 947
867 566
253 154
358 298
692 338
626 873
241 114
897 220
10 223
63 456
949 943
120 878
935 60
25 683
617 927
278 601
293 594
99 252
789 301
619 485
93 2
52 858
932 218
528 284
999 862
158 944
526 845
551 679
813 21
978 646
92 378
320 478
167 417
360 837
159 200
684 75
703 794
731 982
424 208
925 807
957 531
906 931
576 124
195 834
539 852
887 827
248 764
791 671
482 382
467 425
729 250
451 765
242 890
686 77
860 390
783 405
925 80
371 105
43 529
652 810
491 683
481 172
893 925
604 139
942 171
595 641
317 83
935 201
151 352
944 736
523 731
22 991
670 13
314 314
879 406
635 364
620 97
913 401
524 174
222 618
891 111
456 172
882 811
912 433
972 590
478 94
674 295
747 459
232 424
381 671
733 506
871 497
431 279
910 48
236 941
37 188
730 642
42 818
544 355
983 988
963 203
434 687
883 754
413 547
19 339
158 799
204 813
664 666
874 523
449 11
598 773
210 698
802 860
586 740
776 881
691 627
28 831
251 635
541 653
412 455
432 677
117 378
228 264
791 518
39 479
200 825
880 275
900 994
923 910
559 801
649 848
228 516
13 483
897 139
32 127
912 557
877 814
840 456
62 833
914 165
349 266
957 674
348 224
155 871
734 471
609 449
43 541
602 889
464 213
581 134
268 720
770 239
580 207
153 186
641 642
691 720
301 477
95 630
633 997
895 638
337 991
24 604
206 473
830 978
172 207
909 700
298 920
977 692
997 287
823 487
973 490
81 118
797 54
535 822
767 193
752 857
966 614
277 426
667 397
751 13
329 57
627 429
617 512
333 356
422 742
778 399
658 722
565 239
799 287
891 553
663 420
767 430
669 21
191 604
265 592
669 804
960 465
990 690
969 215
886 728
193 716
323 314
464 89
158 483
266 599
357 471
304 223
579 560
196 539
878 993
824 171
304 886
375 553
791 898
626 757
741 478
653 474
977 217
392 167
692 619
695 407
444 953
194 209
692 684
901 608
634 874
112 644
672 955
832 496
533 413
917 210
993 568
803 407
220 907
689 708
599 694
276 701
56 229
309 690
563 235
887 149
812 45
906 941
134 299
883 894
480 427
1 647
394 614
273 955
860 192
243 464
711 532
683 667
402 325
745 562
535 942
794 832
227 964
205 877
705 975
542 564
8 245
606 91
808 934
113 798
729 104
647 956
45 765
107 424
329 705
767 82
640 308
550 635
415 542
369 493
466 390
723 40
501 753
893 910
340 378
82 553
764 628
611 47
432 161
45 389
101 567
6 200
398 470
332 174
137 3
886 371
943 712
89 740
576 849
724 0
733 497
996 722
140 331
81 969
128 129
455 144
390 737
495 886
145 626
475 191
567 508
509 961
986 933
8 488
200 541
893 562
683 139
720 51
857 77
129 939
317 772
835 995
533 462
680 92
42 450
563 952
291 79
845 22
842 942
449 162
989 955
263 307
230 624
197 860
972 610
697 531
896 155
960 941
657 110
475 360
248 909
941 136
76 774
542 954
871 370
370 892
328 389
515 323
591 209
827 587
660 795
731 499
232 28
799 983
34 977
631 476
747 732
775 247
267 33
960 622
858 745
85 557
823 866
743 563
933 805
538 682
209 727
534 363
221 977
782 831
400 664
412 575
588 885
643 661
102 190
284 601
810 476
978 981
44 683
509 809
112 724
387 120
155 150
818 753
584 353
935 719
484 826
971 497
506 682
304 771
407 343
689 531
95 849
639 173
310 550
676 367
120 407
124 870
731 985
583 543
271 620
385 182
493 7
51 147
908 274
47 904
469 123
719 340
617 506
694 715
174 485
693 324
294 117
40 490
399 806
22 188
828 651
869 813
691 920
156 236
421 150
559 612
817 802
606 541
849 206
38 857
315 23
351 41
377 870
60 430
161 471
366 504
150 685
49 370
870 747
910 612
146 156
720 880
217 773
839 653
925 422
399 647
581 996
49 124
185 402
889 953
609 195
687 411
14 122
951 807
527 970
585 763
893 966
698 314
663 11
648 316
863 432
978 915
532 357
758 183
926 89
40 507
613 491
930 374
850 74
526 531
100 900
750 585
173 723
69 780
98 212
812 154
23 534
373 375
552 881
571 641
473 836
40 941
127 45
38 736
956 422
399 311
447 482
372 567
794 924
826 253
875 760
680 808
595 127
202 554
482 872
530 171
873 82
938 934
198 11
851 889
884 276
400 89
712 899
787 964
37 999
256 46
168 815
678 973
893 332
313 628
657 42
602 188
334 963
900 230
650 252
9 826
288 342
795 459
37 399
380 673
348 446
351 261
739 706
692 985
396 604
480 662
453 464
243 131
616 512
624 565
484 457
760 594
834 20
7 540
40 758
430 4
369 352
919 924
643 8
140 132
233 775
377 599
599 737
365 195
400 688
509 140
755 776
641 113
473 308
357 157
984 632
369 799
372 734
665 659
889 641
438 927
778 533
203 967
541 685
889 273
29 106
83 873
175 723
363 615
333 200
691 844
254 86
69 369
811 326
932 376
404 582
712 297
625 174
150 70
361 268
494 559
951 321
627 862
728 873
926 908
374 807
203 243
520 487
915 554
320 802
0 757
427 166
908 170
733 635
419 788
386 431
276 308
334 946
132 307
662 491
755 689
253 777
85 657
456 667
57 723
410 537
278 361
841 17
89 954
934 787
793 946
233 364
331 712
803 943
182 590
554 559
616 821
577 455
15 855
861 339
650 251
65 316
404 396
523 591
504 506
597 278
648 15
101 430
164 83
581 575
465 753
291 471
871 0
410 832
891 243
583 757
435 914
798 817
540 70
299 688
855 592
209 980
536 475
198 458
278 734
4 154
278 51
753 442
352 395
536 140
87 951
295 739
509 552
7 178
270 768
872 589
624 191
74 134
529 855
900 577
361 264
816 713
956 117
117 41
57 340
260 907
974 618
28 188
905 245
614 190
648 409
66 381
50 52
320 427
124 330
7 388
326 521
834 978
435 205
670 306
292 5
949 422
693 781
398 817
126 890
19 757
596 545
993 288
846 760
676 923
400 196
72 426
35 49
209 679
531 357
588 983
0 550
851 851
910 382
845 753
740 566
908 24
937 217
126 991
74 356
436 78
669 757
950 884
226 273
693 840
469 244
463 991
429 197
391 308
415 783
690 68
900 521
91 542
719 511
520 65
392 423
506 13
900 357
961 408
818 448
686 371
295 258
760 19
403 404
231 265
107 799
668 234
525 716
135 223
638 397
999 246
863 818
430 663
396 661
602 720
28 534
989 354
947 72
477 338
755 810
325 472
359 615
99 443
175 934
736 27
743 498
91 758
432 715
270 20
245 68
551 947
470 427
649 284
657 957
616 107
308 695
800 459
77 117
367 648
10 775
287 99
89 319
437 170
49 508
932 669
999 290
482 569
538 912
234 473
287 761
825 489
254 691
617 49
811 595
25 208
999 255
770 166
900 2
516 96
540 836
303 952
554 984
307 299
975 884
144 778
831 524
502 625
650 495
23 106
516 704
576 715
652 871
235 964
753 821
376 650
32 452
639 639
407 141
576 504
694 71
828 333
48 807
73 981
151 738
618 991
517 93
932 898
124 45
186 629
582 632
313 568
885 634
597 73
221 777
91 192
557 842
277 172
403 752
705 411
117 60
762 695
712 880
525 107
156 971
437 130
909 401
560 656
980 136
952 71
724 172
171 547
70 915
235 374
878 985
334 958
380 150
303 914
476 659
804 480
541 257
670 370
373 930
4 420
332 237
664 280
117 694
136 698
385 428
158 956
707 538
673 75
820 878
602 824
353 13
199 720
792 621
116 909
79 602
517 435
237 690
685 627
591 752
18 68
716 516
31 13
57 617
777 148
806 470
26 10
487 127
161 204
60 497
455 883
202 681
163 797
407 309
264 763
938 233
962 17
625 668
717 209
32 192
230 688
161 438
823 342
959 351
943 755
89 428
912 261
134 263
175 131
491 672
887 269
294 721
639 553
383 74
376 744
513 950
912 735
365 540
417 998
320 815
402 676
440 22
581 946
995 845
544 179
152 234
269 779
555 993
17 397
318 224
176 706
483 324
591 801
595 114
473 562
170 334
507 634
88 880
280 674
945 522
574 47
446 211
71 772
810 928
841 556
702 901
566 232
174 944
500 215
97 383
174 552
597 917
401 450
721 553
457 349
393 558
433 479
733 956
542 56
666 350
773 390
224 410
585 409
874 244
46 312
409 683
8 850
914 802
413 790
547 465
38 228
442 106
890 329
142 332
171 983
315 619
143 323
27 69
985 29
392 911
877 252
475 718
696 391
672 335
325 189
839 344
361 926
500 428
760 231
496 147
493 546
374 439
567 483
743 832
166 109
191 737
170 715
61 289
188 111
471 763
411 775
219 383
641 59
495 30
811 224
803 161
117 40
794 755
67 111
516 427
985 32
615 459
980 454
417 211
854 707
167 87
102 84
249 60
574 115
244 999
156 404
487 7
521 97
783 630
973 46
451 804
377 582
72 228
715 676
486 532
941 242
129 249
79 661
385 817
904 711
210 256
209 340
309 492
75 661
885 64
132 825
43 637
558 375
195 316
967 69
268 885
818 60
84 899
484 625
241 670
32 694
265 647
908 367
692 664
554 845
357 530
336 102
980 932
448 731
622 979
969 265
780 197
843 561
168 332
647 56
387 273
109 264
874 94
428 109
756 219
558 520
869 563
145 359
534 364
96 963
523 82
183 9
196 636
154 746
933 197
759 131
326 356
71 741
491 741
122 430
925 550
224 566
967 275
352 667
90 938
189 334
770 415
323 628
414 362
591 198
284 788
564 568
626 934
71 678
942 210
812 546
848 888
327 392
499 562
804 915
39 920
711 284
297 308
325 986
425 719
160 149
4 883
791 905
616 375
452 802
563 415
20 322
116 513
115 700
543 824
773 813
533 845
294 830
922 497
715 651
894 460
583 647
405 297
535 38
271 232
190 617
992 683
697 437
273 641
308 716
413 670
396 915
77 145
507 298
868 364
735 200
708 624
579 868
631 799
988 445
919 984
917 315
815 278
68 115
903 89
275 199
956 907
175 452
357 372
397 938
240 415
664 664
515 675
868 397
171 99
126 192
128 887
569 217
783 296
251 389
551 199
78 502
484 663
552 968
463 239
300 726
916 801
862 259
91 190
226 161
224 847
214 526
227 789
763 698
944 234
192 362
807 894
447 792
310 771
79 240
370 129
80 620
594 491
98 377
84 511
494 49
686 338
811 751
782 458
490 438
354 419
994 298
498 51
102 596
872 46
378 43
239 338
954 470
617 811
123 179
327 264
327 755
349 397
701 819
707 511
558 981
182 707
26 781
925 360
929 733
660 320
3 201
276 658
88 771
857 499
593 112
235 561
741 449
878 558
980 499
450 75
480 712
235 427
447 252
98 395
10 368
218 233
217 850
339 282
469 787
75 298
676 568
232 800
928 602
240 823
433 630
993 407
527 349
505 481
264 277
959 614
232 31
752 977
524 583
172 873
542 711
726 584
668 707
495 31
369 734
979 135
979 220
890 993
283 639
641 327
768 786
342 953
83 73
448 369
180 767
165 735
885 101
394 334
506 802
558 117
487 782
823 727
754 750
660 139
428 67
737 228
252 931
135 274
580 894
457 8
570 762
936 836
360 335
127 403
77 828
135 170
890 217
733 77
734 578
679 284
658 835
619 385
126 278
400 387
906 902
971 590
485 400
524 9
130 437
270 999
493 593
706 582
411 199
204 835
416 370
932 556
598 493
390 604
685 573
259 51
253 922
831 124
661 578
25 869
184 549
877 626
339 489
861 698
888 848
604 296
358 950
274 620
887 724
691 439
217 743
311 131
933 57
355 145
363 534
175 304
732 985
167 77
854 909
490 93
155 396
21 109
938 332
921 138
797 893
161 338
194 940
269 617
603 603
385 589
141 814
71 515
644 952
369 446
30 244
360 463
51 892
232 928
660 758
785 248
785 737
496 627
385 557
835 87
806 784
297 936
853 602
752 516
203 946
596 527
875 302
895 849
177 279
380 331
74 243
83 558
482 217
920 748
245 512
27 172
374 841
641 538
995 312
10 973
326 160
777 648
614 524
152 537
428 70
833 685
278 203
845 74
864 836
369 140
22 791
140 505
387 53
667 748
477 258
597 133
175 976
847 543
541 308
321 105
116 623
31 871
343 710
993 710
987 963
188 723
356 314
471 844
557 180
878 629
333 447
186 197
972 948
87 366
954 400
996 713
777 108
167 775
78 357
679 473
59 564
952 937
8 647
498 407
141 751
698 717
290 296
936 355
824 99
431 84
733 839
529 991
371 44
384 223
265 751
821 203
17 81
477 935
513 712
231 65
970 932
560 773
492 699
463 921
936 398
345 618
692 426
990 117
203 135
810 390
114 772
629 573
68 945
171 924
919 492
381 338
645 669
958 684
739 906
807 902
894 276
636 702
841 375
325 298
640 86
181 101
240 29
966 886
732 421
963 168
290 139
477 683
124 537
559 978
176 860
833 739
672 645
248 74
403 440
837 62
162 472
810 10
548 880
40 454
522 171
724 172
91 638
653 907
537 177
320 135
706 929
452 30
377 761
278 173
210 884
878 154
729 293
656 943
604 863
828 709
477 581
94 382
209 28
551 58
955 59
34 739
601 122
640 265
230 0
901 215
431 692
168 748
414 781
271 843
722 930
425 780
469 498
482 176
228 989
770 600
98 177
70 271
174 566
790 636
856 331
517 641
361 846
412 174
872 161
791 767
469 559
807 281
946 235
222 177
964 801
910 158
623 467
627 666
696 325
284 165
888 777
766 538
472 916
329 71
295 431
889 369
389 528
894 574
956 526
548 482
722 264
556 139
785 567
257 868
430 63
572 510
485 714
281 706
812 405
679 664
932 409
404 939
411 724
71 91
772 101
508 874
725 603
955 239
64 951
265 534
163 21
397 926
640 55
181 233
565 418
7 56
797 503
360 724
662 459
848 734
33 871
796 160
741 193
523 258
412 666
450 247
636 798
384 781
615 167
154 328
316 401
728 647
492 407
365 13
534 677
195 929
363 853
54 607
650 794
28 661
790 824
588 895
107 930
147 155
996 258
784 205
768 748
82 597
376 363
732 228
931 155
96 691
99 133
513 884
693 207
247 143
204 369
703 654
959 841
264 705
294 0
296 3
217 82
309 250
122 946
892 891
598 780
229 212
639 497
917 681
621 407
531 216
440 166
699 708
160 780
470 166
78 409
96 935
832 156
185 183
672 916
757 481
22 632
164 397
617 624
442 613
850 610
72 992
570 102
889 170
919 745
326 714
802 814
938 210
676 648
7 91
524 450
279 55
707 120
692 677
129 651
553 536
261 624
454 160
360 113
528 935
18 699
463 853
804 822
574 685
509 664
542 14
678 595
307 323
29 730
325 412
453 368
641 362
500 666
222 295
660 479
288 579
83 119
616 296
595 457
882 391
803 651
38 65
268 407
800 231
845 0
448 450
399 913
946 772
449 710
375 445
301 617
714 999
793 774
60 242
224 632
560 705
143 466
496 810
312 414
254 602
593 825
340 455
190 789
333 269
987 326
329 306
236 990
477 74
517 33
888 115
257 833
359 25
583 628
570 835
57 489
861 381
716 742
25 324
922 133
560 709
995 970
156 623
71 942
185 396
702 79
430 763
152 382
512 841
69 936
678 828
751 38
702 102
59 758
839 600
108 911
501 117
239 144
329 98
168 58
446 613
844 97
133 427
244 895
417 248
305 489
596 603
994 703
976 231
711 473
55 252
322 621
619 827
537 66
503 829
486 216
44 317
263 629
381 546
814 154
716 574
281 972
794 322
683 604
115 655
465 311
703 694
254 926
611 41
832 367
798 984
857 706
124 925
759 917
390 720
428 777
808 380
543 483
746 736
593 667
376 383
944 336
881 72
536 210
468 206
709 319
46 961
418 991
525 548
765 624
137 205
312 83
101 633
10 532
171 773
332 14
421 941
813 325
29 577
854 498
942 827
286 371
136 162
944 304
207 434
432 279
421 658
33 152
404 845
634 274
133 249
556 748
628 211
342 581
369 457
610 285
385 223
741 801
11 986
91 699
371 168
728 136
810 278
48 249
124 568
648 106
512 621
106 989
900 24
141 232
751 561
955 587
13 665
121 587
799 298
115 930
568 693
382 845
624 673
283 508
21 779
338 590
445 168
45 258
790 29
481 223
454 247
233 852
299 476
907 65
916 856
785 765
638 481
424 893
88 916
604 427
663 156
363 653
987 762
693 490
840 808
739 224
862 542
549 273
50 925
145 33
899 470
243 666
133 836
536 168
521 253
226 446
875 734
528 687
26 980
171 509
372 907
825 53
536 875
581 529
850 694
669 413
930 3
435 35
661 158
677 383
491 710
318 523
232 774
82 548
459 629
141 539
289 437
589 965
811 255
971 868
395 694
767 724
660 984
497 167
775 56
648 497
391 478
678 812
198 77
602 989
813 228
325 405
432 695
6 673
15 883
111 146
734 837
197 582
566 275
971 230
82 753
648 334
659 630
588 560
701 788
151 633
40 884
442 506
231 511
156 776
716 710
391 740
562 395
905 916
66 630
459 632
135 137
885 494
633 596
151 975
678 418
665 752
668 698
445 666
888 231
720 930
883 112
333 321
463 689
417 821
110 152
848 486
596 273
735 874
520 450
232 961
823 520
89 802
417 896
645 701
482 454
73 551
26 282
680 145
782 990
968 745
932 129
106 967
371 984
174 537
769 687
405 191
426 68
886 880
760 877
402 251
798 829
719 655
123 235
8 420
93 618
851 144
196 538
234 475
307 686
579 555
298 84
120 984
183 976
56 785
472 985
204 437
970 298
626 251
270 459
654 219
566 846
300 698
604 202
23 594
180 787
37 584
21 8
184 420
492 811
191 501
81 613
651 418
496 863
115 818
673 266
240 933
961 584
306 808
814 633
593 973
551 943
44 985
449 714
942 996
171 125
756 420
892 103
584 27
335 699
977 364
310 729
176 866
796 338
173 329
889 991
664 715
378 331
993 124
383 397
16 383
211 839
925 583
615 33
10 70
448 991
892 490
44 926
966 226
761 139
605 949
310 741
789 468
327 14
954 771
30 542
632 77
21 688
756 141
788 98
593 429
737 441
60 850
83 347
888 38
623 12
531 885
603 42
614 697
126 808
673 406
605 167
773 158
639 880
841 318
355 107
933 983
756 59
978 814
524 64
696 149
310 884
606 824
370 710
926 456
797 82
701 219
727 111
888 538
475 95
50 554
618 811
871 900
584 428
445 85
398 155
13 639
870 10
238 622
498 785
154 211
886 891
951 748
377 158
319 242
288 126
689 370
875 786
238 237
62 909
77 504
569 750
535 68
768 601
11 679
108 28
299 481
240 883
686 472
709 796
164 285
358 67
453 621
133 728
874 753
268 444
778 198
245 872
599 517
643 166
278 443
30 886
738 443
763 826
170 992
402 218
350 51
854 305
990 755
992 501
436 144
756 267
581 702
523 241
187 65
775 555
926 67
922 767
830 31
120 192
547 314
144 143
454 93
7 805
421 412
685 106
242 586
197 265
332 739
969 114
869 504
45 383
475 302
79 599
416 887
629 750
849 800
487 67
746 202
801 664
88 385
922 278
822 663
840 911
833 786
553 562
220 682
83 42
749 421
214 951
566 66
132 795
629 225
72 350
860 810
468 387
650 185
777 73
607 16
707 859
108 493
667 721
929 624
771 268
989 518
333 878
770 33
181 215
742 957
626 721
131 885
409 53
680 28
369 836
606 52
56 575
299 467
349 839
395 769
740 918
2 43
382 660
915 899
382 363
740 765
253 315
784 747
494 527
67 306
291 189
785 588
262 770
376 948
401 876
306 837
927 959
684 339
368 689
489 15
289 414
656 72
217 852
209 533
662 543
748 828
22 838
906 854
638 269
194 536
22 561
166 980
443 839
971 22
595 374
741 784
565 432
632 414
495 468
272 274
726 431
74 569
506 351
113 668
558 422
194 240
908 85
151 631
920 239
328 197
944 753
390 555
114 305
878 391
838 356
260 106
911 38
461 161
991 950
236 205
920 951
222 363
796 753
766 285
294 245
50 606
486 997
684 858
961 849
538 724
326 179
734 758
266 812
726 220
765 509
349 105
107 671
312 857
429 355
642 550
909 419
137 699
637 503
519 148
64 313
106 116
120 665
564 380
550 730
516 683
909 427
763 777
192 175
543 203
423 21
467 282
758 616
406 284
165 672
200 489
857 168
496 999
194 766
264 758
44 527
415 45
414 224
894 212
197 405
716 583
290 62
466 90
592 573
743 807
311 369
157 105
300 646
971 29
822 267
937 148
42 171
839 650
232 524
646 698
908 131
677 247
127 318
910 644
171 913
678 14
146 641
280 933
535 812
851 919
507 239
272 284
290 582
252 475
140 32
500 587
52 296
692 203
732 926
615 971
839 195
322 8
494 897
705 148
404 609
112 971
698 826
427 368
259 729
655 846
608 731
591 520
414 957
200 929
843 493
85 916
997 630
732 173
891 583
798 150
514 509
475 612
193 333
212 831
517 530
399 757
822 549
687 255
248 360
817 203
316 563
960 505
756 655
914 494
170 749
801 235
825 512
395 959
794 598
434 49
537 188
13 591
134 887
340 906
988 795
632 88
669 384
97 408
284 192
622 602
42 914
441 804
306 682
304 501
708 231
133 759
422 740
23 325
382 440
207 409
657 557
612 952
280 684
135 828
214 680
271 465
387 183
438 856
916 964
875 15
688 247
62 807
516 683
903 477
920 248
655 50
272 887
901 507
540 248
938 258
248 559
334 427
221 602
505 679
911 829
786 500
812 135
260 923
875 586
412 673
467 831
636 303
560 79
59 474
897 907
603 844
500 517
273 936
665 573
361 914
427 869
479 741
10 29
71 955
484 768
662 592
15 533
463 743
248 319
583 564
624 37
65 312
834 459
562 913
606 727
790 439
664 733
154 504
258 475
231 453
806 494
958 931
229 107
614 306
419 598
624 785
160 183
940 272
128 304
80 749
460 697
152 720
639 420
785 391
642 432
973 35
9 274
994 368
403 536
107 817
502 517
966 562
961 720
756 756
376 908
476 956
355 417
56 812
319 402
982 529
500 29
448 484
677 310
948 649
547 804
421 267
931 954
705 901
235 480
841 962
737 416
268 335
708 753
861 588
72 807
544 287
863 121
816 184
443 521
468 461
668 792
925 712
192 383
626 644
254 15
364 620
443 218
234 341
286 104
583 519
99 515
615 719
707 531
245 919
769 51
960 725
591 946
282 728
256 747
823 23
699 694
708 337
134 340
302 422
273 638
886 652
951 527
867 963
656 526
360 538
233 645
842 303
971 148
268 788
960 759
491 292
193 587
41 378
803 405
358 906
381 812
362 694
292 138
213 554
223 343
384 304
67 502
337 709
224 789
419 826
386 417
139 989
953 544
644 885
849 742
44 81
267 433
388 994
850 60
92 972
551 192
117 889
789 718
629 214
182 38
55 364
964 547
905 417
713 405
732 180
616 790
190 796
993 493
443 362
825 766
296 466
736 256
607 718
921 797
951 211
613 54
297 874
897 36
939 816
451 0
585 278
505 933
495 978
90 744
480 389
354 847
210 923
50 727
903 478
806 588
590 90
998 181
280 874
614 941
619 378
854 475
67 36
218 971
484 315
395 523
337 771
924 415
976 239
182 453
212 241
493 362
434 477
160 347
724 182
837 204
857 288
74 605
690 60
333 696
695 664
198 349
856 684
855 542
92 246
219 979
942 31
740 271
827 947
291 776
581 973
476 131
563 441
496 998
615 560
17 733
759 304
929 982
572 353
396 988
470 73
137 616
477 472
477 459
481 477
800 981
572 655
670 953
123 661
919 791
537 311
439 993
572 979
295 158
973 73
226 698
548 727
152 844
514 749
167 958
509 162
990 953
240 509
608 439
672 965
151 463
904 642
942 212
302 257
413 230
660 244
593 503
240 392
593 215
740 901
922 569
670 689
397 388
889 246
964 707
187 127
280 862
589 807
694 782
414 531
828 949
824 218
105 219
865 844
139 162
667 184
495 555
797 981
909 327
656 330
289 463
930 37
986 476
215 840
863 904
563 895
597 3
241 524
906 327
687 36
534 580
167 23
581 189
288 491
118 232
843 393
719 714
695 295
606 26
478 988
25 257
389 335
615 328
687 849
189 354
562 566
459 837
985 929
292 669
977 605
857 793
876 444
214 341
801 555
523 350
362 164
709 521
652 771
475 845
355 25
977 956
275 28
8 13
576 149
268 93
87 545
541 58
362 466
679 414
272 827
890 586
843 686
898 145
889 593
535 840
787 277
406 597
625 966
687 709
332 246
374 668
90 818
2 193
542 699
721 807
269 534
217 750
266 52
352 503
267 955
621 420
233 131
965 461
44 506
359 772
477 1
145 250
875 989
657 8
846 7
956 231
567 452
66 976
910 693
591 869
202 552
684 454
589 581
861 549
685 770
761 34
580 856
853 280
960 692
744 198
340 694
808 511
678 293
412 338
223 282
432 866
574 0
493 335
277 618
222 332
458 189
987 576
864 538
906 669
59 902
41 803
168 865
6 357
794 66
999 739
134 785
802 927
616 996
462 120
899 539
424 170
685 4
311 532
313 663
473 929
748 835
252 111
800 103
277 363
604 18
156 963
393 700
341 211
911 514
665 728
590 566
788 768
686 805
885 392
375 16
192 436
737 651
151 107
726 761
293 936
243 45
858 843
154 690
226 334
403 180
573 272
127 53
504 837
899 786
507 403
395 979
233 111
852 623
156 958
721 413
70 789
511 148
201 754
585 139
255 680
212 626
899 438
396 112
654 313
62 18
35 174
468 570
932 153
732 494
866 0
393 709
745 456
664 637
217 184
196 896
198 169
387 474
649 340
247 437
550 324
846 621
980 543
698 349
935 250
25 304
393 226
574 936
869 459
383 402
538 853
205 984
335 354
815 830
769 489
511 30
982 342
931 900
606 944
365 690
172 370
28 621
281 147
393 910
466 221
867 218
837 305
771 715
128 738
784 957
498 814
732 946
912 952
813 990
129 208
38 675
754 897
908 486
3 755
161 632
792 623
740 566
977 861
766 65
683 121
943 23
908 9
159 761
3 633
869 539
878 776
116 391
610 280
377 466
102 978
718 325
920 495
82 453
991 352
175 819
175 711
114 533
880 180
975 595
983 913
842 267
68 478
47 38
850 422
899 601
746 448
776 221
641 951
750 479
509 386
28 584
940 893
3 350
485 22
908 793
821 913
108 183
907 748
591 49
172 76
298 635
248 982
528 904
979 878
174 300
973 44
383 40
210 50
665 98
195 696
678 50
763 400
396 118
251 602
189 38
919 552
575 609
255 323
165 606
238 925
749 516
478 221
272 555
626 446
805 521
898 16
230 958
363 790
921 320
613 526
424 679
731 660
313 322
775 111
759 88
803 978
552 368
56 637
213 634
699 770
421 491
251 200
586 213
997 907
818 501
848 482
864 699
9 71
809 406
640 691
319 813
97 39
672 159
748 956
544 236
429 868
99 449
141 887
460 464
503 631
594 142
108 132
197 771
392 641
229 781
906 45
867 654
208 51
78 553
177 259
656 505
569 6
782 266
216 773
516 990
379 499
686 257
433 903
352 566
640 579
407 312
590 983
877 729
736 663
625 551
847 384
69 401
229 103
407 150
196 835
0 263
112 166
648 617
616 872
424 460
441 332
334 30
99 25
956 680
122 761
986 407
558 701
760 197
43 720
388 86
82 720
458 332
374 856
335 819
640 233
109 365
92 804
482 455
625 689
529 146
437 403
775 299
814 994
359 260
770 536
839 345
289 940
313 723
654 818
603 992
481 417
863 1
103 803
380 851
641 785
19 303
241 652
490 2
184 629
36 614
467 519
815 967
889 655
517 966
318 579
645 969
228 80
79 641
829 298
730 619
561 64
266 968
430 573
106 709
995 216
711 875
53 413
789 760
298 274
31 460
696 851
499 877
335 14
620 532
187 672
886 678
395 454
926 836
261 868
472 659
640 530
838 12
351 890
47 461
165 244
862 382
212 626
15 549
772 700
414 882
418 485
960 892
975 179
135 27
285 955
906 924
205 3
691 216
820 519
599 468
145 149
202 250
704 152
568 287
402 569
917 188
275 241
838 293
715 112
846 357
406 953
378 272
140 124
85 991
337 267
908 231
894 973
827 890
854 782
959 341
674 581
930 993
685 500
634 866
89 884
778 291
232 743
335 191
252 500
236 705
360 166
559 438
764 941
930 822
141 987
387 246
970 864
268 745
937 359
579 770
280 423
59 235
252 155
801 218
981 555
537 631
176 192
903 119
300 684
173 628
61 359
468 10
564 563
443 876
141 897
385 685
656 74
57 239
609 663
329 888
480 305
274 192
545 962
827 324
965 426
95 838
463 371
938 410
552 37
143 762
403 99
573 483
561 995
845 959
615 970
422 153
492 599
65 68
507 627
854 676
839 687
413 675
945 198
645 165
380 782
585 252
658 635
910 901
900 180
558 841
878 909
992 854
113 563
846 219
303 43
629 95
506 804
856 667
477 904
742 691
490 694
936 897
602 187
628 450
784 965
964 719
655 182
887 637
375 687
127 382
612 179
922 974
567 239
305 166
787 201
428 764
984 22
820 489
988 906
727 50
221 692
24 56
377 439
548 928
550 171
950 692
914 601
548 591
197 507
671 981
769 617
319 161
897 789
813 173
47 168
263 566
988 939
752 308
244 567
590 326
207 845
538 117
10 927
507 388
172 181
723 647
921 561
744 65
82 187
956 259
715 78
413 452
556 97
574 836
512 215
869 720
137 439
451 385
842 188
215 469
204 255
299 916
674 456
957 836
285 113
648 13
560 187
464 918
877 46
201 95
846 269
585 653
677 376
985 177
572 121
17 992
822 767
121 196
580 830
168 490
305 525
689 283
55 703
721 771
711 419
362 853
445 787
475 13
97 32
933 684
16 173
384 55
216 303
20 832
248 860
696 972
174 969
663 619
479 74
286 580
546 494
535 390
565 656
738 168
431 952
878 50
172 256
548 337
861 311
132 359
693 433
630 649
228 940
11 695
0 741
345 383
679 905
738 707
814 933
998 414
238 207
676 827
842 514
805 62
290 317
706 529
291 21
57 529
732 975
548 182
850 383
305 158
293 763
627 738
273 152
511 944
622 645
848 928
201 987
388 31
512 595
45 983
306 216
241 972
77 448
378 576
662 976
686 768
92 229
160 421
781 27
134 821
320 338
961 487
889 764
768 811
704 960
933 247
746 954
558 115
239 81
421 782
250 16
737 726
797 110
699 812
722 21
657 357
899 886
943 243
834 812
1 738
585 989
970 491
172 308
984 244
250 953
838 238
960 951
208 302
294 750
731 77
752 263
402 728
327 434
602 977
853 523
23 196
980 80
397 242
951 157
488 33
623 433
852 730
672 222
581 834
409 845
976 154
136 279
929 655
356 525
802 779
233 689
195 881
71 867
884 909
163 557
973 842
861 295
263 50
544 452
664 769
510 27
442 330
889 951
148 441
842 464
232 607
374 343
916 770
164 805
89 834
833 285
295 141
468 213
7 572
274 906
111 324
651 633
562 901
859 758
669 38
698 689
883 200
445 812
954 430
314 415
964 603
328 516
543 300
541 555
765 914
565 206
628 657
490 598
343 972
830 701
531 159
963 146
259 283
436 184
373 605
242 511
523 327
496 778
91 622
406 215
992 979
114 850
206 570
210 850
625 718
115 490
399 347
614 42
409 466
989 964
102 632
2 135
664 831
185 15
861 940
513 979
968 495
79 637
261 102
51 254
832 371
913 7
895 721
745 681
140 955
799 414
204 310
380 102
866 42
171 59
108 612
13 334
741 495
110 247
794 646
22 272
37 155
424 723
637 540
390 376
428 832
739 688
679 919
191 36
441 960
663 375
681 600
123 240
400 345
782 65
268 360
769 306
839 71
545 703
760 625
412 965
385 121
216 586
463 203
628 882
582 521
964 970
619 903
457 417
823 487
319 234
627 102
126 692
846 109
122 649
8 106
251 818
579 668
565 130
613 843
161 263
472 893
986 788
58 945
177 234
285 592
130 90
751 679
868 828
123 920
533 571
702 462
596 543
347 323
21 122
192 877
504 875
303 661
570 358
966 743
906 178
823 981
670 361
48 836
52 180
452 309
441 172
753 5
62 450
904 53
629 889
784 883
664 590
851 176
675 215
439 472
85 393
135 909
875 440
343 668
101 667
