4999 1000
0 483
0 218
0 214
0 836
0 965
0 493
0 499
0 971
0 598
0 287
0 655
668 722
33 338
906 94
732 190
685 302
816 852
541 80
737 820
474 908
806 408
845 48
891 55
26 810
552 459
389 129
720 730
866 364
675 121
955 625
956 564
454 640
91 591
981 253
52 705
788 250
382 452
574 418
733 110
104 575
729 578
733 493
269 352
992 741
489 297
485 51
200 876
800 32
802 244
860 640
371 440
430 597
227 601
512 771
900 263
167 338
391 925
620 223
679 408
982 19
107 740
631 803
881 703
811 454
902 580
708 458
143 161
97 15
675 953
386 882
630 443
373 76
80 969
508 776
212 274
549 736
394 945
769 657
453 923
877 51
406 253
972 578
799 372
859 383
296 19
684 407
269 937
516 99
462 80
445 431
14 743
700 244
93 480
907 685
982 474
384 973
34 625
181 928
307 554
430 646
545 127
774 371
232 569
803 569
832 969
837 236
756 885
27 69
780 449
190 848
228 932
11 478
730 295
733 668
347 561
866 626
46 790
505 253
40 915
866 685
623 876
190 528
639 262
122 157
200 293
697 337
357 823
967 486
38 855
30 727
408 179
765 909
256 743
420 717
451 200
258 536
841 457
39 169
693 305
986 683
271 883
732 576
83 901
410 731
151 370
880 207
344 840
185 678
334 146
423 955
235 775
193 856
848 369
248 449
528 271
682 119
979 771
855 230
925 869
478 7
308 558
633 327
469 806
661 573
376 503
827 280
383 224
409 151
603 795
922 583
119 942
690 521
251 358
251 194
291 839
922 641
645 429
859 132
351 151
673 131
310 327
887 347
720 123
298 564
819 327
995 916
723 704
482 306
360 146
886 780
653 444
719 945
995 631
556 375
532 674
861 583
705 713
850 644
412 937
946 776
918 629
397 950
595 397
826 121
225 593
659 884
4 330
419 728
605 586
351 161
870 735
890 697
480 693
863 131
285 185
915 521
742 758
704 743
654 811
195 254
654 195
415 226
47 491
536 660
835 776
593 473
388 959
343 473
739 251
939 761
866 635
540 353
122 609
554 335
391 964
68 890
343 54
459 943
958 855
925 599
701 144
212 647
998 593
812 144
818 12
744 493
796 151
613 367
419 486
229 652
419 351
686 731
204 972
408 690
258 540
851 273
211 762
79 556
189 725
953 421
45 479
237 103
425 854
934 420
767 37
488 560
356 644
279 955
518 460
869 195
713 244
880 896
150 519
178 183
760 731
359 184
765 988
674 783
219 375
8 942
528 279
963 578
937 747
681 857
92 662
27 355
789 246
638 374
109 542
37 456
151 628
205 785
305 579
551 966
649 890
922 151
653 507
407 514
474 37
723 438
670 922
848 888
542 546
564 386
800 359
465 655
786 327
203 49
594 749
461 131
595 975
308 478
455 433
931 120
119 177
813 993
940 33
238 924
970 961
283 84
664 634
629 765
529 844
122 918
494 840
667 534
458 39
839 548
172 721
463 613
129 135
608 698
535 802
620 543
539 953
593 493
228 256
393 888
989 267
320 42
687 886
425 887
829 17
434 919
646 196
523 392
527 703
523 313
550 501
667 407
360 340
704 820
980 527
53 603
781 845
863 949
340 391
336 159
412 781
301 857
940 809
455 153
289 130
206 142
265 459
449 294
729 818
583 329
456 745
2 771
578 80
574 285
613 689
654 237
671 443
768 977
543 504
652 168
847 855
841 586
777 891
224 275
463 913
399 644
376 686
879 385
50 110
166 52
715 646
933 433
367 644
459 136
693 2
761 374
642 430
373 716
540 949
247 486
32 971
814 317
221 532
612 542
55 191
461 425
573 645
13 883
379 319
287 12
0 125
359 570
817 112
808 60
828 617
182 592
374 159
518 381
478 61
841 409
256 993
293 173
995 607
676 956
355 516
291 39
887 539
956 692
332 99
436 315
569 223
462 775
304 997
366 515
35 512
263 619
157 542
902 118
429 866
588 659
583 763
23 664
355 11
138 188
403 593
153 255
153 40
398 5
63 838
983 335
261 533
981 858
727 149
758 846
332 872
68 896
592 285
412 568
306 726
184 459
223 26
605 522
150 163
830 346
290 376
807 42
219 29
867 528
749 838
687 596
95 656
596 35
253 897
481 6
870 218
494 144
295 596
386 827
423 752
838 580
273 429
176 323
989 231
793 260
607 338
760 840
174 83
604 29
278 127
566 313
110 441
533 571
699 505
263 467
372 72
975 133
188 405
233 970
283 563
280 278
445 792
977 339
369 127
5 428
307 375
867 980
635 930
699 261
460 64
244 313
973 457
664 788
915 942
131 63
54 209
375 623
871 216
690 924
729 422
918 187
925 282
368 396
275 870
42 788
960 537
386 788
627 829
401 913
39 970
316 762
780 177
6 518
926 290
796 171
52 175
79 959
483 783
982 763
392 971
786 138
993 4
408 479
837 635
786 404
263 840
942 852
951 652
989 595
505 439
878 272
620 482
505 714
853 462
564 351
353 11
801 174
406 898
486 559
531 28
964 982
227 192
744 724
47 641
669 134
752 862
120 980
409 680
450 986
571 487
386 539
287 702
81 537
400 418
556 270
926 759
709 542
524 131
51 106
18 152
501 831
996 55
530 366
753 272
228 442
398 963
305 180
504 282
81 914
5 940
51 723
532 620
576 988
24 423
189 31
114 602
181 311
612 986
813 358
294 234
615 807
972 361
824 604
6 1
849 408
63 136
313 742
983 595
290 857
609 294
664 354
574 534
405 213
744 79
856 204
647 966
641 322
880 497
31 361
112 865
970 534
373 375
417 279
662 892
44 996
455 264
571 219
302 420
870 930
416 191
427 249
741 965
436 716
295 771
966 782
231 821
363 513
488 688
8 87
506 616
207 765
616 683
702 778
363 156
567 36
597 929
415 147
798 862
959 116
626 592
661 664
89 586
972 451
495 499
911 173
721 742
154 244
326 657
866 232
947 687
712 933
549 958
826 420
84 753
410 307
50 303
677 321
224 874
893 395
769 17
135 361
885 950
142 505
872 593
142 323
472 723
714 428
178 892
542 724
646 438
861 63
790 136
637 320
411 980
710 673
985 432
799 940
742 105
121 973
254 363
690 837
546 282
267 625
340 989
394 585
820 246
865 466
207 435
221 453
195 152
704 165
108 186
560 740
330 597
829 839
937 376
774 934
295 308
421 509
233 512
855 885
351 576
205 115
699 785
110 808
526 574
922 320
404 830
0 347
987 228
161 831
743 630
611 572
433 335
983 183
235 765
163 151
574 692
193 435
804 641
518 354
534 959
532 833
192 677
721 705
520 30
662 486
138 991
992 145
503 789
890 751
961 605
560 40
409 690
318 856
33 123
999 130
874 82
463 216
968 46
898 932
673 281
474 170
529 395
365 612
929 437
948 373
675 639
462 14
784 851
482 860
867 631
185 688
563 655
826 517
700 249
539 790
662 783
551 205
389 312
762 133
664 759
687 625
402 595
755 843
620 909
287 702
120 806
802 996
255 918
373 425
885 374
469 46
416 103
860 479
533 672
808 725
242 468
610 908
109 673
497 406
843 435
293 807
26 167
428 271
848 888
856 635
74 557
279 228
326 329
769 6
433 114
654 434
689 635
782 85
172 602
935 943
376 58
330 661
576 362
150 944
293 268
740 11
299 295
329 512
840 861
647 156
849 278
212 158
533 380
473 437
95 813
13 983
608 451
192 514
307 87
760 695
367 306
831 658
760 955
35 731
655 380
813 304
949 573
458 49
732 7
389 658
543 978
963 997
172 15
358 261
265 215
3 204
252 186
475 622
842 569
990 580
745 629
283 338
854 869
841 609
120 580
393 374
962 121
682 977
53 957
204 455
572 737
973 208
438 445
368 185
88 41
248 835
800 0
545 219
499 752
744 512
472 644
654 872
610 378
873 467
578 910
226 686
275 773
760 26
932 34
260 498
594 388
475 425
43 878
32 137
468 742
671 149
980 670
282 376
39 950
544 460
676 904
433 100
790 187
868 218
631 721
89 738
152 225
431 772
155 421
823 574
234 365
950 480
653 786
791 391
399 100
815 427
89 389
264 0
406 100
95 872
957 458
134 879
307 160
178 462
119 551
990 26
19 551
30 954
969 649
412 556
420 725
455 840
923 756
847 634
2 143
3 493
568 958
851 739
386 394
606 22
38 772
789 27
65 939
118 242
418 850
658 799
717 87
175 107
865 222
503 83
570 84
983 224
767 52
241 829
829 357
426 989
363 890
653 427
780 937
894 792
888 165
640 688
74 620
975 709
715 409
126 770
54 907
947 569
979 340
518 430
245 843
342 530
251 643
660 993
682 362
334 276
921 10
813 743
820 403
392 932
578 415
446 591
95 845
576 672
219 175
148 821
664 227
835 773
40 950
653 629
773 500
703 966
767 578
644 301
330 284
136 546
197 159
951 506
812 417
548 982
198 691
587 513
288 230
792 654
593 739
173 999
108 521
392 351
609 275
58 57
572 992
385 135
620 969
599 116
253 679
489 106
879 242
881 501
964 531
973 173
774 450
541 824
39 537
201 294
871 711
161 348
458 78
34 761
471 590
0 964
242 151
494 548
27 427
560 942
429 905
802 803
271 420
894 175
327 306
978 411
922 238
360 388
69 326
900 306
79 709
761 186
660 298
4 756
12 79
367 470
177 211
632 367
597 624
535 68
194 582
124 439
360 926
583 587
75 472
110 65
499 302
722 150
386 231
170 931
960 84
294 476
586 758
885 513
23 454
849 928
418 68
950 49
251 545
878 568
510 885
783 159
699 641
843 41
588 766
24 520
474 276
806 664
95 692
379 834
541 655
82 714
46 340
560 865
963 694
822 203
222 355
282 642
23 887
973 770
90 719
838 131
391 134
654 482
497 676
658 264
712 82
372 618
15 335
810 151
806 733
406 533
937 253
548 636
567 127
943 281
597 259
468 388
833 251
766 915
639 142
776 805
638 423
558 888
852 699
197 227
782 551
382 317
513 848
991 788
724 577
545 6
988 969
419 732
582 345
366 714
256 10
687 696
305 70
257 364
85 890
0 950
554 683
742 3
557 29
274 506
717 989
148 18
783 609
722 314
529 418
270 47
311 169
798 818
281 231
179 767
474 604
419 351
314 145
295 519
805 893
749 327
403 92
6 156
454 403
297 806
567 134
471 898
657 826
942 762
780 67
302 528
723 959
494 518
359 113
624 329
282 391
416 714
948 285
81 852
706 168
585 240
242 315
72 716
80 765
653 583
140 553
393 655
417 653
842 180
647 67
889 410
75 964
404 795
34 312
93 226
945 839
393 409
736 91
649 612
27 243
581 756
168 257
68 405
667 965
270 496
132 312
498 161
800 458
240 386
292 909
480 127
814 824
329 112
540 820
667 570
402 226
493 46
608 156
168 960
473 895
978 786
118 911
788 215
649 307
108 136
706 469
428 922
950 467
433 197
299 809
525 399
637 740
861 39
324 640
180 466
124 260
886 954
675 817
454 738
486 6
664 164
605 798
24 211
955 641
505 696
95 295
327 905
477 800
702 854
541 223
304 811
738 522
267 41
165 684
728 652
976 275
197 62
276 875
340 74
811 280
874 938
110 760
297 18
49 23
239 787
586 168
316 777
485 499
144 661
75 458
298 300
30 499
538 294
455 25
336 520
992 795
515 474
299 387
20 961
865 15
488 302
379 812
537 502
949 887
93 784
237 794
741 18
849 165
103 397
950 994
93 564
786 527
276 864
203 248
950 247
357 858
977 0
88 954
102 753
368 36
962 850
484 644
640 679
223 177
781 9
338 876
922 870
487 118
494 733
8 223
137 154
198 816
826 288
514 106
83 970
792 876
376 481
599 249
923 730
418 95
218 260
122 9
727 630
737 734
904 279
608 329
805 788
531 255
868 926
584 124
328 634
868 934
366 175
174 327
870 43
337 288
424 558
878 897
461 981
119 554
898 128
662 861
592 549
676 265
638 451
154 872
854 527
236 786
148 611
993 641
362 258
956 954
814 781
590 338
562 874
634 383
500 895
183 243
132 827
489 925
17 389
745 679
619 307
952 369
746 229
528 620
494 880
468 415
565 459
819 550
864 269
40 631
398 21
829 483
64 848
931 483
363 94
979 584
762 342
17 737
377 118
508 385
738 899
256 455
980 367
259 748
103 230
395 232
801 120
495 294
380 715
145 683
502 510
786 859
832 598
310 940
839 132
404 185
958 949
816 624
410 498
656 21
757 550
578 5
508 818
365 91
769 828
987 126
329 987
198 601
22 957
55 441
223 593
0 251
499 486
412 892
274 730
170 887
796 475
702 883
431 82
983 770
870 579
418 899
780 287
557 24
469 210
85 1
502 533
657 775
584 260
300 570
401 545
607 492
643 368
469 564
19 233
126 747
675 193
348 546
568 537
841 514
548 133
623 139
70 982
214 830
325 841
105 795
441 230
473 347
322 722
937 566
774 957
329 679
640 773
99 156
932 617
217 231
36 566
197 671
5 86
263 647
411 516
194 893
457 905
343 197
969 315
809 68
730 624
552 397
581 775
934 863
408 759
125 149
19 54
335 829
942 52
412 418
128 797
776 410
865 43
258 136
305 393
374 59
215 689
99 325
11 943
462 341
292 84
317 662
331 316
381 837
382 968
77 87
758 493
289 961
785 115
24 262
57 798
390 765
203 881
979 223
281 454
481 141
473 943
898 921
115 16
280 752
887 747
43 959
356 59
407 266
754 881
91 198
713 546
627 176
672 814
735 820
791 691
833 344
421 456
731 86
92 875
735 389
839 539
901 744
667 895
625 358
715 581
90 392
178 179
76 239
237 290
551 51
110 238
493 268
498 568
376 133
460 492
794 444
632 370
955 868
921 689
847 76
260 512
237 237
170 67
145 703
586 100
323 756
765 895
950 51
296 269
826 743
997 419
50 854
706 32
230 923
224 786
50 148
277 377
221 948
187 521
11 322
752 101
420 888
628 655
123 421
461 41
823 779
22 432
965 554
507 563
669 507
95 336
368 134
359 936
553 557
949 374
313 862
701 315
201 853
739 621
499 992
587 236
353 401
495 251
189 712
189 869
224 270
703 45
12 811
393 965
569 928
590 472
171 902
3 544
34 965
99 481
929 198
569 492
983 874
609 957
770 616
255 397
143 347
678 601
299 561
259 633
837 398
192 297
225 903
578 347
455 575
394 108
914 646
575 587
522 532
675 493
354 490
34 819
378 970
246 218
254 930
966 594
814 342
66 920
4 331
152 277
833 876
618 188
360 592
30 808
945 529
949 355
351 983
260 872
354 332
638 362
198 422
520 602
890 224
292 718
795 528
303 20
295 930
819 827
234 596
997 627
827 673
95 848
584 670
87 115
438 80
247 424
154 515
395 905
220 548
470 49
894 729
294 714
441 571
43 656
800 675
764 44
739 930
258 818
341 895
730 932
286 702
479 916
570 483
886 381
209 523
985 699
173 219
917 510
167 510
692 196
434 444
171 300
254 646
93 267
86 955
806 59
83 902
616 951
111 925
178 560
122 12
76 795
577 696
509 977
658 932
229 310
577 919
331 858
758 668
864 635
764 833
817 112
844 48
769 448
744 217
566 145
184 583
359 714
921 326
860 657
457 83
286 869
604 948
787 782
474 924
403 48
542 57
685 652
521 965
395 399
437 272
466 201
962 740
971 990
149 464
132 64
572 261
504 796
371 500
587 305
498 334
31 52
772 379
497 590
594 964
245 844
46 105
174 606
849 820
398 177
77 915
701 101
75 354
689 960
486 182
867 489
230 579
938 662
279 151
54 958
607 749
134 8
116 804
466 74
419 93
426 818
114 449
957 513
159 672
899 819
390 250
859 688
295 346
263 70
582 190
442 493
161 97
585 753
445 441
223 124
178 361
127 746
667 696
230 379
535 393
942 244
226 905
516 253
260 491
555 349
681 191
119 218
551 903
875 481
475 105
508 644
757 896
531 983
856 419
959 90
451 60
744 155
314 289
125 129
53 703
775 41
984 386
52 405
97 575
470 648
398 579
505 107
852 264
56 243
553 967
424 25
747 673
595 248
510 716
583 843
483 253
292 580
195 944
626 726
568 129
704 60
364 7
390 808
80 563
789 781
879 30
649 917
664 768
70 332
831 738
768 219
756 181
713 741
307 32
231 453
627 454
580 767
103 997
644 35
312 944
978 789
704 78
435 216
329 602
689 158
132 25
810 81
42 455
295 189
383 762
133 843
98 676
663 808
590 222
442 324
116 864
55 988
919 986
933 528
878 54
381 590
141 307
996 77
436 67
932 875
879 478
779 223
357 325
595 175
425 168
200 500
180 529
805 393
809 455
471 720
439 12
313 268
771 663
46 912
627 282
242 55
804 348
498 978
996 657
247 909
353 509
927 146
665 213
779 308
719 999
850 285
309 612
125 345
748 701
497 353
358 899
472 449
28 613
200 842
624 966
195 521
925 37
93 854
258 75
697 109
242 912
685 249
455 207
681 820
578 749
516 872
613 614
759 953
377 312
223 433
832 790
375 299
573 350
764 856
527 28
464 981
137 956
720 827
525 804
213 661
340 168
351 877
320 452
653 112
203 325
62 254
692 608
4 579
513 722
763 457
632 998
390 651
461 587
107 163
471 475
530 693
59 461
354 81
335 987
116 645
784 645
518 977
101 188
489 578
290 576
803 527
381 899
21 247
380 211
998 577
254 636
327 778
709 236
126 67
355 13
339 984
306 735
37 459
538 667
582 934
166 288
186 484
991 890
381 785
720 350
10 46
529 0
948 78
364 805
17 131
827 49
634 82
352 179
949 730
371 100
451 41
759 179
322 216
381 475
76 578
952 827
942 185
8 342
322 224
591 81
973 274
319 480
26 250
146 729
989 936
432 735
729 179
565 448
747 9
712 167
124 993
773 395
714 202
123 142
384 89
175 319
178 966
351 753
410 384
872 321
542 285
905 52
639 690
22 999
939 217
670 61
308 806
357 692
943 593
291 104
294 359
27 303
46 33
956 196
162 204
459 836
358 511
223 171
181 144
628 496
956 847
361 365
292 385
522 480
260 631
639 781
572 964
466 706
579 123
533 329
650 374
674 673
575 408
921 45
155 236
462 204
861 484
760 535
396 987
155 750
273 691
127 284
275 479
399 254
960 114
178 0
251 263
341 536
352 479
303 681
618 70
324 322
838 950
203 188
749 915
953 495
966 101
115 509
673 713
559 853
605 600
580 194
276 118
389 178
898 988
266 208
25 95
583 218
7 599
739 491
78 833
442 297
371 301
556 761
0 649
676 54
283 228
193 830
973 899
817 302
891 24
705 744
488 718
214 452
425 438
631 940
815 701
88 326
873 268
937 222
64 38
197 706
641 110
883 708
782 679
449 132
485 849
156 419
871 507
657 984
283 459
871 343
977 472
10 397
39 497
730 894
383 107
490 360
575 550
626 221
184 408
925 724
183 321
459 64
879 214
928 423
173 79
619 269
994 393
616 271
837 780
423 440
15 597
883 920
197 365
940 343
617 880
717 654
313 704
567 39
199 768
355 264
911 881
260 453
596 896
899 586
836 149
561 333
583 502
633 522
44 498
451 820
155 567
642 451
556 676
190 1
63 679
435 300
986 873
721 231
679 229
682 96
418 989
503 171
791 389
355 430
354 421
142 812
110 611
755 634
175 87
818 484
39 525
839 73
333 759
458 235
793 881
493 568
737 507
849 788
336 74
665 605
666 367
989 989
976 78
288 195
98 672
931 914
720 586
64 553
960 300
271 314
12 275
972 811
1 143
671 487
25 893
707 718
393 990
160 817
235 343
298 191
405 407
479 115
489 788
548 347
756 735
441 922
247 843
528 231
952 393
802 325
322 711
802 553
592 108
808 911
382 950
783 789
81 669
712 917
762 885
197 7
663 128
534 806
34 945
512 998
152 298
137 964
859 399
557 726
216 785
156 895
322 260
265 213
565 433
813 986
636 620
394 798
683 647
832 467
869 366
276 519
808 697
276 766
684 237
716 430
32 251
532 873
357 887
864 871
305 379
566 81
813 745
459 383
175 533
135 530
9 536
516 907
432 454
115 674
558 329
887 928
457 572
393 54
513 833
338 995
917 411
388 514
983 957
65 258
204 136
665 748
701 170
297 264
873 9
71 649
584 540
391 356
313 979
657 773
453 129
217 866
618 801
117 934
377 359
827 143
8 874
872 208
265 697
370 296
49 803
455 450
986 741
547 211
378 176
134 118
201 952
668 659
383 166
291 236
564 343
705 191
5 507
795 127
830 783
975 642
994 275
43 852
757 212
851 987
467 875
751 722
886 741
43 70
300 417
806 596
366 781
91 64
723 505
419 663
482 82
576 823
804 809
195 162
176 290
40 286
772 661
309 855
123 208
278 860
577 50
324 446
473 482
57 549
704 990
430 786
471 29
526 125
917 261
224 561
883 373
16 139
646 69
22 615
160 137
670 372
375 458
615 899
172 900
700 379
62 553
990 775
693 285
288 606
431 832
721 531
686 623
517 683
744 211
876 914
133 720
154 774
421 192
342 33
976 789
627 867
276 779
962 135
234 387
390 193
201 913
822 311
281 439
390 5
58 680
151 566
595 558
138 354
643 284
217 434
995 309
215 94
290 370
794 80
992 64
240 711
731 760
655 205
373 750
604 648
548 178
173 69
505 314
503 696
713 942
729 350
167 618
614 907
48 216
479 4
926 451
423 142
822 173
53 573
529 474
477 343
854 707
168 878
767 300
832 673
256 958
412 435
763 126
322 331
199 316
688 762
468 789
705 544
856 361
87 720
918 429
563 351
521 330
231 729
93 645
236 692
839 717
164 819
136 512
418 92
286 902
597 394
810 156
545 916
987 403
589 117
770 127
894 866
188 48
874 254
692 836
486 217
190 538
57 621
500 0
222 32
13 567
238 237
33 570
300 299
191 867
991 12
767 438
844 271
456 204
905 310
579 361
507 241
413 813
449 609
329 527
295 238
732 254
300 490
216 926
372 635
906 369
822 357
324 228
855 406
499 750
301 232
178 172
837 283
5 95
182 336
950 532
780 318
692 659
941 793
671 185
295 734
766 526
457 153
193 656
717 527
95 566
637 996
697 933
587 871
357 591
383 209
892 15
109 713
892 854
852 650
767 121
119 539
266 193
784 175
767 482
337 779
707 884
249 171
849 13
341 813
733 37
356 652
498 368
730 966
156 360
422 326
526 160
20 507
910 570
51 615
924 682
32 9
879 537
586 204
72 195
444 757
701 817
230 849
399 752
363 693
853 832
284 396
374 557
580 396
90 641
683 409
418 305
948 945
612 988
982 599
848 135
430 872
294 900
307 40
406 37
633 382
93 790
887 660
279 505
977 200
367 71
807 574
825 454
884 780
553 533
303 108
441 618
997 501
775 436
845 178
812 210
619 298
766 538
630 214
487 186
82 270
540 483
199 173
783 353
856 720
6 292
948 171
449 10
969 812
536 627
556 502
659 548
409 455
407 309
962 443
200 330
784 7
809 261
579 94
926 978
776 191
675 618
246 773
834 441
576 278
377 625
798 556
937 804
204 0
961 277
689 394
609 248
953 457
871 254
132 57
717 682
317 224
41 510
532 649
507 167
692 58
563 756
413 813
457 547
971 74
18 92
445 627
378 5
479 150
925 492
577 655
556 320
446 900
454 848
614 143
709 314
324 328
69 278
528 632
976 64
910 870
468 106
909 294
771 447
465 493
539 129
922 247
724 180
427 825
516 817
180 872
758 788
288 192
575 462
271 381
424 691
645 589
903 909
833 268
205 232
856 239
329 836
423 193
980 302
404 849
811 295
558 458
968 68
928 826
57 980
715 708
32 821
953 902
209 447
906 923
943 847
410 26
39 646
785 566
428 855
282 932
49 340
157 415
2 346
189 871
604 337
698 38
832 861
816 834
212 63
519 134
473 76
185 616
998 885
615 12
292 814
204 976
240 368
64 78
708 231
182 198
319 91
102 545
536 435
76 287
31 822
304 226
932 224
940 824
293 747
929 429
332 995
26 71
151 201
207 120
335 673
259 447
930 36
479 959
361 295
933 927
618 138
533 232
38 362
851 587
140 455
79 352
525 327
124 296
430 369
34 60
786 162
125 203
237 788
547 568
298 490
713 17
269 189
959 137
233 922
503 775
452 738
850 374
582 616
403 491
614 991
650 690
901 473
826 753
633 617
484 386
99 2
146 221
809 262
85 564
117 744
127 502
908 618
489 445
775 792
598 392
174 651
38 586
704 983
12 497
733 373
545 71
812 994
671 804
717 69
903 786
176 541
483 351
132 313
708 871
745 774
325 896
414 117
822 716
268 523
627 139
633 791
210 854
726 511
16 373
993 611
389 369
260 872
747 139
452 966
291 243
539 203
665 330
38 630
163 657
496 933
421 255
837 23
664 343
120 538
742 248
525 887
111 355
152 913
560 88
900 666
303 690
973 533
176 766
527 653
811 328
228 757
988 494
82 38
745 779
514 4
816 269
554 953
174 183
868 448
865 904
981 851
871 570
87 102
652 821
640 194
568 49
720 835
967 79
111 506
759 225
132 836
846 757
495 521
265 254
248 558
710 226
550 907
363 245
706 542
996 221
393 542
826 869
405 184
414 530
12 54
778 41
551 779
512 262
644 592
953 422
493 842
39 455
879 809
907 250
692 603
121 336
722 167
391 818
594 403
978 552
761 535
808 595
530 175
895 570
834 805
340 313
26 76
845 173
57 462
280 362
271 687
345 21
107 15
721 178
15 44
881 719
807 270
275 767
109 250
257 241
63 936
636 142
815 988
719 318
715 784
609 60
619 129
222 645
77 438
503 325
148 996
365 561
532 700
898 870
992 923
216 993
45 385
832 357
285 531
293 353
933 329
30 991
886 385
192 414
703 146
889 601
490 42
245 6
619 736
749 783
44 538
324 676
371 697
144 935
226 896
519 975
455 600
367 174
602 559
813 522
42 541
455 336
119 374
50 636
217 122
597 51
200 960
963 785
394 918
901 155
888 803
974 470
257 46
701 134
870 284
991 521
508 574
178 449
165 776
715 509
368 699
104 272
268 828
863 105
833 466
854 345
519 212
481 776
724 505
447 121
858 903
869 433
519 301
49 380
12 136
768 24
382 34
225 680
832 942
871 778
391 637
635 889
797 668
800 884
543 19
149 262
439 864
711 44
554 778
396 769
138 127
201 61
782 807
149 698
821 230
19 646
311 133
100 836
852 826
987 963
618 731
647 149
475 863
125 617
549 838
83 529
681 108
846 845
181 98
293 454
282 980
212 148
598 308
650 153
819 710
155 243
638 554
886 734
969 357
144 288
401 120
391 987
192 159
160 606
317 179
498 605
23 937
945 772
782 521
92 0
778 384
951 302
753 222
57 962
550 41
855 729
757 920
647 71
576 585
614 570
52 899
123 93
805 676
546 959
278 181
522 593
865 697
311 259
997 825
408 608
499 243
866 957
793 775
611 990
79 288
24 849
357 529
184 224
146 62
679 964
326 166
508 21
569 896
523 803
930 691
244 96
345 372
673 947
341 851
252 958
607 398
863 201
557 973
514 478
504 853
25 691
582 774
331 627
617 645
420 284
350 138
571 778
655 346
365 123
938 686
440 537
767 635
657 92
749 680
424 741
454 435
782 572
279 188
557 83
497 656
568 872
531 496
879 23
189 39
853 333
230 807
449 247
279 197
400 569
262 89
266 143
349 631
152 104
664 224
468 253
754 898
626 742
560 723
767 70
404 906
865 898
219 447
151 470
288 558
620 864
599 344
712 571
811 241
223 893
737 355
96 882
826 82
695 935
709 278
948 511
883 108
721 777
681 789
400 888
161 277
19 562
321 13
234 505
18 18
433 85
674 108
431 601
723 872
24 217
603 830
612 186
138 43
510 642
614 945
126 364
682 178
183 589
698 56
793 714
129 241
920 176
604 435
867 674
293 644
182 574
440 53
121 688
337 49
839 806
28 331
776 938
219 53
47 707
348 98
396 445
137 486
659 236
646 208
555 373
614 759
768 949
558 745
610 256
0 349
684 771
506 539
222 882
149 143
139 260
486 226
755 354
440 441
146 411
392 196
16 803
56 231
175 567
109 645
792 722
648 872
246 491
240 914
912 701
959 591
220 950
89 473
895 33
32 682
286 20
731 166
520 698
754 135
769 474
299 302
681 278
208 713
427 54
639 815
239 138
257 461
408 299
475 925
167 138
72 490
518 847
253 350
517 628
908 668
768 376
690 638
991 685
849 511
965 770
886 770
186 705
771 362
457 122
158 80
651 206
969 672
922 213
312 516
174 401
710 368
3 680
81 916
145 902
729 549
763 17
573 955
33 203
102 837
78 883
49 617
291 836
881 45
890 957
35 665
939 687
881 17
347 371
568 928
752 817
906 336
326 354
404 843
285 663
977 550
440 167
533 920
575 445
218 463
22 399
775 203
501 480
684 105
94 271
416 762
570 79
131 330
556 853
396 849
636 421
236 101
894 844
648 190
984 455
547 160
63 915
483 84
603 219
15 288
590 134
895 691
569 526
804 458
423 538
891 493
120 813
903 506
376 380
956 529
5 812
869 351
324 290
686 356
117 1
891 820
482 959
919 730
580 632
742 120
542 610
380 672
256 511
51 494
414 591
368 363
814 227
342 492
894 611
747 377
899 280
918 183
651 323
703 103
140 52
399 884
938 36
148 376
493 388
174 416
352 59
453 260
668 540
192 392
387 486
607 789
758 674
418 632
439 632
800 2
671 155
881 567
49 656
556 783
342 243
642 128
551 130
833 954
46 104
531 690
533 699
860 311
444 286
111 536
440 464
609 292
191 523
892 912
309 86
21 957
842 164
647 343
882 739
126 239
900 989
869 10
715 802
569 168
112 973
539 669
469 818
338 700
587 470
822 911
462 935
78 128
100 552
331 372
401 174
11 442
710 142
440 224
309 940
150 830
687 717
376 993
702 271
243 202
524 763
497 724
578 866
432 770
617 909
416 342
933 428
233 467
196 576
578 676
284 664
899 363
90 24
933 459
956 997
844 646
8 819
132 40
227 207
329 474
155 101
741 160
884 843
702 707
199 468
926 463
959 759
233 470
426 637
522 28
406 806
462 9
169 652
895 906
248 799
531 120
737 215
803 663
600 533
340 832
718 715
177 40
182 599
807 447
670 116
511 474
404 697
952 730
374 504
603 546
905 128
517 764
771 588
968 37
201 666
826 348
417 788
437 808
809 562
269 175
159 742
693 703
590 15
466 249
520 854
711 353
342 700
351 415
345 787
198 769
621 176
777 159
961 175
169 573
96 551
267 365
347 378
667 258
317 806
749 774
77 583
267 725
824 354
154 536
980 556
508 995
678 297
231 655
293 173
477 209
956 182
226 713
452 464
513 28
872 600
592 458
479 122
319 824
726 403
45 599
243 927
394 140
555 132
574 102
725 373
409 699
820 944
25 523
281 688
368 211
903 36
563 260
149 62
451 641
312 526
88 965
350 236
225 394
124 913
429 699
145 375
310 555
368 916
312 852
106 739
486 881
698 635
454 44
32 174
352 921
958 619
171 800
462 284
192 367
498 401
61 542
41 131
635 474
857 770
280 819
560 408
61 701
786 859
601 362
854 943
781 118
929 418
63 642
737 46
615 891
563 114
860 600
718 706
440 439
198 706
39 360
442 567
525 96
454 822
29 311
385 603
250 754
368 643
586 963
569 506
94 572
953 46
212 368
303 866
829 786
359 685
423 483
568 488
604 376
174 987
73 618
992 641
936 813
947 207
870 993
581 937
950 364
379 717
620 470
508 397
907 387
716 674
255 125
562 436
20 967
410 875
469 203
572 1
934 101
458 597
331 262
886 897
550 346
74 653
469 114
6 707
777 458
238 169
248 172
753 626
500 532
747 948
842 794
955 747
828 604
926 957
23 481
99 428
270 470
789 320
205 444
500 42
439 640
659 474
761 914
428 42
708 87
184 320
927 776
215 72
666 665
966 367
956 234
388 514
470 752
828 589
806 725
126 764
229 916
181 389
266 119
915 596
428 817
657 222
580 124
239 623
905 324
194 324
17 465
729 129
535 209
887 692
303 44
364 648
668 31
180 579
59 553
430 393
501 809
990 639
665 454
812 760
359 277
579 251
270 647
698 131
304 320
310 30
552 201
110 342
211 271
390 595
916 394
549 991
478 423
408 337
30 854
820 971
670 389
79 948
948 835
96 439
729 757
754 481
122 805
901 215
914 206
781 990
718 929
545 81
791 83
677 126
188 829
161 609
54 643
320 552
770 501
674 805
194 1
26 95
684 311
400 90
233 587
552 82
584 639
225 580
689 870
560 5
402 162
970 273
389 151
261 197
792 590
408 21
948 11
838 456
454 975
735 159
801 230
23 305
642 634
630 57
314 439
286 727
120 309
424 907
661 945
463 381
430 452
522 128
357 91
127 258
584 589
211 190
377 816
579 794
956 748
566 601
148 222
209 466
255 406
481 999
333 378
180 655
165 265
345 165
919 553
883 735
811 193
307 71
657 984
3 341
463 380
659 195
927 59
199 680
613 374
271 14
573 73
742 100
291 324
276 460
650 237
756 822
54 692
159 699
745 718
855 619
762 130
12 880
129 23
322 896
332 708
625 207
950 550
820 211
42 806
883 54
740 568
746 327
457 589
831 137
338 298
455 291
445 343
369 862
132 185
866 931
692 256
560 114
398 849
847 123
138 830
559 393
39 505
195 315
708 908
867 977
483 69
828 261
633 674
651 183
951 265
997 951
75 122
554 791
384 315
29 927
401 572
54 455
978 296
633 768
952 746
748 588
700 413
708 913
916 59
321 234
610 399
309 774
459 619
913 671
713 163
568 988
193 968
226 400
510 366
995 624
644 542
193 385
38 212
705 24
416 562
587 752
421 900
561 751
995 130
180 401
850 145
312 980
569 146
715 842
9 441
457 995
984 384
859 432
71 746
323 152
316 64
785 607
985 423
986 459
707 455
484 461
660 838
587 398
481 451
431 247
205 827
899 103
892 712
344 801
201 109
760 204
449 148
372 945
917 632
342 592
348 267
479 860
726 104
531 26
754 834
72 286
697 836
138 718
49 31
842 437
483 647
162 841
925 766
971 693
937 599
95 32
236 180
239 76
864 761
55 64
571 639
909 351
981 538
645 119
838 187
944 410
486 815
960 96
578 22
982 587
62 525
308 186
413 940
75 351
763 376
479 305
932 634
574 130
842 127
4 826
475 742
314 18
496 301
426 866
824 757
621 732
434 121
270 863
431 218
868 340
238 174
299 876
309 884
579 304
879 618
560 312
992 792
81 213
683 682
401 646
781 841
809 39
303 587
147 237
272 455
464 108
337 665
660 281
543 28
253 328
644 379
200 151
830 303
259 825
446 181
212 581
755 460
704 492
869 811
941 302
498 801
457 845
52 491
57 721
977 954
763 290
41 251
916 513
380 181
498 160
242 662
235 685
153 606
116 179
146 698
3 49
260 578
214 849
663 804
402 266
683 839
85 879
87 600
412 278
498 641
350 161
533 349
846 928
103 109
141 853
976 847
565 239
534 521
808 543
395 242
423 358
189 617
28 366
917 964
272 76
568 123
997 364
425 51
374 389
725 139
761 193
678 922
796 918
529 431
893 632
887 671
265 724
383 650
158 791
491 959
201 325
95 4
977 906
205 222
601 916
612 471
250 535
380 531
519 24
747 210
7 954
484 378
959 445
562 178
461 834
593 711
958 248
174 618
953 898
98 264
145 590
827 866
951 847
402 35
262 140
102 660
285 695
400 923
289 896
205 71
40 63
360 766
303 717
541 751
581 708
910 97
326 490
74 26
369 770
585 448
257 258
402 748
856 799
285 482
167 868
609 219
400 223
343 427
941 965
172 435
54 464
635 63
878 872
721 305
78 559
944 29
497 427
85 331
494 984
706 152
90 260
892 797
227 289
678 190
46 630
636 524
666 638
560 388
3 176
289 6
528 30
679 607
981 350
361 23
385 844
655 452
433 805
944 101
747 245
789 535
908 706
660 460
443 239
966 935
956 715
793 417
406 687
983 32
61 667
381 858
608 505
541 710
172 345
476 899
112 244
229 775
759 713
228 570
97 634
11 216
305 631
1 715
48 619
110 14
377 130
241 395
164 970
634 278
740 495
368 360
952 140
900 629
365 233
668 54
634 592
697 696
595 534
498 899
199 344
22 932
690 796
797 131
243 548
168 957
863 39
693 787
725 623
820 281
480 324
949 65
480 999
360 942
681 800
410 153
730 953
615 551
823 776
842 216
687 185
255 562
399 881
386 348
526 908
125 700
103 385
814 218
946 985
814 706
819 155
683 645
385 891
919 664
304 886
887 972
383 8
573 781
667 286
575 404
867 916
365 893
466 936
887 193
920 381
637 860
457 977
908 440
964 319
584 104
773 118
316 78
404 433
540 951
220 797
852 657
20 734
86 292
449 273
16 70
947 779
283 621
491 817
974 241
868 454
409 182
639 465
570 39
292 532
315 62
376 558
810 877
266 642
951 849
581 205
10 713
681 604
811 211
194 52
111 880
135 383
754 35
253 510
48 461
465 130
706 276
817 186
327 768
4 32
753 876
621 435
252 739
900 390
498 496
997 408
281 581
96 147
347 493
967 421
710 562
234 946
890 632
446 335
69 152
618 288
618 502
385 483
654 347
620 795
866 524
221 143
652 529
156 80
213 926
245 14
652 365
960 692
554 651
408 575
324 679
509 35
340 926
290 574
368 865
199 179
370 989
424 104
230 482
988 864
951 589
672 874
266 903
777 608
338 139
21 737
506 404
827 376
222 980
919 123
435 446
711 428
122 749
808 315
25 274
57 890
409 731
423 168
465 966
279 175
642 82
607 86
745 567
566 519
168 505
672 530
470 521
515 24
402 35
516 505
972 841
458 487
956 302
490 712
640 180
777 168
338 647
486 116
40 400
109 801
731 43
261 547
329 186
43 678
83 359
748 513
615 653
408 573
22 208
465 442
639 336
864 243
827 403
744 141
455 736
33 484
278 260
382 470
524 881
64 286
628 354
9 427
658 64
537 14
217 760
517 231
383 755
675 928
572 397
879 305
879 446
673 850
537 468
628 876
488 518
416 377
965 651
906 799
342 489
471 609
557 79
468 190
199 707
337 472
789 140
266 94
431 130
477 115
756 969
286 700
620 714
53 558
374 706
231 470
730 689
257 630
648 955
489 551
535 978
685 826
359 35
169 654
287 717
781 69
608 725
172 406
64 796
631 469
912 95
72 582
414 902
639 238
868 46
993 658
535 432
556 526
801 655
556 64
167 805
393 466
52 215
527 635
28 556
516 718
498 43
509 577
282 658
186 520
464 663
325 328
535 979
784 988
275 218
332 52
536 804
826 689
160 519
397 314
553 963
542 426
780 468
751 407
215 196
409 460
636 999
134 552
152 997
727 285
181 475
176 114
936 185
119 130
724 358
256 739
373 760
484 663
38 124
525 334
404 508
820 738
168 948
995 738
185 340
700 240
872 826
816 979
602 597
72 301
817 450
96 198
819 147
182 783
609 883
96 504
81 779
755 283
133 528
93 406
138 219
884 517
90 431
628 190
539 327
205 651
982 461
979 147
216 508
405 450
724 495
486 876
191 416
727 182
258 690
594 253
812 247
593 997
245 99
645 603
748 327
495 683
187 399
131 411
838 755
991 14
311 530
785 114
268 603
127 883
623 986
92 982
765 810
417 694
321 581
10 122
182 477
397 493
920 230
255 445
707 921
486 261
650 915
72 251
26 508
587 194
597 953
450 177
623 818
495 26
660 101
219 940
72 65
599 122
78 964
63 73
690 93
954 598
974 930
147 950
520 428
731 324
666 734
797 414
66 954
592 888
960 171
880 496
427 508
142 248
451 440
947 344
880 768
761 153
618 976
379 707
119 370
608 904
328 689
299 214
772 767
670 337
564 424
738 518
13 221
536 153
113 258
36 129
423 568
565 295
638 508
798 130
989 558
960 142
423 658
782 576
423 179
263 211
816 435
744 967
840 84
55 869
200 26
849 548
117 759
85 79
186 334
791 716
444 592
589 134
21 890
237 20
466 685
918 160
229 780
586 513
315 97
395 962
494 113
562 297
941 484
569 641
447 910
547 952
420 585
775 161
500 584
897 890
581 845
176 255
385 852
697 654
214 557
178 234
77 590
56 480
516 719
202 805
748 637
275 278
387 423
796 246
411 332
56 771
625 747
631 449
566 225
803 350
130 695
742 372
612 1
378 98
163 785
54 227
793 201
416 70
891 628
278 29
242 222
180 62
156 720
825 916
940 477
586 679
118 751
358 112
124 11
712 550
163 536
255 268
678 180
409 401
459 504
676 246
769 23
28 531
920 259
537 258
665 591
717 731
74 958
842 854
915 163
754 540
835 294
821 471
820 30
446 125
915 513
558 698
609 398
600 162
301 748
892 363
215 144
629 105
342 378
754 511
891 121
736 181
564 803
990 308
962 381
680 972
683 137
381 599
185 131
481 420
97 627
204 5
565 118
528 833
531 421
551 946
603 429
483 512
980 669
724 788
392 459
254 662
644 719
824 399
465 118
902 416
222 105
655 898
243 499
384 875
631 383
96 607
187 567
458 365
109 694
438 270
743 303
776 401
685 324
231 490
106 256
799 326
483 981
24 48
946 511
924 672
892 30
669 239
836 856
661 900
574 965
972 946
949 729
518 855
750 422
466 494
898 912
228 782
432 687
844 938
657 432
237 55
194 124
718 233
277 415
381 525
536 690
455 48
468 954
737 287
967 135
210 277
211 222
662 369
286 847
901 981
896 544
585 648
663 376
172 972
582 564
256 57
953 70
958 593
411 313
159 593
977 982
982 46
533 786
212 78
779 846
673 251
415 590
634 531
413 954
534 619
775 136
296 959
339 615
73 523
875 502
994 38
795 619
878 842
414 917
222 437
481 411
227 219
558 154
128 721
107 810
972 91
465 505
549 695
141 111
408 856
450 393
738 229
421 751
938 175
928 214
284 902
240 638
760 541
382 572
729 657
33 233
463 894
195 737
301 434
976 590
915 824
530 491
413 662
32 497
203 255
162 757
215 58
510 847
570 585
278 941
415 299
552 638
101 891
165 384
90 287
346 498
251 617
986 554
933 769
754 89
423 177
476 434
726 840
909 311
728 936
415 724
849 320
903 673
56 706
95 516
667 422
117 741
959 5
403 392
377 871
709 295
928 630
366 270
505 888
468 581
658 905
839 553
415 502
798 859
304 84
362 87
32 719
256 766
159 643
819 517
185 807
544 708
238 644
553 512
88 138
283 41
840 28
368 820
137 639
709 738
707 647
333 296
9 402
684 477
932 483
940 679
566 249
268 375
855 149
300 464
292 871
154 723
291 953
513 462
456 570
229 776
259 373
560 975
239 936
79 915
757 766
629 216
479 989
528 840
357 56
143 270
884 790
50 652
314 873
570 926
339 912
716 677
927 365
587 141
601 904
59 335
586 619
823 647
308 627
211 503
71 637
227 347
264 303
362 987
453 675
516 556
634 808
765 799
583 64
615 808
679 826
663 833
75 162
920 252
429 492
504 373
926 997
158 598
24 754
594 392
300 655
53 920
133 618
21 488
499 989
130 346
410 639
44 25
592 235
498 248
755 487
932 624
608 279
186 31
925 72
835 315
224 773
167 659
685 382
21 871
956 396
206 363
913 862
288 647
970 14
13 506
716 509
625 490
279 355
511 198
661 80
356 437
120 326
146 460
81 52
62 476
761 573
283 689
123 79
197 548
520 748
111 242
874 820
990 915
34 553
323 172
299 298
13 189
820 553
916 603
937 541
799 119
946 368
839 518
803 578
570 999
186 148
890 272
317 622
331 313
89 138
416 791
532 190
78 843
340 582
111 369
277 160
585 457
32 534
724 281
478 759
496 440
689 575
108 637
299 818
768 502
437 685
677 954
250 45
583 663
217 485
906 860
718 405
482 489
761 398
137 754
910 679
949 192
220 571
520 559
910 896
542 609
341 994
250 82
731 614
321 34
874 375
757 302
283 180
148 151
767 232
439 953
210 153
323 54
611 194
171 617
229 121
124 507
257 745
511 313
513 489
451 219
911 627
769 670
588 270
222 156
81 77
244 839
378 701
705 994
286 691
351 608
56 276
874 378
881 923
765 189
820 598
885 242
280 833
229 549
602 114
16 318
400 259
394 947
295 204
480 572
429 598
515 765
528 737
560 752
598 151
563 256
186 462
480 263
118 50
945 273
51 848
763 479
115 820
376 357
719 61
862 524
593 516
647 833
908 824
895 100
158 877
337 530
125 960
923 539
368 708
437 300
617 969
878 678
209 264
446 734
180 800
293 59
889 859
923 211
220 146
822 774
604 725
48 849
236 908
294 925
46 225
993 374
203 667
953 44
717 453
213 853
437 117
396 376
637 637
504 587
144 486
933 775
205 680
414 287
328 474
281 157
632 312
598 725
602 96
172 48
924 605
44 786
427 4
380 395
846 802
797 538
169 340
349 694
482 884
109 563
407 299
