1379 32178
0 23625
0 4829
15112 20789
31483 24812
16888 19290
2201 4791
9922 30813
27192 15249
27427 9228
2251 21851
8372 23997
3116 13268
11114 8656
8342 7417
19370 25341
15288 932
29007 22115
10044 1299
28496 11098
1659 16237
29148 27798
23233 2304
15259 1008
726 30592
838 3680
30878 17165
3269 5384
11503 4787
24136 14464
29529 10538
20162 16724
21321 2832
31527 13604
486 23595
6161 25307
2153 19178
17722 23873
20139 15855
20378 5475
8673 25858
26592 10785
23382 14106
29943 3209
23578 26706
1133 23947
14026 3392
1077 6005
1821 16143
24933 24223
11907 4016
8290 10541
18415 21736
16517 1188
30461 30363
30528 13655
24853 339
7590 23710
12710 31032
29369 3371
20281 12274
11247 23318
25864 29561
5565 4897
12096 19269
8235 22168
1350 21884
21629 827
2263 22862
27514 5803
11918 3561
26679 30979
25717 15065
21377 6669
12802 12277
8923 10204
3879 19108
12733 5556
2994 29375
22924 835
21727 6086
29860 5707
18580 17023
3380 9414
7592 11246
7957 5072
13177 11633
25207 21619
23709 22547
14747 23635
19161 3700
31256 8428
913 6776
20911 27677
5358 31203
20533 5531
19894 2372
23870 21997
24727 12029
7006 15333
25435 11570
10170 13468
5380 12903
1815 18507
28049 29384
27211 13091
19995 9902
7799 30469
21867 20001
20358 4229
3086 9870
20456 7011
30000 20753
6516 28971
12239 3450
20116 27743
846 14294
11860 24074
6787 30916
4466 28529
18414 18494
3791 27293
14896 16474
12918 3135
27747 4335
22304 4535
18084 1373
26930 27524
20172 19703
9573 3571
28245 13294
31226 18046
20213 3705
6262 13916
5525 17547
9452 20262
2843 14641
12089 29865
7267 27425
11865 9724
1537 30822
22453 3410
25751 8036
3520 11791
20850 28223
22380 20727
11371 18828
25038 2441
5221 14156
30760 25831
14585 28518
5649 21053
21280 27064
29306 551
9005 2620
7022 20939
27688 1712
24409 24512
21082 31319
3014 13648
12996 23539
12360 30472
2890 31522
24565 23722
8309 31704
12464 30395
9787 15705
28439 11194
29715 4454
189 14704
24693 4564
7536 24723
26597 5619
25642 2913
2297 10960
25834 22301
1910 26436
21490 17649
32103 26285
16278 18477
9659 14629
1065 822
14659 24295
28658 12766
787 1713
3740 19299
26420 19441
12880 17508
16588 1523
29758 14322
26979 23902
6592 21963
12449 8870
21871 22966
23876 26302
30227 273
8481 23881
9670 3044
6792 23146
20048 792
3393 29529
10438 11318
18773 26120
1750 20006
14004 8415
870 18359
7939 29754
5979 21121
30568 4523
4609 31267
27973 24625
6630 13947
6010 11293
23023 17899
30765 24089
13123 1440
28925 8825
30249 10250
13055 3745
13427 1740
19065 25079
1080 9457
31439 29976
17104 16883
30844 11673
20766 24763
17243 19848
8306 6939
2635 6815
27322 8339
3900 10585
27484 27770
9942 15234
1475 19524
18530 26540
10801 8560
28771 31291
13257 4553
2073 8201
8802 16557
30229 24782
2361 13437
31503 12061
26403 8283
14804 26638
7312 24237
8813 8540
2840 11186
29100 6534
4297 4808
2609 11654
30794 12351
17024 5964
18161 23219
18410 23205
501 11984
30211 15220
5722 13447
297 16233
9044 8134
21835 10035
8277 29723
28953 4914
17289 22067
30085 21503
13282 28030
1464 25682
21693 31462
19446 12511
28480 23305
6684 21766
843 22187
21423 17846
27226 2599
11425 4363
10552 9205
12677 31104
14964 3867
10595 15077
17580 19316
25930 23188
8578 24451
81 30846
9883 31329
30403 29254
11552 26154
519 29304
27487 27290
30491 23310
15540 27460
27200 2546
24713 22112
9361 23261
8300 7334
6811 25401
22131 6595
19408 13510
22661 16781
29365 29386
8007 32072
31698 5561
1703 27651
1043 19503
18859 14139
17642 6795
5076 8517
850 4422
2869 24430
29515 9145
16335 20963
18878 31380
9280 26509
28819 23959
1733 5228
2907 2807
21397 3805
13607 2803
23001 9922
4430 3771
31836 305
14179 30934
21164 19246
18133 10357
28892 26183
23777 11667
14139 18830
8010 13530
19678 12505
3707 19011
18662 17182
15967 30010
12355 29825
22291 2525
13239 2211
12990 7253
4842 5991
11326 26425
15697 16991
11817 6954
2666 4357
9776 27145
18637 1058
25237 30522
4162 27059
9746 30157
25510 27707
21944 17017
30697 11801
25792 12867
9379 12375
15270 9767
19306 9551
5301 28992
18681 5015
28440 1615
26751 1745
14811 9457
16614 14885
3074 26605
9240 4209
22796 1410
16714 19711
17202 16410
1870 1442
15842 3660
12982 11158
21206 3691
20689 5459
17737 2101
21226 31927
1362 6085
8071 21062
17884 11650
24404 20039
2496 27091
13250 16967
3253 12812
9280 6295
14819 2656
6097 27358
9647 16990
23562 11687
18757 8650
922 4248
12082 14245
16484 16171
10480 27765
17599 15015
1811 496
23525 26904
1091 20124
23485 552
11796 11876
18170 3723
22877 18390
8040 18405
25845 1637
3465 5757
11409 15251
14838 26710
24046 27709
30647 1089
14293 31617
24844 24353
28115 29043
3992 12778
17121 25159
29998 16259
2961 26592
1241 11022
4108 17616
23568 30694
17878 18381
23010 18209
4696 31402
28636 25472
3003 14451
21783 5748
13147 2791
11872 27517
9986 19581
11088 14367
26995 30929
7313 5164
11108 24936
18528 5891
11080 4345
10303 31115
14331 23036
19402 2806
16710 23162
11740 13697
17427 2294
9637 4455
19362 2193
26563 27808
3091 14
23701 1932
15616 18262
32072 1064
28220 29041
29657 780
6526 22665
10435 4387
16606 12618
17296 11887
16125 2526
16939 15995
22552 21103
25398 16866
27427 5638
29342 3076
21831 25434
1707 18625
31966 8660
25570 4121
19622 25046
21501 4387
6156 25128
932 13933
21701 850
24110 9161
5251 32086
17744 12172
17229 12702
27994 16110
22750 24869
17218 1108
20070 21944
26977 31210
21143 26846
19374 16545
29346 28635
4616 11060
7790 18377
17532 19921
8787 22782
6592 3072
16529 22626
2587 21571
28084 2869
9399 21841
5090 2933
29575 342
18658 13047
9634 14944
5810 29375
12620 6322
7524 14822
7980 10744
28909 16959
24309 14971
14077 21924
31248 28134
10733 3380
4658 31035
12394 24104
25076 19495
19532 22376
23617 29222
8905 27827
4638 2126
24690 22805
3518 7246
31547 5150
14650 15360
30476 28696
30682 22428
31935 7007
471 8564
23804 9167
22926 25368
4412 16188
8499 11743
27798 20388
31163 14137
32125 18984
30363 12496
26101 9356
5809 19483
12330 17346
6821 16622
27021 4370
14209 8590
272 24522
6496 19209
17694 21848
9239 18914
21682 5762
8685 20876
21154 27466
29287 22746
14678 8565
8380 8141
29485 855
3688 18330
21995 29058
14921 31659
25763 15570
4182 24303
22291 5947
26607 28179
23077 4847
7051 1745
31742 23282
18195 23244
26859 25810
6506 1309
4918 20662
9112 22813
22967 12944
10305 25593
9494 27016
19966 13030
28924 13077
2710 10137
5494 29953
20831 19646
4815 27795
6248 21565
1267 7075
1227 3693
25052 26047
22413 28612
26330 23504
29021 10444
6644 11850
5179 27107
14182 28085
27246 11811
10956 10572
25660 8126
13279 3466
24359 19039
29296 25434
30936 23958
6571 16824
14699 3520
8453 11555
32166 7612
28373 31236
10999 31108
7266 7356
31866 6050
19548 10776
17183 24394
13889 11474
248 25558
17504 29708
6573 12888
2296 8308
18953 9848
27816 23623
16952 6980
8134 18103
19877 16504
29853 370
10007 31695
31969 23596
6120 7936
29818 24721
28427 19398
9811 1378
6109 20240
18392 28502
31935 20176
8306 9465
28944 15496
13196 23980
546 22011
5690 3928
10329 2138
19446 31070
524 14373
3342 11856
4266 1341
29073 27970
8043 29479
9166 22917
7313 11702
18208 26997
30611 31520
19226 27729
22705 2609
25917 25845
19767 7729
26333 29937
20401 5265
19457 10815
11780 12621
30322 29039
5823 13611
28575 19814
19229 11541
11543 18971
13282 23879
18354 13460
13834 8584
2553 4294
6243 9807
1341 14601
9859 4841
24749 28051
4661 4911
3347 21603
24113 12231
411 31698
23939 18592
100 30876
19039 602
26204 10533
27304 29518
26955 16218
10073 1074
14414 14647
27351 3476
21367 30965
17476 24512
32010 21729
23883 4382
4546 667
16412 2199
20187 27573
10634 19671
18677 11304
9814 21416
27599 30567
14903 12747
13233 18274
17074 28563
28753 21032
26499 26915
21945 12357
11812 21450
29708 18963
20330 18971
14 31774
14088 2856
8741 16522
5967 15242
4031 27968
26977 13059
18543 31033
28531 6582
5186 21043
132 17312
11022 26953
21 31295
26478 14100
13202 2143
15559 32088
29045 26843
7968 11169
20579 11963
17102 12144
25133 2246
31781 15823
27856 876
16789 24434
22587 27920
10074 1669
296 26699
19393 8141
4203 5504
30593 6971
15388 12566
4514 29289
30916 32165
17673 24393
3389 1278
26946 3760
12246 24149
9344 8970
1621 19885
13435 19457
9715 11472
31931 31783
13858 7536
19319 277
3792 29426
30782 24650
8299 11244
25876 8886
21181 11331
13397 27367
32083 8370
17909 9646
15860 7679
11753 2631
9763 31667
26236 30374
28015 11580
4265 30619
8156 19202
16921 29961
29343 22916
20903 1059
17264 848
30829 30921
7639 12993
16584 17864
27910 14941
31936 19124
16947 27302
22495 2818
15721 31432
27596 2107
20508 23814
28825 24735
15748 13687
3971 17650
12834 6179
20861 876
33 3667
16499 22321
18884 8867
19721 18520
14242 20525
1290 12435
26611 10332
15390 26396
30053 20568
16517 11515
12397 5392
13977 24042
5153 11156
12322 21531
10552 28371
2280 17112
18792 23556
2515 10948
10076 14248
24317 19481
4185 26698
19966 16936
18788 239
6105 27326
27326 21197
8708 9377
15736 20919
16398 10085
8928 2814
7425 14110
31136 13754
21922 23768
294 17266
8233 27892
8041 851
28716 12386
8806 8440
16137 19905
12211 25550
31634 25970
19866 6613
9618 29837
4860 28202
14666 23772
25999 14682
22312 8563
22622 5037
30341 19122
2046 26687
26964 2713
21755 6202
15146 14879
14300 10633
3662 3626
24118 27931
5843 24842
12649 5978
17382 24855
12284 21632
13999 28486
609 30931
27113 21818
26418 21835
4155 30407
13386 4483
24833 24995
14280 17231
7092 27367
10681 1810
20670 25592
27579 3142
9621 17985
24451 11869
16396 10432
5894 23961
13438 13673
15321 6776
5108 9734
1687 17950
29080 3850
21608 22363
9754 30748
30269 7699
20728 4907
11645 15725
30739 3729
30477 15114
14741 18448
17530 21858
4796 24525
4192 29581
9982 5893
19055 5410
3090 1544
3849 7140
5663 17553
2627 1992
12799 7165
9413 18355
2879 6403
2529 32038
5873 22442
28723 8146
289 9737
3036 9242
21388 15280
26524 27297
10300 22093
5469 6007
15464 30886
3784 17510
19028 24782
27963 21526
22011 18376
21504 27637
11842 18501
27436 14290
917 6104
17893 8722
14701 4902
26928 23052
15167 24744
27627 24395
17838 3424
8301 6815
2415 5321
31774 25961
1902 14143
2138 27182
27475 31704
25516 11940
7337 29892
12024 12944
21232 5170
20809 24319
30616 18448
1460 10264
25528 6329
526 31914
640 19473
158 16869
26791 27519
15391 17293
13088 16093
16018 1760
19003 8886
19910 9378
24820 7939
29077 23718
22178 14821
17854 21742
26255 6696
27592 19320
18429 28993
18133 16153
31186 11390
3061 4556
28906 31952
14737 11712
12222 5223
20313 26638
20039 882
15119 6883
29280 5098
4253 25683
17336 10028
13685 4969
16970 15148
16989 25286
3996 15151
25513 6314
8487 21853
742 23394
9023 31206
28779 25607
31788 10809
21073 13223
19806 15684
30655 30854
4122 8015
20874 22183
20562 11702
28490 4572
9074 19408
10342 16927
19582 31990
24772 16659
31342 25370
11136 19519
16232 17067
20493 14827
30243 29676
1187 4856
14246 6539
30170 10314
30740 12418
30914 17430
17938 18835
7839 18081
12059 14699
18209 896
10956 28834
14206 24341
9887 264
5078 25988
30926 2713
22796 23260
3213 26153
18753 22373
20083 5987
409 10287
684 16080
9447 15360
18643 1997
23381 23429
4739 14070
15746 31493
14290 20231
2960 9672
11925 16986
22754 31059
12697 18557
23803 12614
5690 8190
30932 11992
493 7672
16750 11257
29887 28152
12020 25449
8168 30985
1403 11697
3055 26167
13512 12391
4035 14004
26185 8894
31819 14642
30912 19219
31435 523
23662 25598
6392 31973
5145 19690
30694 6100
13890 19162
3450 20087
24832 20047
27869 17870
8285 27533
11550 6722
19430 10195
14591 25880
27490 8769
13337 1098
19396 12673
8698 23509
22795 12793
22861 7738
22586 25042
15366 31177
13386 10394
16253 8663
31445 2183
4150 13694
133 27482
9308 2418
5432 12805
26858 29734
6349 32049
27505 17853
31617 30403
14962 22850
9044 2303
28495 18582
21407 10848
9856 14235
23036 2019
4858 18564
8703 7971
11726 7191
19368 25193
5551 26894
17479 22471
10882 10293
1726 8180
2877 14274
30508 6299
15091 3819
16190 2618
9839 12776
14359 19270
29981 12091
12348 22480
1560 11569
16241 17071
29050 18406
9789 21104
12722 3388
28681 6632
11325 11060
18953 5579
13388 18373
20853 17842
9348 54
11612 4397
25697 20776
4539 6199
7053 25109
26567 30343
13724 6502
29132 30470
13250 3304
23762 3073
13132 11076
13016 20766
25145 9722
27371 3970
25627 12877
4803 23471
22273 13290
22053 16129
8206 31779
8785 9708
27694 7126
24664 2002
6338 31860
5798 21969
2458 18785
2180 19562
13366 31695
13809 5403
6329 13515
4811 7416
12906 66
1745 17618
27221 14578
3175 2152
16759 22420
21429 17275
12091 29899
24973 1304
28344 13430
23115 182
24017 10279
22547 3430
21463 15708
13255 16023
10331 6576
12469 28998
5582 26434
24365 16631
21820 12690
26796 8992
10402 22291
30629 7296
21134 10998
17464 10500
25387 760
7918 28408
12486 28239
4115 17152
12424 13885
9015 19472
23317 27137
27588 13690
8553 29907
7233 14943
31476 8496
16401 16182
15761 27310
9666 28108
4830 24499
28690 8618
24766 29658
25956 18725
27975 9937
24389 624
6592 3010
14871 13324
15924 248
20686 7342
20589 18349
10997 28900
29269 6680
10448 15836
30509 6802
517 24748
31106 21330
2366 3050
12521 12743
14009 9293
10902 25700
24262 21591
15233 4036
9203 28192
31635 23820
28095 6389
20860 1672
8264 15490
7833 7523
28958 21437
16324 23989
3373 12194
12522 1856
29990 6183
28786 18590
12097 7546
14930 1083
23920 9411
4852 29422
31523 3150
30550 16454
25603 4629
32092 18739
26323 1597
29746 15118
3317 18650
3058 14839
13428 1020
11148 28162
31318 25998
8142 31211
5553 19462
13834 25166
6381 3740
24749 4176
22176 16185
4104 23420
10912 31267
3049 8066
6782 2703
30325 4605
2709 25635
5621 16256
11530 12653
20885 30399
4223 3487
28758 9752
12164 8583
2778 16467
5846 4742
19198 32024
21263 17496
8339 21818
31796 3438
27852 16145
8520 9428
7790 5219
17020 24560
28131 16254
31500 18450
21872 27937
24081 17437
6460 13708
10224 25962
12856 26031
5922 14623
7092 5797
13022 20123
28833 24741
14564 25827
9599 13671
5322 14433
31440 19008
13038 11944
31680 20151
2724 7659
8599 27590
25001 14106
5404 30903
25739 1781
8235 10411
21527 781
16932 2310
31107 1766
30364 15736
31538 22611
21951 8509
23888 4839
23422 28426
13419 22004
7491 27088
5807 22443
9778 21819
11554 28388
32093 22529
5416 6966
30544 26509
3501 29779
2664 4479
21131 25217
31274 27767
30732 10685
27092 8799
11094 30624
22626 23807
21218 19670
14958 4935
6990 14602
8774 32040
20829 7132
10843 13858
31398 23812
26375 20343
23491 5837
11544 31802
24375 11387
28521 12794
11895 27154
970 22998
15282 25090
24912 20369
1771 18698
18396 17781
28969 25710
29619 29074
83 28535
28909 21078
24071 12634
6950 15458
28838 26518
11533 28570
17449 30695
28142 13728
7858 25146
9932 21798
20775 1950
31724 13716
11365 3891
14022 27046
5218 6388
28179 3338
30825 2589
660 9195
28723 27120
31790 1765
6371 1308
16528 14870
3010 13997
7221 16476
29495 4321
23477 24193
18006 23216
1477 12619
8887 22362
24648 11412
11664 30977
28488 16328
14120 7492
18028 5524
4367 26997
10314 23860
29781 23683
8565 5206
30240 26446
4564 20644
13695 13162
11418 23108
11169 4889
5828 12680
3251 32003
11364 22977
20405 25547
24444 26874
1068 15234
61 23032
22020 16789
20734 13157
5151 28271
363 18486
8761 77
27664 16229
25150 26187
7019 3588
28145 3712
9049 23261
18881 14982
32111 4153
14924 31672
1457 4026
1513 3387
29336 30535
7926 11834
16954 13073
24924 23726
25416 181
8218 18734
19972 8693
11286 27525
12272 2451
15809 12347
31867 14825
14350 21048
21067 16396
28176 25703
19552 10187
15096 15337
23720 8823
12051 14888
14011 20557
450 9034
1680 786
9626 439
10622 15534
4029 10975
3713 20527
27771 15554
19271 21873
19938 30598
8674 24351
16142 24073
31370 3280
30608 25707
6700 28515
15050 27251
19038 14079
152 13312
6544 3807
13006 23178
16779 10627
9889 30879
6705 15676
30779 1908
3703 13687
5935 10332
9252 29794
4153 10170
31399 5312
30705 14705
