1447 28519
3901 9229
2551 16991
4499 3722
5676 10812
25993 3496
19764 18862
2769 5949
27561 9496
10125 10046
20066 13823
20470 17757
24039 26937
2402 4390
206 27889
23238 15747
18939 10446
20258 2398
21786 13149
9889 27283
19948 17459
26012 1106
15277 14929
8517 25616
22261 9326
7676 17986
24494 14199
412 19265
3729 22002
21969 18933
11982 27007
7692 6529
8095 7954
7335 11546
13769 20594
2744 22377
24517 17324
6742 17563
4581 1547
23079 3421
27011 18265
20241 17842
2482 13304
5087 12600
13217 19242
22663 18498
17301 5882
25816 23098
17145 11070
20227 568
26467 26233
8507 20371
753 16324
9556 3215
21998 692
5634 22623
9458 4314
25710 6300
9124 19393
1445 17709
21072 27449
20139 22020
20515 27856
28140 4840
10984 20585
5383 10468
25191 11376
2553 28315
12681 27350
3146 12636
9315 28493
16392 4160
27354 12581
3569 22915
5505 13799
21929 23194
27110 18197
24455 15612
11977 24998
17862 23717
25972 7426
2125 6614
17942 8524
17348 10564
24600 23550
8942 23220
11078 25616
18781 21320
7082 11067
22989 18859
22445 17600
17793 4710
7002 27322
24297 3736
4788 17662
5499 19113
1261 26648
4139 8689
24293 14681
22719 9885
27726 17816
7081 5460
7393 9666
25946 25036
23389 19137
7720 7942
22332 22103
18703 16394
530 16425
19672 5450
23371 14975
15570 10202
15950 20658
22059 16131
2405 1060
12639 20455
3429 26037
23241 18054
25731 11114
16913 17256
22678 715
24157 4097
4866 7118
11460 18380
16132 2796
3519 13768
3767 10245
5802 21926
24963 14517
18275 4407
25942 15981
3925 25224
11488 19838
16142 7227
684 7599
25020 20078
14161 23533
1772 15410
15042 5219
27202 12017
23804 5075
14411 24778
18938 4102
22210 17894
24616 9145
10617 5898
27320 3613
13347 19845
6150 17882
1587 25954
18063 13821
17772 24351
22525 12946
28283 251
25343 466
1415 21500
14739 9256
26739 6098
2151 26871
25297 11602
18374 1085
18342 27364
20389 15049
20704 18563
4453 20315
882 26184
22431 3343
25558 606
9992 25414
4644 22270
19651 8436
10828 16883
15972 2513
26289 6431
2098 24920
14011 2374
12525 22550
20961 19877
17573 24452
14246 15555
4763 15805
7113 1078
15515 13663
18830 3833
2722 13338
25769 25540
10240 23160
19447 10916
14619 7859
14495 14716
17583 21549
4418 12205
13310 10269
21958 11693
18252 21630
15040 16570
21266 8921
27287 22210
11741 3869
12283 23282
1429 8906
15408 28195
28057 3005
28417 17868
4773 5440
22910 12743
294 24412
12713 3229
24241 23501
26416 9449
2081 10562
5784 20205
15312 11129
7423 17207
27058 20209
9137 25360
2281 15836
5712 24148
25565 23484
21763 13471
596 15496
4426 7999
10495 28292
24970 21885
13067 450
28021 19905
8481 6802
27394 12016
18159 9748
18841 3551
7580 1751
16987 10841
4516 20722
20213 164
27910 21468
632 14768
13351 25198
1870 5068
22669 10848
10317 6036
16070 374
11833 18403
5585 21527
19752 10623
26872 26295
13111 28496
3324 4714
19108 5946
23023 17311
1254 24265
20399 15432
10335 5990
22957 23318
3928 14213
17074 21127
7616 9144
16692 21289
1359 11704
11493 7528
11026 4526
19922 6747
18735 11221
371 10982
15897 7198
7028 20718
22380 17681
28179 15055
22025 17178
711 21469
7834 14449
28180 12520
21539 21862
7002 5603
4630 895
5687 5804
8108 15122
19944 25408
3054 16148
1747 28235
13523 23747
26980 4665
27237 27113
26508 18795
25450 8292
12263 21171
5049 20284
3475 8326
1143 2124
21758 6897
18104 19781
7740 612
6396 22414
25429 18284
18841 6573
4807 11313
936 20648
12086 8539
9534 26406
25012 7810
21757 10673
13139 1097
9879 7787
10199 7703
1113 4817
11685 26090
25371 23683
4332 182
5589 22053
14895 15389
19140 14151
7028 10712
1377 24295
201 3288
26994 12420
5972 17574
20540 15749
7528 1506
20983 14436
14386 13930
11771 24891
8766 1212
18641 10864
14864 18592
21027 4016
20902 9766
23955 20649
41 22537
22440 12494
23161 26823
10566 17511
335 20749
1626 24869
26713 19543
28397 16298
1967 6142
15070 20232
7842 21688
10194 15179
23240 2959
5419 12492
24994 1608
7651 16455
22588 20226
25906 5914
23041 20101
16671 1350
23325 18565
8850 2415
600 15459
2262 27884
1738 3392
5755 20030
26602 26850
23536 17643
23289 5677
26896 1916
16913 28078
18752 16103
10737 7159
12346 10880
14855 3958
10326 2016
310 19401
4868 2524
14736 25139
3949 26733
25374 7609
8345 9390
4321 16316
15209 19344
18764 26653
22393 3481
16521 13782
6053 4259
24553 23783
6301 18240
4741 27705
25157 6399
19150 23014
13671 20873
500 18634
13570 1787
15942 23549
9086 13081
27248 16448
3168 25569
13467 2906
4478 21462
26556 11579
26575 26925
20124 23463
9642 11351
20458 22374
14909 16861
6688 9263
4937 21794
7722 3311
19688 24716
15109 18900
2678 21930
17414 25391
28039 11658
12624 15474
22689 1668
15566 5966
27638 13029
13397 5381
12843 11055
19856 17251
10259 270
6666 6423
25453 5212
24820 4956
8213 14425
13181 24161
23735 27937
14000 15418
3673 14367
5815 7101
28306 3937
17584 28479
19275 10046
17323 12709
14826 16479
7724 20429
7691 21751
18565 2852
13602 2468
3244 27990
1951 21266
4585 16992
17115 1909
6125 14493
22012 13286
6765 487
11053 22619
1156 17850
17291 8192
12310 24606
16036 1228
27468 1382
5115 6904
26313 4107
18947 25011
5522 22613
26606 6959
8147 16445
20206 5883
8701 20632
21176 3731
15027 25232
17568 20472
26061 17137
14471 7954
18504 13160
16870 25888
5518 6519
19037 23630
13618 21264
7090 25650
11622 14739
8150 3308
12745 4430
12109 26184
16569 3288
10498 26751
7308 22730
3504 14643
25127 3564
12401 19491
10416 22892
3552 21323
8077 26811
23096 6029
7227 1540
1848 11584
24260 1638
5057 19101
18483 25743
21715 10775
14647 17516
21979 4853
233 11307
7002 19377
16791 22964
8287 7573
6893 7342
12023 28099
12889 4561
8053 7950
5067 14429
27164 26901
23405 23270
4587 27629
5743 18004
22401 18792
27771 5723
891 14707
10475 20688
22034 1806
13717 21268
5014 3856
18160 14057
9959 6901
10571 9101
6060 6062
1118 11318
21470 24538
20270 20040
6700 22080
372 13261
240 2445
8089 22963
731 20258
1871 17885
4131 3222
25840 14315
22588 10125
4380 10799
22027 25511
8861 1456
5104 21447
14804 27633
27255 7318
13370 26184
14429 7040
18294 26192
4195 22345
10258 15893
3786 16867
16663 6880
27099 8002
14511 5073
8328 3774
222 823
17206 17570
21173 15161
1620 19499
15658 24638
14246 23706
1096 13402
9188 17040
1274 23061
21814 7734
17895 9575
5043 14072
11666 3223
23671 14620
23735 884
20731 12333
21412 20278
21636 15146
22475 26842
26334 8304
26054 24934
10635 23735
19055 17405
2507 28148
18026 14295
19277 17921
24366 27724
15307 12958
6325 13845
4896 13004
13560 14689
1392 4697
21310 11306
5769 21661
4688 13170
10147 1797
17000 19777
1919 20155
15625 25663
20090 2257
4590 21896
12650 26438
16065 11318
5294 23061
18741 18582
11858 6127
13772 9538
4560 16893
17117 27053
18542 874
25561 7807
8053 11011
896 17548
12043 14488
12289 2553
14957 26563
11134 13553
26626 19612
12103 22564
7305 16949
1350 12838
10013 25184
25684 6946
350 15042
14810 3937
4663 8997
17200 12997
20739 28385
12814 22251
9257 25205
17314 26651
27032 21692
2219 22537
7487 28187
4422 28012
20575 5631
773 22216
6205 337
23517 25702
10242 10729
7492 12349
20267 2513
14389 15335
7671 24989
8114 12273
18978 3643
12140 14043
836 7754
16563 26511
19717 5721
6584 2837
25918 12989
6462 7879
24400 2822
1388 10260
22820 20088
25409 2756
89 19166
7744 14289
1002 20478
23343 8863
962 21234
3734 26060
23360 9480
25926 20256
11071 14251
10532 19340
21267 24289
9473 12424
17180 18367
24798 13479
25323 6336
7403 14256
11536 19687
23551 19251
20010 22940
15337 3156
13392 26539
27627 10256
27602 5712
26210 2928
16041 27358
9806 6929
7456 7850
22055 10013
14 19826
1007 9
20634 9705
10763 18810
6591 16248
3885 3945
1320 16316
6418 17877
1803 1012
10951 22238
7973 22407
22018 6327
12376 1499
10646 6442
17963 11698
3970 18972
16763 7224
19612 18283
27458 14908
4325 1252
21366 20896
777 9231
1228 17361
21735 5666
18577 10239
3534 6611
13020 22883
17752 5337
24595 27107
13618 27292
9330 22698
27282 20486
7137 14703
22114 18655
27182 12162
22583 19101
19116 24309
10393 3109
17818 46
8026 24793
2226 18427
3768 27654
1437 27375
26512 23261
10425 23796
863 6212
23782 7569
26005 114
25221 20793
14029 6992
14242 11923
15902 10126
5961 1516
3455 26438
13158 16670
1961 20875
24981 21376
24465 28499
278 27722
18630 9240
21604 26261
2768 26727
16388 8741
9617 17574
19221 24094
16691 23279
18566 18630
7253 16150
27938 10204
23367 24424
15323 21181
11566 27910
28300 13287
14002 7887
25446 24134
10 16569
17161 18178
18722 5550
17851 24398
1939 9886
20254 24630
7096 23543
10318 25572
4037 10657
2836 25403
23606 14956
19153 16115
15000 1488
8831 25504
6685 3006
16965 9926
2272 18659
20314 4421
575 3409
4733 5692
12448 6774
18043 2280
2330 19251
20902 7364
10759 15450
9459 5022
19058 13274
14230 23905
1741 14176
14910 16684
9404 8350
23507 1081
14245 14541
15835 15733
4756 5577
26285 6370
9227 26566
5136 19831
24904 12021
10509 37
6222 21087
22460 23870
15987 8749
6839 19868
6985 68
6167 18170
16251 6840
27912 9209
21862 11869
1199 4199
8860 18520
19029 26046
27498 19151
19796 20144
22120 12018
19040 25272
2204 23798
1019 8561
762 10821
12135 23661
27486 8934
22364 18440
3071 22965
4568 7728
1130 1176
15442 4812
19300 11740
22413 14441
4051 27128
20328 8967
10938 3616
5213 6326
7330 11195
11068 20984
2442 14662
858 17627
7082 23409
413 23267
10944 11128
26293 6773
10788 18636
21796 28168
2399 18920
27051 19709
11124 3162
19252 10470
12520 16999
7629 22090
17604 10974
10312 7696
18841 3967
2385 8674
23661 20454
22642 25377
19792 15838
6189 16778
26845 4767
12230 22228
114 26634
22378 12818
2579 18369
10589 8906
26832 23718
22022 2844
559 6497
7646 26338
20507 13872
281 9139
7014 28468
1865 20570
3859 24265
12652 16585
5238 21486
15513 21859
13009 15777
17726 9150
5063 22641
6860 27145
26668 12519
18508 17509
14788 8215
16339 13496
26577 15327
8150 10160
23506 21463
6190 1573
4353 2386
14522 15154
27552 5064
3671 2068
11781 8640
18054 23966
25228 62
19158 19446
21792 4966
22815 23581
26349 26536
19716 1238
13494 24747
1231 15572
22950 13541
12493 25474
19788 13130
27405 19847
18432 20192
8420 669
6968 7439
21420 24109
25485 24571
14411 12927
23567 5500
10783 16999
11225 824
5301 17259
21716 10306
15752 17816
20395 27255
4800 2390
10062 28022
21441 15353
15171 1839
14532 5415
24829 222
4263 2043
23931 13243
2239 13164
16187 28487
2416 28243
18084 11270
27754 3820
6192 8441
14129 23676
22518 15419
15550 13505
4987 25910
13885 2010
22247 20247
16707 7133
18865 3601
4434 27240
5774 12972
2360 20229
19511 19857
6321 3237
25858 18564
4739 15833
6080 73
7018 17093
26073 2059
3198 24674
14473 4062
3221 25793
8643 6136
26763 22093
12562 1200
12671 15106
14856 2121
17369 12652
14786 25443
18233 3754
16204 20286
13711 1110
1898 24588
19499 9101
3417 2579
18729 11504
15542 22460
25252 7034
20104 28448
15129 23877
19230 28179
14207 6768
10640 20386
21218 20326
23347 22470
9743 17235
7845 8420
852 6066
4286 15744
16637 14936
6866 9709
3353 13960
16631 25757
25848 8955
22664 14954
27864 27455
6793 25519
25352 11762
16946 24808
20753 23255
23662 12729
25124 8374
13907 4815
13625 17002
26705 20123
3492 17112
21605 14584
5281 12070
27531 19673
23562 6149
5202 16048
21177 685
7109 13985
11320 18178
14733 20840
2921 10067
2826 18959
24446 17400
10371 5705
1160 23296
26829 2952
22187 28089
3041 9935
18510 18582
22609 8673
11332 24573
17836 12292
14083 15574
6570 3041
18410 15780
16376 5489
12887 2031
10567 15734
666 3283
24585 172
10921 25549
6848 19137
17968 24660
3445 26938
8471 12051
10181 17196
9186 27545
17978 19836
4056 12936
24288 13453
24662 18401
14279 25552
16277 20542
26781 11746
960 17699
16836 11667
11885 27356
11468 25406
8517 736
18018 18281
27672 9646
159 18241
88 11030
1657 4945
138 14766
10940 16195
3739 2809
25065 28020
11266 12837
4368 21360
15264 8173
27218 4828
5923 22296
22684 14078
27583 24391
27693 15141
13024 19741
22352 26199
22537 19656
16090 23813
8302 8940
28377 9236
24786 1385
11146 11325
497 17305
27249 12001
25216 22131
16190 8830
17751 15266
19838 11667
5991 19580
2179 22997
8538 18240
8140 1320
22481 22339
27313 16957
2048 20403
25974 23362
15953 16640
6392 22312
22109 24001
9834 17980
3756 18543
16650 1309
12049 8342
16220 518
4363 23079
17936 15984
19437 19241
13077 13560
4176 22193
22729 22026
7369 12762
2823 979
23588 25390
7282 3675
4539 20001
11776 19544
15053 23341
24602 21238
17781 22192
22467 5672
5011 27329
17456 26628
1399 9920
25580 26119
13347 22454
21164 5282
16061 3763
23674 21414
11383 12901
4871 13706
18694 5328
270 21012
27799 1296
4629 24930
11074 4803
22047 15199
21490 3398
15914 4968
13909 15897
7147 21918
12986 13410
14271 25694
13025 21249
27807 25598
21438 27326
4385 19369
5932 9877
7926 21103
13583 21079
22522 5844
6671 10913
19876 27091
3172 7960
22808 3376
12473 10051
14507 28221
23073 2548
26424 21006
21352 24455
1613 21521
13196 24110
1127 11947
21464 7928
4715 1586
15207 27439
11571 12875
9219 10002
7919 27946
16575 13558
17772 4660
3960 13754
6384 16677
8073 14474
19458 3122
7222 2732
24018 27174
10211 9889
7348 23939
5173 2329
14747 28019
28452 10766
4797 22234
4941 8270
19610 11508
15319 2660
3108 17075
26486 18431
10987 23047
15012 12383
4999 28110
12445 12317
24375 16306
24714 17168
22601 15334
25191 5853
20742 5113
2066 14111
20875 11732
11230 25037
8424 25660
14433 24790
3963 9034
22857 25432
18333 18979
9829 6584
8943 1071
1728 16818
16073 15405
13248 15567
15095 22879
22703 5651
14041 14196
219 647
15941 13143
10062 5388
17768 11359
16078 5377
8593 17483
11168 3387
16840 3218
19530 27359
21595 15092
14107 28432
28244 28212
6516 21817
14202 3616
24574 18746
1633 18492
21595 9350
22967 17024
1833 22657
26860 5213
8240 28266
20648 13611
26805 24983
9273 11475
20102 26506
8865 13591
22786 26288
14464 21403
2403 5540
23848 27234
27552 10969
24874 22271
16287 27662
5112 19607
14033 16284
19120 10768
23069 11611
28385 4372
21027 10309
2596 19697
17228 14458
16623 20042
8288 16859
17991 15793
6040 2013
24866 19306
17161 19360
22192 10078
25797 21575
28290 5727
18540 16784
28030 4821
22809 7961
21234 20940
22024 17753
5296 25279
23741 1352
10951 17656
26600 26515
9569 22098
23811 12323
15458 8257
11642 13828
27747 11926
2994 25771
22720 12881
1578 3563
14215 25156
9617 14007
8696 11756
18070 25994
5791 26790
15502 24665
3477 28433
3983 190
1161 4267
16634 18962
16498 19437
16368 5843
5710 18085
27869 1994
3000 17405
4811 11464
16705 21354
18548 5064
27440 16493
16035 22085
19670 11575
26840 3428
18621 25786
26416 48
7631 15834
6586 24316
10417 2737
25311 19575
23008 7251
19224 27665
6400 25503
18711 9840
17622 25650
10415 23587
28454 23635
26988 13223
14028 25443
4926 7887
19645 3022
14436 28062
26642 2029
11624 3853
2318 754
22521 7984
8271 13813
24108 292
11804 24785
10907 9266
24701 14668
24521 22097
4117 20065
17833 7782
12951 25747
15552 12635
23773 6286
21255 18021
14720 20807
15336 22719
16147 16168
1970 18034
8404 22191
26858 25816
9414 8707
4641 21913
1342 624
10235 230
25293 9788
12560 24406
7805 1256
5891 6612
2763 21863
10151 18964
10872 10200
11405 24916
28487 8795
496 12658
4652 13984
13410 23241
16606 1895
8807 27060
23845 4431
2609 27437
8777 21205
10842 5934
26926 26176
17466 14423
21080 23163
1567 222
19913 28164
9165 20027
4773 21106
9124 16026
15575 23626
22192 17199
9362 2055
9629 1087
10016 18285
19497 27767
5411 2755
27997 829
17465 943
15995 6289
19014 14942
11569 25306
23985 15680
5075 13340
19893 4592
7654 3891
23893 8444
17644 22222
5057 14043
3255 18878
20383 14561
7447 26554
4799 18383
23905 7666
24926 28280
18732 25537
12489 1906
615 23505
12207 27755
9941 3164
6513 24519
20053 1899
17998 1402
28394 1483
10966 22567
25673 28293
5596 22718
1558 14762
16269 10806
6784 22120
19257 17125
22863 9616
4557 1804
16239 22615
23760 6843
18750 1812
23998 9410
24646 22821
7829 11140
24433 16754
21669 8212
11745 1587
6163 2136
28134 3426
13902 18397
21898 14248
11721 1888
18423 20152
25441 23593
24621 3412
6420 10727
16563 8895
20537 27480
13932 6744
17496 25029
13068 9885
10374 1452
14704 14995
8451 5071
25272 5005
9973 10917
3432 5295
9282 9659
28341 13315
26876 2241
7585 715
23466 6132
18560 5603
2707 11499
4728 19230
21218 20417
8580 16731
20024 22665
11978 26299
14475 12396
8004 2014
22432 25266
26642 28078
13403 20757
12661 16487
10567 10938
22592 22346
17123 21020
16827 17120
20025 16937
6780 4613
8865 8770
19576 635
13780 26816
15536 26352
17628 784
8481 1190
15264 4162
9941 4238
18052 28204
18580 22857
16583 3200
24422 20516
17901 27665
3576 3140
19254 2134
6911 18484
25916 27423
13272 4653
21839 17209
7227 15752
