500
6733 6030
2136 489
8731 6909
3560 348
348 7834
8756 6751
6065 303
608 6241
1766 4368
6867 1251
6906 9552
7549 3806
4202 7717
687 8598
8542 1661
8382 4944
1376 2257
9551 5459
7498 9505
6772 2955
273 2520
911 8982
2267 2824
1951 6256
733 5373
9819 3228
820 3916
2144 6812
9184 2416
7075 7864
5690 2862
1191 9022
4671 1387
6040 736
8343 6982
9304 3834
865 7076
2941 130
7389 1683
4111 8234
157 7297
4065 3914
2199 4747
8421 4538
737 3586
2986 1320
7818 483
337 4440
3668 4332
7505 1810
9094 1128
4891 7973
4142 7383
2674 8295
205 1699
2088 1185
3677 5314
7014 8644
1621 3151
485 8890
3349 8895
9009 4447
2950 2657
9991 8063
7138 484
2016 4646
4425 9088
7659 5464
2216 9866
3063 8788
8558 193
940 8275
388 6359
2028 2440
4698 7185
4616 897
5116 580
1526 3816
7900 1994
7161 3330
8657 5508
2744 9713
6318 828
9739 5859
599 3371
163 5879
2122 2856
7302 8909
4517 7122
7754 9622
6257 9118
6132 4055
8568 5317
343 93
966 3928
472 5806
4139 2591
1643 5588
5269 9708
4693 2075
5081 4946
4074 4390
2092 7561
5120 9796
1042 1650
2755 2658
1576 3262
3844 8233
8607 954
7254 5429
4848 6516
2873 4773
4587 4414
3618 8446
8982 9711
5052 7731
4161 4828
9138 7352
8359 4009
304 4584
8684 9667
6276 6381
2192 3925
9017 7957
2944 2910
9588 3884
2686 4734
3396 7397
1089 4709
23 9948
6919 635
2461 6074
9382 9991
5118 7388
6206 3635
4486 602
628 8113
4317 7843
664 657
6974 738
7004 7179
6037 6843
9934 9608
3460 3464
3701 4375
5511 1499
4758 8008
4421 7820
9413 8996
7290 2573
1858 3612
7018 2397
8618 8323
3380 6044
9774 7914
2720 6606
3148 6602
7901 537
3174 2676
5099 9023
4679 6279
8832 2369
5678 8212
786 258
4867 9687
3477 6711
3902 1323
7493 5281
9202 1227
4807 9327
360 975
3739 4994
1778 9352
2068 3180
4793 8109
5888 4263
4888 6067
9033 3476
1270 990
5070 9799
9803 4010
1122 9348
8844 3749
523 5155
3605 9477
7549 7316
3864 5521
7103 2623
2235 3963
1625 2996
7482 1291
9980 2800
83 3531
318 8194
3625 4180
5392 4854
2296 9420
4372 4376
5185 4499
2654 1002
3354 8844
9757 5791
8479 8985
3498 8501
5482 5230
8410 9404
7303 585
5716 9300
5847 4161
6501 3132
4256 5330
241 3143
5615 4535
4576 5822
5851 1400
1855 9932
9089 6517
4766 274
32 2134
1406 8499
1504 239
2639 5850
4080 3825
9312 2717
3441 2175
3501 8754
3183 4906
5197 4661
3557 9775
3490 6831
5492 1445
7918 6974
4672 476
7415 9323
6571 9865
8349 9870
6547 6496
4599 7143
3557 9712
5923 8541
3367 9267
4938 2367
4040 6670
1462 987
6312 849
6218 4105
9256 5401
7410 8977
1578 6849
5896 3297
2311 3176
7064 3963
7797 9467
9858 727
5087 6143
1474 5871
4160 3373
2097 2372
1488 3056
9348 4541
7708 2156
237 4785
4475 7288
5478 9455
4024 7386
216 1260
3155 2127
5387 7679
9532 7623
3645 2861
7084 2357
4954 7121
7024 2663
5698 7580
4142 9115
3175 7229
9963 5039
9821 3575
8418 7892
8049 3732
6374 7662
7815 5544
7239 3542
2062 123
5116 9792
5676 1245
124 6448
3835 6786
4452 3374
9229 8622
1042 6727
1953 1163
2610 3308
2129 6268
5025 5159
3227 6521
5001 5313
8162 925
8399 2760
2071 5314
8110 1684
5359 9636
5650 5819
5598 2956
2661 4846
3655 8739
6581 902
9544 1920
2909 7088
2074 6842
7988 6371
3004 8608
2943 9341
6221 6128
4743 1963
6299 5213
5439 5319
7660 7836
5604 8128
4847 148
4957 7867
1314 7388
5846 8751
5954 7921
7803 524
1934 8161
9365 3259
5558 2677
1796 6661
5633 673
2056 2364
2527 1267
9490 4560
4992 1365
4102 5616
4716 6732
3205 3418
6179 3805
6006 2095
3295 8543
8119 9639
7675 5085
2306 5255
9726 6600
2413 5450
4494 9085
6382 9899
6645 3977
7795 7219
6763 9035
3228 1181
8010 1526
9566 3170
7535 9980
5029 1027
6230 640
1032 1900
5272 5107
3341 1129
1862 7815
6190 4545
7907 4410
1383 1291
7641 957
3516 625
1954 1736
1860 2685
4659 8888
923 2959
7843 3994
154 7931
2842 8914
8087 9619
8590 6535
8914 7995
7025 7043
2783 3423
2246 6203
3235 7958
5665 7551
2112 8615
6577 8038
3558 8352
230 7206
8217 4684
5972 8620
6428 6029
6718 8935
8975 3642
9944 3338
8431 1129
3121 9235
6131 2756
6682 7315
6597 1165
5261 2932
6602 4370
1319 6822
3231 4623
1727 2616
2132 2761
1188 7349
7530 1534
9655 7710
8449 2055
2026 719
4861 5747
2223 126
1672 9061
5476 7981
4408 8270
5096 1840
5789 8740
4456 5507
4816 3869
1556 4229
5413 335
4188 2160
6199 7202
398 4575
7621 8856
3725 5128
3456 3178
3601 1376
7815 5568
107 9910
6887 2635
8489 2279
9411 1792
3187 8565
5607 9217
7285 5123
7156 4173
5124 7090
9399 1525
1146 4722
5306 9582
9975 7399
5312 7496
9989 1372
2795 7104
8428 7555
7659 8068
5126 4902
1761 3939
3779 7098
8065 8213
8357 2277
4896 2494
2501 2110
6024 5294
2278 8652
7331 1453
5411 8550
8696 6636
320 8826
6534 2203
7679 1249
656 8122
7940 296
6718 8708
8545 5074
1174 4590
967 6604
3136 4488
1308 4430
96 3667
7726 1907
5158 9606
8929 1749
3777 749
8356 4502
8427 760
6569 437
7914 8534
8105 3327
6286 4437
1432 1456
9027 1438
538 2355
9029 6903
8599 3677
9026 397
1864 5180
2220 3152
3930 6910
6945 6868
6609 9781
7184 2535
1914 9355
9963 9416
3363 5656
8857 7036
7187 8600
4800 3634
425 6298
742 6618
7292 8536
2077 5269
7981 7801
