500
740598 213871
338094 430289
841430 360247
327374 806899
504096 453668
463852 452131
934565 831330
533172 972571
885196 830787
190691 913148
373424 794384
437180 907509
672007 857101
177446 652750
967194 435887
785027 736001
177683 735401
956690 208339
776935 492627
192932 246804
171574 595346
203151 906364
881968 105168
493161 988481
962850 820007
301659 721839
287972 960481
577238 535100
100812 445104
559398 738983
139259 963366
356650 429859
710167 242327
465933 471581
508769 253973
836173 210596
298004 787980
602855 155325
633881 457002
413800 455702
662004 385602
240384 838776
340561 636084
184012 829182
898727 840281
348573 176596
310491 724287
442260 974564
461330 470902
620503 945184
452764 146965
631662 434103
383670 723243
647358 906311
159502 938023
374178 625898
333644 101255
879500 851015
637548 255410
384660 804143
698460 322731
460032 364455
720032 917835
516872 323252
954473 833919
718264 494907
284234 946606
801537 589643
684531 980088
869908 636552
148742 994489
222934 260230
157521 282844
213665 752381
589916 172493
271635 796075
982646 555937
732096 319067
567451 383682
299753 690263
391257 975508
300095 497155
767738 942652
145803 988704
733477 301980
459799 628177
123989 517985
179160 669918
186727 492065
346117 469657
568149 910029
123601 369718
831481 384222
256234 791739
334020 723858
962759 673937
587029 933806
101365 635197
193705 153874
559544 114126
740415 871397
381343 148087
880210 841020
175702 232816
668415 512597
663279 760208
176850 895882
317953 807445
372707 207539
290734 811910
836158 370164
969699 323947
643516 369701
539102 809214
127403 400123
971220 459394
324555 868089
316886 916560
576639 470127
465077 655363
121687 180073
274040 109391
399581 201527
692298 257760
643786 260373
688526 323225
950773 701298
392829 181827
821842 174244
344957 747068
906375 578621
649172 376438
327658 530158
961617 894227
567998 473890
471282 504492
278340 231113
173451 518568
556590 354363
767382 543594
852414 661932
149900 724246
717435 508734
163118 221853
880158 528174
790712 997634
480630 141681
272161 526963
516094 585234
828561 409269
404636 310268
186329 589974
316623 184515
912288 874928
209039 401843
700201 962843
698597 742981
508350 979632
165756 848626
281399 403244
353112 469451
343415 559274
358710 480338
115545 368867
495534 105169
252155 450280
394201 789562
562976 835177
372394 631534
908110 270691
496133 890206
766406 444332
209180 854790
856594 420275
765072 784422
835481 861903
897499 709093
791507 611833
326412 166950
892991 607225
547526 370412
446911 434268
214985 412633
728245 174267
594405 813896
327964 441828
790495 840868
549820 906151
110358 976847
202020 670001
792643 771426
549092 857783
401445 334145
818031 220488
365678 345440
236695 802084
163950 733307
381509 149796
914667 229556
826804 967603
361221 910223
539857 313922
482711 572285
213183 611209
167389 585888
626809 319954
445666 860423
306264 863591
685443 885623
775544 786056
452763 873421
810465 949037
960345 237576
392132 168248
130356 780501
547353 287919
835082 173261
936940 416212
253678 731802
318466 822888
474194 192831
859383 406830
624374 192220
570264 249787
603365 426899
749944 984660
312538 692566
530514 669462
166030 805068
550963 569950
580353 363996
544225 813154
213376 290044
283390 826497
800645 785311
135658 740058
903042 940682
598914 730931
804869 546813
224994 420919
480295 693468
106758 669371
363658 235535
336391 536852
469774 687459
820718 541048
447617 574592
893819 517931
135279 689292
265493 309356
941414 734417
853356 736041
718482 804948
553220 761932
275115 847033
365165 179802
312916 762821
675165 737716
345041 453267
744177 582890
956224 625804
827172 717971
767689 305569
230706 661956
161231 191405
967180 148704
393236 685628
314100 958927
803954 262275
121164 665815
267166 118953
541165 475270
401232 159838
412898 509555
220869 542290
321646 604887
399827 933934
332212 703545
702988 391422
167270 676396
884521 313687
672558 709171
754045 112607
930162 369798
406610 875507
354624 251877
952053 739256
109304 696820
745508 805645
884417 481615
133335 128402
281607 195177
712684 232668
281660 296831
529854 750390
684966 737440
261299 550945
106814 159418
283544 756982
254122 262443
500194 904299
332948 740161
301173 165518
766729 134994
805342 115391
280492 513780
926012 411871
334882 498791
595364 879231
832370 296735
807419 666680
931793 280698
383685 473902
467579 383161
752316 113887
453229 119549
586789 934445
661552 919707
569858 500428
637348 287153
264429 161377
709836 808742
186508 139221
114362 711565
335505 713773
762701 876320
970110 142017
493626 571447
736985 575649
376733 477162
959477 552396
688337 719635
433601 801587
160326 296647
234272 813126
164574 405843
978581 630129
282415 562505
302518 324466
704713 310621
311208 215371
377463 429118
756058 634846
398250 550153
371016 704233
940648 202916
141823 577957
532713 503918
985787 204111
602309 229338
857334 395154
275778 899597
619574 846797
113242 633187
800382 977999
558837 695243
702886 297818
243828 596468
873235 211963
273167 811104
539505 250054
788844 974700
404501 869122
833978 719955
850600 874102
540279 627325
942924 670222
947381 299518
339936 701378
289119 595466
361567 677133
562795 674726
590107 669006
632840 775841
997374 241145
815600 815356
281834 273682
881545 627096
751378 875774
268166 135733
989973 894558
649731 784877
336905 870281
549499 162244
529930 897171
366043 731320
176270 497181
150738 980724
395249 256875
503730 277341
564810 739873
247149 729344
246063 966870
112810 793476
379922 135915
284573 556063
412934 689742
443314 328364
118171 121151
623027 106144
337525 785984
710846 534009
189201 707532
427485 820993
565877 214227
159590 501077
827124 889500
295039 728886
536244 591606
561798 397223
171624 428563
257040 284507
279031 509731
252131 758937
258655 904687
265271 817819
155005 775641
976750 643832
774636 934510
482667 771576
854474 142933
318806 190390
797999 312313
682625 621313
168176 145329
372556 230080
916935 528448
980139 695402
221208 449438
575029 749842
683763 322745
475936 121598
175228 910242
601760 702555
735070 693149
991915 300010
501596 541438
414990 895140
537533 275566
524305 777234
263184 306397
780881 888034
274275 443902
572910 633440
865200 841209
305350 580319
771990 786612
739984 218764
104830 654435
602147 522774
562799 632985
494072 826677
530110 773372
692761 233478
624590 831904
908070 834518
688183 376635
380147 704265
628552 375059
869539 721991
245857 314983
260227 368273
144231 479750
263982 762135
616376 760329
816117 156906
755542 811276
112198 647825
305470 671434
940330 384026
636045 667370
747791 922874
449015 107649
612036 450848
800275 818058
170983 163746
921762 121355
164926 978707
560811 940602
578294 349248
128342 151205
505790 723921
726155 466258
297930 733950
124610 364991
227348 238830
165156 675701
388227 901629
253490 629077
260698 915132
830980 236790
600840 827689
380392 291260
914412 754710
430575 425236
463748 848426
177607 551446
215985 399891
290682 339241
538297 700669
