500
1000000471081 1
1 1000000471081
2 1000000471080
3 1000000471079
4 1000000471078
5 1000000471077
6 1000000471076
7 1000000471075
8 1000000471074
9 1000000471073
10 1000000471072
11 1000000471071
12 1000000471070
13 1000000471069
14 1000000471068
15 1000000471067
16 1000000471066
17 1000000471065
18 1000000471064
19 1000000471063
20 1000000471062
21 1000000471061
22 1000000471060
23 1000000471059
24 1000000471058
25 1000000471057
26 1000000471056
27 1000000471055
28 1000000471054
29 1000000471053
30 1000000471052
31 1000000471051
32 1000000471050
33 1000000471049
34 1000000471048
35 1000000471047
36 1000000471046
37 1000000471045
38 1000000471044
39 1000000471043
40 1000000471042
41 1000000471041
42 1000000471040
43 1000000471039
44 1000000471038
45 1000000471037
46 1000000471036
47 1000000471035
48 1000000471034
49 1000000471033
50 1000000471032
51 1000000471031
52 1000000471030
53 1000000471029
54 1000000471028
55 1000000471027
56 1000000471026
57 1000000471025
58 1000000471024
59 1000000471023
60 1000000471022
61 1000000471021
62 1000000471020
63 1000000471019
64 1000000471018
65 1000000471017
66 1000000471016
67 1000000471015
68 1000000471014
69 1000000471013
70 1000000471012
71 1000000471011
72 1000000471010
73 1000000471009
74 1000000471008
75 1000000471007
76 1000000471006
77 1000000471005
78 1000000471004
79 1000000471003
80 1000000471002
81 1000000471001
82 1000000471000
83 1000000470999
84 1000000470998
85 1000000470997
86 1000000470996
87 1000000470995
88 1000000470994
89 1000000470993
90 1000000470992
91 1000000470991
92 1000000470990
93 1000000470989
94 1000000470988
95 1000000470987
96 1000000470986
97 1000000470985
98 1000000470984
99 1000000470983
100 1000000470982
101 1000000470981
102 1000000470980
103 1000000470979
104 1000000470978
105 1000000470977
106 1000000470976
107 1000000470975
108 1000000470974
109 1000000470973
110 1000000470972
111 1000000470971
112 1000000470970
113 1000000470969
114 1000000470968
115 1000000470967
116 1000000470966
117 1000000470965
118 1000000470964
119 1000000470963
120 1000000470962
121 1000000470961
122 1000000470960
123 1000000470959
124 1000000470958
125 1000000470957
126 1000000470956
127 1000000470955
128 1000000470954
129 1000000470953
130 1000000470952
131 1000000470951
132 1000000470950
133 1000000470949
134 1000000470948
135 1000000470947
136 1000000470946
137 1000000470945
138 1000000470944
139 1000000470943
140 1000000470942
141 1000000470941
142 1000000470940
143 1000000470939
144 1000000470938
145 1000000470937
146 1000000470936
147 1000000470935
148 1000000470934
149 1000000470933
150 1000000470932
151 1000000470931
152 1000000470930
153 1000000470929
154 1000000470928
155 1000000470927
156 1000000470926
157 1000000470925
158 1000000470924
159 1000000470923
160 1000000470922
161 1000000470921
162 1000000470920
163 1000000470919
164 1000000470918
165 1000000470917
166 1000000470916
167 1000000470915
168 1000000470914
169 1000000470913
170 1000000470912
171 1000000470911
172 1000000470910
173 1000000470909
174 1000000470908
175 1000000470907
176 1000000470906
177 1000000470905
178 1000000470904
179 1000000470903
180 1000000470902
181 1000000470901
182 1000000470900
183 1000000470899
184 1000000470898
185 1000000470897
186 1000000470896
187 1000000470895
188 1000000470894
189 1000000470893
190 1000000470892
191 1000000470891
192 1000000470890
193 1000000470889
194 1000000470888
195 1000000470887
196 1000000470886
197 1000000470885
198 1000000470884
199 1000000470883
200 1000000470882
201 1000000470881
202 1000000470880
203 1000000470879
204 1000000470878
205 1000000470877
206 1000000470876
207 1000000470875
208 1000000470874
209 1000000470873
210 1000000470872
211 1000000470871
212 1000000470870
213 1000000470869
214 1000000470868
215 1000000470867
216 1000000470866
217 1000000470865
218 1000000470864
219 1000000470863
220 1000000470862
221 1000000470861
222 1000000470860
223 1000000470859
224 1000000470858
225 1000000470857
226 1000000470856
227 1000000470855
228 1000000470854
229 1000000470853
230 1000000470852
231 1000000470851
232 1000000470850
233 1000000470849
234 1000000470848
235 1000000470847
236 1000000470846
237 1000000470845
238 1000000470844
239 1000000470843
240 1000000470842
241 1000000470841
242 1000000470840
243 1000000470839
244 1000000470838
245 1000000470837
246 1000000470836
247 1000000470835
248 1000000470834
249 1000000470833
250 1000000470832
251 1000000470831
252 1000000470830
253 1000000470829
254 1000000470828
255 1000000470827
256 1000000470826
257 1000000470825
258 1000000470824
259 1000000470823
260 1000000470822
261 1000000470821
262 1000000470820
263 1000000470819
264 1000000470818
265 1000000470817
266 1000000470816
267 1000000470815
268 1000000470814
269 1000000470813
270 1000000470812
271 1000000470811
272 1000000470810
273 1000000470809
274 1000000470808
275 1000000470807
276 1000000470806
277 1000000470805
278 1000000470804
279 1000000470803
280 1000000470802
281 1000000470801
282 1000000470800
283 1000000470799
284 1000000470798
285 1000000470797
286 1000000470796
287 1000000470795
288 1000000470794
289 1000000470793
290 1000000470792
291 1000000470791
292 1000000470790
293 1000000470789
294 1000000470788
295 1000000470787
296 1000000470786
297 1000000470785
298 1000000470784
299 1000000470783
300 1000000470782
301 1000000470781
302 1000000470780
303 1000000470779
304 1000000470778
305 1000000470777
306 1000000470776
307 1000000470775
308 1000000470774
309 1000000470773
310 1000000470772
311 1000000470771
312 1000000470770
313 1000000470769
314 1000000470768
315 1000000470767
316 1000000470766
317 1000000470765
318 1000000470764
319 1000000470763
320 1000000470762
321 1000000470761
322 1000000470760
323 1000000470759
324 1000000470758
325 1000000470757
326 1000000470756
327 1000000470755
328 1000000470754
329 1000000470753
330 1000000470752
331 1000000470751
332 1000000470750
333 1000000470749
334 1000000470748
335 1000000470747
336 1000000470746
337 1000000470745
338 1000000470744
339 1000000470743
340 1000000470742
341 1000000470741
342 1000000470740
343 1000000470739
344 1000000470738
345 1000000470737
346 1000000470736
347 1000000470735
348 1000000470734
349 1000000470733
350 1000000470732
351 1000000470731
352 1000000470730
353 1000000470729
354 1000000470728
355 1000000470727
356 1000000470726
357 1000000470725
358 1000000470724
359 1000000470723
360 1000000470722
361 1000000470721
362 1000000470720
363 1000000470719
364 1000000470718
365 1000000470717
366 1000000470716
367 1000000470715
368 1000000470714
369 1000000470713
370 1000000470712
371 1000000470711
372 1000000470710
373 1000000470709
374 1000000470708
375 1000000470707
376 1000000470706
377 1000000470705
378 1000000470704
379 1000000470703
380 1000000470702
381 1000000470701
382 1000000470700
383 1000000470699
384 1000000470698
385 1000000470697
386 1000000470696
387 1000000470695
388 1000000470694
389 1000000470693
390 1000000470692
391 1000000470691
392 1000000470690
393 1000000470689
394 1000000470688
395 1000000470687
396 1000000470686
397 1000000470685
398 1000000470684
399 1000000470683
400 1000000470682
401 1000000470681
402 1000000470680
403 1000000470679
404 1000000470678
405 1000000470677
406 1000000470676
407 1000000470675
408 1000000470674
409 1000000470673
410 1000000470672
411 1000000470671
412 1000000470670
413 1000000470669
414 1000000470668
415 1000000470667
416 1000000470666
417 1000000470665
418 1000000470664
419 1000000470663
420 1000000470662
421 1000000470661
422 1000000470660
423 1000000470659
424 1000000470658
425 1000000470657
426 1000000470656
427 1000000470655
428 1000000470654
429 1000000470653
430 1000000470652
431 1000000470651
432 1000000470650
433 1000000470649
434 1000000470648
435 1000000470647
436 1000000470646
437 1000000470645
438 1000000470644
439 1000000470643
440 1000000470642
441 1000000470641
442 1000000470640
443 1000000470639
444 1000000470638
445 1000000470637
446 1000000470636
447 1000000470635
448 1000000470634
449 1000000470633
450 1000000470632
451 1000000470631
452 1000000470630
453 1000000470629
454 1000000470628
455 1000000470627
456 1000000470626
457 1000000470625
458 1000000470624
459 1000000470623
460 1000000470622
461 1000000470621
462 1000000470620
463 1000000470619
464 1000000470618
465 1000000470617
466 1000000470616
467 1000000470615
468 1000000470614
469 1000000470613
470 1000000470612
471 1000000470611
472 1000000470610
473 1000000470609
474 1000000470608
475 1000000470607
476 1000000470606
477 1000000470605
478 1000000470604
479 1000000470603
480 1000000470602
481 1000000470601
482 1000000470600
483 1000000470599
484 1000000470598
485 1000000470597
486 1000000470596
487 1000000470595
488 1000000470594
489 1000000470593
490 1000000470592
491 1000000470591
492 1000000470590
493 1000000470589
494 1000000470588
495 1000000470587
496 1000000470586
497 1000000470585
498 1000000470584
499 1000000470583
