500
1 1000000471081
1000000471081 1
1000000471080 2
1000000471079 3
1000000471078 4
1000000471077 5
1000000471076 6
1000000471075 7
1000000471074 8
1000000471073 9
1000000471072 10
1000000471071 11
1000000471070 12
1000000471069 13
1000000471068 14
1000000471067 15
1000000471066 16
1000000471065 17
1000000471064 18
1000000471063 19
1000000471062 20
1000000471061 21
1000000471060 22
1000000471059 23
1000000471058 24
1000000471057 25
1000000471056 26
1000000471055 27
1000000471054 28
1000000471053 29
1000000471052 30
1000000471051 31
1000000471050 32
1000000471049 33
1000000471048 34
1000000471047 35
1000000471046 36
1000000471045 37
1000000471044 38
1000000471043 39
1000000471042 40
1000000471041 41
1000000471040 42
1000000471039 43
1000000471038 44
1000000471037 45
1000000471036 46
1000000471035 47
1000000471034 48
1000000471033 49
1000000471032 50
1000000471031 51
1000000471030 52
1000000471029 53
1000000471028 54
1000000471027 55
1000000471026 56
1000000471025 57
1000000471024 58
1000000471023 59
1000000471022 60
1000000471021 61
1000000471020 62
1000000471019 63
1000000471018 64
1000000471017 65
1000000471016 66
1000000471015 67
1000000471014 68
1000000471013 69
1000000471012 70
1000000471011 71
1000000471010 72
1000000471009 73
1000000471008 74
1000000471007 75
1000000471006 76
1000000471005 77
1000000471004 78
1000000471003 79
1000000471002 80
1000000471001 81
1000000471000 82
1000000470999 83
1000000470998 84
1000000470997 85
1000000470996 86
1000000470995 87
1000000470994 88
1000000470993 89
1000000470992 90
1000000470991 91
1000000470990 92
1000000470989 93
1000000470988 94
1000000470987 95
1000000470986 96
1000000470985 97
1000000470984 98
1000000470983 99
1000000470982 100
1000000470981 101
1000000470980 102
1000000470979 103
1000000470978 104
1000000470977 105
1000000470976 106
1000000470975 107
1000000470974 108
1000000470973 109
1000000470972 110
1000000470971 111
1000000470970 112
1000000470969 113
1000000470968 114
1000000470967 115
1000000470966 116
1000000470965 117
1000000470964 118
1000000470963 119
1000000470962 120
1000000470961 121
1000000470960 122
1000000470959 123
1000000470958 124
1000000470957 125
1000000470956 126
1000000470955 127
1000000470954 128
1000000470953 129
1000000470952 130
1000000470951 131
1000000470950 132
1000000470949 133
1000000470948 134
1000000470947 135
1000000470946 136
1000000470945 137
1000000470944 138
1000000470943 139
1000000470942 140
1000000470941 141
1000000470940 142
1000000470939 143
1000000470938 144
1000000470937 145
1000000470936 146
1000000470935 147
1000000470934 148
1000000470933 149
1000000470932 150
1000000470931 151
1000000470930 152
1000000470929 153
1000000470928 154
1000000470927 155
1000000470926 156
1000000470925 157
1000000470924 158
1000000470923 159
1000000470922 160
1000000470921 161
1000000470920 162
1000000470919 163
1000000470918 164
1000000470917 165
1000000470916 166
1000000470915 167
1000000470914 168
1000000470913 169
1000000470912 170
1000000470911 171
1000000470910 172
1000000470909 173
1000000470908 174
1000000470907 175
1000000470906 176
1000000470905 177
1000000470904 178
1000000470903 179
1000000470902 180
1000000470901 181
1000000470900 182
1000000470899 183
1000000470898 184
1000000470897 185
1000000470896 186
1000000470895 187
1000000470894 188
1000000470893 189
1000000470892 190
1000000470891 191
1000000470890 192
1000000470889 193
1000000470888 194
1000000470887 195
1000000470886 196
1000000470885 197
1000000470884 198
1000000470883 199
1000000470882 200
1000000470881 201
1000000470880 202
1000000470879 203
1000000470878 204
1000000470877 205
1000000470876 206
1000000470875 207
1000000470874 208
1000000470873 209
1000000470872 210
1000000470871 211
1000000470870 212
1000000470869 213
1000000470868 214
1000000470867 215
1000000470866 216
1000000470865 217
1000000470864 218
1000000470863 219
1000000470862 220
1000000470861 221
1000000470860 222
1000000470859 223
1000000470858 224
1000000470857 225
1000000470856 226
1000000470855 227
1000000470854 228
1000000470853 229
1000000470852 230
1000000470851 231
1000000470850 232
1000000470849 233
1000000470848 234
1000000470847 235
1000000470846 236
1000000470845 237
1000000470844 238
1000000470843 239
1000000470842 240
1000000470841 241
1000000470840 242
1000000470839 243
1000000470838 244
1000000470837 245
1000000470836 246
1000000470835 247
1000000470834 248
1000000470833 249
1000000470832 250
1000000470831 251
1000000470830 252
1000000470829 253
1000000470828 254
1000000470827 255
1000000470826 256
1000000470825 257
1000000470824 258
1000000470823 259
1000000470822 260
1000000470821 261
1000000470820 262
1000000470819 263
1000000470818 264
1000000470817 265
1000000470816 266
1000000470815 267
1000000470814 268
1000000470813 269
1000000470812 270
1000000470811 271
1000000470810 272
1000000470809 273
1000000470808 274
1000000470807 275
1000000470806 276
1000000470805 277
1000000470804 278
1000000470803 279
1000000470802 280
1000000470801 281
1000000470800 282
1000000470799 283
1000000470798 284
1000000470797 285
1000000470796 286
1000000470795 287
1000000470794 288
1000000470793 289
1000000470792 290
1000000470791 291
1000000470790 292
1000000470789 293
1000000470788 294
1000000470787 295
1000000470786 296
1000000470785 297
1000000470784 298
1000000470783 299
1000000470782 300
1000000470781 301
1000000470780 302
1000000470779 303
1000000470778 304
1000000470777 305
1000000470776 306
1000000470775 307
1000000470774 308
1000000470773 309
1000000470772 310
1000000470771 311
1000000470770 312
1000000470769 313
1000000470768 314
1000000470767 315
1000000470766 316
1000000470765 317
1000000470764 318
1000000470763 319
1000000470762 320
1000000470761 321
1000000470760 322
1000000470759 323
1000000470758 324
1000000470757 325
1000000470756 326
1000000470755 327
1000000470754 328
1000000470753 329
1000000470752 330
1000000470751 331
1000000470750 332
1000000470749 333
1000000470748 334
1000000470747 335
1000000470746 336
1000000470745 337
1000000470744 338
1000000470743 339
1000000470742 340
1000000470741 341
1000000470740 342
1000000470739 343
1000000470738 344
1000000470737 345
1000000470736 346
1000000470735 347
1000000470734 348
1000000470733 349
1000000470732 350
1000000470731 351
1000000470730 352
1000000470729 353
1000000470728 354
1000000470727 355
1000000470726 356
1000000470725 357
1000000470724 358
1000000470723 359
1000000470722 360
1000000470721 361
1000000470720 362
1000000470719 363
1000000470718 364
1000000470717 365
1000000470716 366
1000000470715 367
1000000470714 368
1000000470713 369
1000000470712 370
1000000470711 371
1000000470710 372
1000000470709 373
1000000470708 374
1000000470707 375
1000000470706 376
1000000470705 377
1000000470704 378
1000000470703 379
1000000470702 380
1000000470701 381
1000000470700 382
1000000470699 383
1000000470698 384
1000000470697 385
1000000470696 386
1000000470695 387
1000000470694 388
1000000470693 389
1000000470692 390
1000000470691 391
1000000470690 392
1000000470689 393
1000000470688 394
1000000470687 395
1000000470686 396
1000000470685 397
1000000470684 398
1000000470683 399
1000000470682 400
1000000470681 401
1000000470680 402
1000000470679 403
1000000470678 404
1000000470677 405
1000000470676 406
1000000470675 407
1000000470674 408
1000000470673 409
1000000470672 410
1000000470671 411
1000000470670 412
1000000470669 413
1000000470668 414
1000000470667 415
1000000470666 416
1000000470665 417
1000000470664 418
1000000470663 419
1000000470662 420
1000000470661 421
1000000470660 422
1000000470659 423
1000000470658 424
1000000470657 425
1000000470656 426
1000000470655 427
1000000470654 428
1000000470653 429
1000000470652 430
1000000470651 431
1000000470650 432
1000000470649 433
1000000470648 434
1000000470647 435
1000000470646 436
1000000470645 437
1000000470644 438
1000000470643 439
1000000470642 440
1000000470641 441
1000000470640 442
1000000470639 443
1000000470638 444
1000000470637 445
1000000470636 446
1000000470635 447
1000000470634 448
1000000470633 449
1000000470632 450
1000000470631 451
1000000470630 452
1000000470629 453
1000000470628 454
1000000470627 455
1000000470626 456
1000000470625 457
1000000470624 458
1000000470623 459
1000000470622 460
1000000470621 461
1000000470620 462
1000000470619 463
1000000470618 464
1000000470617 465
1000000470616 466
1000000470615 467
1000000470614 468
1000000470613 469
1000000470612 470
1000000470611 471
1000000470610 472
1000000470609 473
1000000470608 474
1000000470607 475
1000000470606 476
1000000470605 477
1000000470604 478
1000000470603 479
1000000470602 480
1000000470601 481
1000000470600 482
1000000470599 483
1000000470598 484
1000000470597 485
1000000470596 486
1000000470595 487
1000000470594 488
1000000470593 489
1000000470592 490
1000000470591 491
1000000470590 492
1000000470589 493
1000000470588 494
1000000470587 495
1000000470586 496
1000000470585 497
1000000470584 498
1000000470583 499
