500
1001497251272 1001939684326
1002040813491 1000630186857
1001981029537 1001268719922
1000901263513 1001943399201
1000480794751 1001476577223
1001034439370 1000282487805
1000477505178 1001823460182
1000724867795 1000009395923
1001951988622 1001739286160
1000762234231 1001993494452
1000383407158 1000714299074
1000615523134 1001951944478
1001857222010 1001572452286
1001697328233 1001673521489
1000299516079 1000353592098
1000685352171 1001414200973
1001927194192 1000055802838
1001364697029 1001072878020
1000181625742 1001070746105
1000731684098 1001677482151
1000204654733 1001400478704
1000502052543 1001161198160
1002103260952 1000977758971
1001652097171 1000555176875
1001782263667 1000891703380
1000820717962 1000035196030
1000640107451 1000194856575
1000210090499 1001395423389
1002136668963 1001752322256
1001740971236 1002033535382
1001116910711 1001265172986
1000372651423 1000700603861
1001198455677 1000234349169
1000574786986 1000906938259
1001778614552 1000886874634
1000377949808 1000543960749
1001370652236 1000797643325
1001258823030 1000668184383
1000739249625 1000484153750
1000206493805 1000650179975
1000456909483 1000354719541
1001252487060 1001914475254
1000220270442 1000361524519
1001586839965 1000927546658
1001310633912 1001812837635
1001308420494 1001530433556
1000039716720 1001807626171
1000708257012 1001348835965
1001902240098 1001622823580
1000266062778 1001809330864
1002027336765 1001519685994
1001908869413 1000867739928
1001723781948 1000907813700
1001630079804 1001618405124
1001072933887 1001495600893
1000172693595 1000609595801
1000794808542 1000161309206
1000073493757 1000922656524
1000864496174 1001954028964
1001716751266 1001622254700
1002032261489 1000438047398
1001389905256 1000729097433
1001956662393 1001168226947
1001673548494 1002036528384
1001970948078 1001876683056
1000093987033 1001708173500
1000860824380 1000425328195
1001877597894 1000936959096
1000059011905 1000486969639
1001027784846 1001891883267
1000435109728 1001078719201
1001211995899 1001867886962
1001828915696 1000433275353
1001788356512 1000182634745
1001769421438 1001761477776
1001515414561 1001921154094
1000064698607 1000363331693
1000348097937 1000555685796
1001089628507 1001209882087
1001095889803 1000199280506
1001296529744 1000204784841
1000452455892 1000959139294
1000142923471 1001149340598
1000944142515 1000719251019
1001273677452 1001607751522
1000272211662 1001302270328
1000101909640 1001399819443
1001068727164 1000589610003
1002013788370 1001149516781
1001526360045 1000372705205
1001325488232 1000051684927
1001014106534 1000717206845
1000610194991 1002138468320
1000885645122 1001001562601
1000881101344 1001693773253
1000573560299 1000717793098
1001033937122 1001715662032
1001621642118 1002091643051
1001285032135 1000753590565
1000521857461 1001771208648
1002143433683 1000163958360
1000242350394 1000622611261
1000278273362 1001703418583
1001360799669 1001787848210
1001912572660 1000028416714
1000213583283 1000431273027
1000253028198 1001171164360
1001597201539 1000348539712
1000159840179 1001940993613
1001301928539 1001356936505
1001671144629 1002094059317
1000472191687 1000576852939
1000821743865 1001387411364
1000748232841 1000343065523
1002089622301 1001021740774
1001629754606 1001302536103
1001982733321 1001686234510
1000360861244 1001041649663
1002038977885 1000256531656
1000303910606 1000488956171
1002098210370 1000664243998
1001817668358 1001389286578
1001439688505 1000946045791
1001585403877 1001754741915
1001688335644 1001470020505
1000516634800 1000368158853
1001111835145 1001398419530
1000224191532 1000266761651
1001546617019 1001178668804
1000590347539 1001934331919
1000584003395 1001462158819
1001424197443 1000451761343
1000353042903 1002105257876
1000055939101 1001598011314
1001559892053 1000929607224
1000725878892 1001461209111
1001587485922 1000593955469
1000554843393 1001589318056
1001830103408 1001925830820
1000104676619 1000021905174
1001660530012 1000989321830
1001570658393 1001026137658
1000012069174 1001434779572
1000822149857 1001470573267
1000303428850 1000102189734
1001232891308 1001300283603
1001745061241 1001398953556
1000575794087 1000219782359
1002102893151 1000071342254
1000873180407 1000883394791
1000828516363 1002143279420
1001082299258 1001839789555
1002125085127 1000347485287
1000825789549 1000110429828
1001384210074 1002089229394
1000137537253 1001635676142
1000990940520 1001431324973
1000087742410 1000122694929
1001732943318 1000219493072
1000730183869 1001062232713
1000094612009 1001293358696
1000503247268 1001656196051
1000255297354 1001578944645
1000444914404 1000008195390
1000402543149 1002046891302
1001019048065 1001502590440
1001859012052 1000075560578
1000240999311 1001423490069
1001443359555 1001864694080
1000610977659 1000912359602
1001417391105 1000640362651
1001474002736 1000453422574
1001716985775 1001036389736
1000746481146 1001872625999
1001514641656 1001195923642
1000669850997 1001039955316
1002124842408 1001421537985
1000962887209 1000759904848
1001408538916 1000321480294
1000890275921 1001459419926
1001126057077 1000868961684
1001340801491 1001289645694
1001786572105 1000813372985
1000030265438 1001658151878
1001554715277 1001987661869
1002119149086 1001202961894
1001499054725 1000927867389
1000990479199 1001594858464
1000602536449 1001530380076
1000330792682 1000829679041
1000371407329 1000218558126
1000578901158 1001638277796
1000125323925 1000670412858
1001695859813 1001212634173
1000558707173 1000219095467
1001509897551 1001350987415
1001251209257 1001193372816
1000182982641 1000914441291
1000569452911 1001167801367
1000808095383 1000476107545
1002065091600 1000834572152
1000336358252 1000287587391
1002035706789 1000399220386
1001019278458 1001530364463
1000760262960 1001871629310
1001531865858 1000935796872
1001863509987 1001486643385
1000285246411 1000535092337
1000466107344 1001740744416
1000130157512 1001211020142
1001296772740 1001184626130
1000366902552 1001896161737
1001087017805 1000929469418
1000394542582 1001016356865
1000039570357 1001696430406
1000005368723 1000302898302
1001932841254 1001225874811
1001581657422 1000847244302
1000298668760 1001802061217
1001447709420 1000350392133
1000068856018 1001907767382
1001370536067 1000873417088
1002078933787 1001846910800
1002001470104 1001820953711
1001756937645 1000977415577
1001016372554 1000444490730
1000785565393 1000159493371
1001034196040 1000385032232
1002121960379 1000111573770
1001289197377 1001777079932
1000575062236 1001302548341
1001362981515 1000140124928
1001547413052 1001772703004
1002106133568 1001635310778
1001190429287 1000429809733
1000904902200 1001771025123
1002060244176 1002142673752
1001845063870 1000801021003
1001283643868 1000362182627
1002014561635 1000127129207
1000590728408 1000451897602
1000341213648 1000190510898
1000853681532 1002079650560
1000441788264 1000400728811
1001401152347 1002009188262
1000020965009 1000570580592
1001857672973 1001965555564
1000547971257 1001820296774
1001577688351 1001835925026
1001367447027 1001271531666
1000571202259 1000168422538
1000618315027 1000503459750
1000855535998 1000957036545
1000875119597 1001066925524
1000876370349 1002068755258
1000357894935 1000929348128
1001414495067 1001829371588
1000945979384 1001854227103
1000222435035 1000094773632
1001954556652 1000011137082
1001456043484 1000702139589
1001562519012 1000039373973
1001313938048 1000760275527
1002075040444 1000272776162
1001638428778 1000357228742
1001256202767 1000871772947
1000733364049 1000526288795
1000731404115 1000673221224
1000247359184 1001356847312
1001832892970 1001129407543
1001588423325 1001077391096
1000001185361 1000136162000
1001755006808 1001944708268
1002071492927 1000793196051
1000292127132 1001979643836
1001542087201 1001489508462
1001654433443 1001683359919
1000252211503 1001413824107
1000451716744 1001896441632
1000123095706 1000128536683
1000141329407 1000326537419
1001446593958 1001256333611
1000973192069 1001138571760
1000397719802 1001373390017
1000093961889 1000463984314
1000150369327 1000238840851
1001860278780 1001478020681
1001701937540 1001905440917
1000413995433 1001646459410
1000410568670 1001274879896
1000509178240 1001738709780
1000336252914 1000840815428
1000201288508 1000986644602
1000877020949 1000610878808
1000660403232 1002082741100
1001256541900 1000563890374
1001035618436 1001819424280
1001541850830 1001241962400
1000660299213 1001862618195
1000914075025 1002045045705
1000101613087 1000183021152
1000762041786 1001133897963
1000718818000 1001518811529
1001707711751 1001065160694
1000892361258 1000896108594
1001853540884 1000576348556
1001626676009 1001515429628
1001572496023 1000278402475
1000057461375 1001276817678
1001768112935 1000015880299
1002120195018 1000437522792
1000285213830 1001095744229
1002054694846 1000918086784
1001114578254 1001851902992
1000913720739 1001401654901
1001827012410 1001396962966
1001637830510 1001582583249
1001146815958 1002041612768
1000012234318 1000754641484
1000471207166 1001471824758
1000890698306 1000813461734
1000023772075 1001712724034
1001713539428 1001741798804
1001207991556 1000427405683
1000655394148 1001646798685
1001697905156 1000863012601
1000180349694 1001751722392
1001700258004 1001782636171
1000830591423 1001383797655
1000217089256 1000122740923
1000166435017 1000818316973
1001615244201 1001621217748
1000232707788 1001596898938
1001869649187 1001991291521
1001088948942 1001288933829
1001632796424 1000789509256
1001466046857 1000199239830
1001095024957 1000552118803
1001625721658 1000475664456
1001391270787 1000105218888
1000847014445 1000352478121
1001517389780 1001533613622
1000100493729 1001059798549
1001920992969 1001241533297
1001110630351 1000197986342
1000167804670 1000083362752
1001112126032 1000792582725
1000203276428 1000679015544
1001846735874 1000869558033
1001670556534 1000508710244
1000165310235 1000625106534
1001379092441 1000599719323
1000403224911 1001611204655
1001255752466 1001313393599
1000094106839 1000262906497
1000102454322 1001485904466
1001426561350 1000917613273
1000981483197 1001170694209
1001952887743 1001287358383
1000006448742 1000796496445
1000355769086 1001075678234
1001437973461 1000277095168
1002052493324 1001538115552
1000860163559 1001124788833
1001275776102 1002121192958
1000718904497 1002122943576
1002056623064 1002076628840
1000194854194 1001667993699
1001006647214 1001686975915
1000857617958 1001271991397
1000239477258 1002002910508
1000962676614 1001440210100
1001358174698 1002087722483
1001385490975 1000103153306
1001589317288 1001125936340
1002122986116 1001348307336
1000946071403 1000980548153
1001786604944 1000392541703
1000920629600 1000655428721
1000288551242 1000436487649
1001595887290 1000332601190
1002010271418 1000197004742
1001521938950 1001532266389
1000772936967 1000926063924
1001732034341 1000124348858
1000735177156 1001610840699
1001702234187 1002033144699
1000257392809 1000369749379
1001673157886 1000300346990
1000929442520 1000543631597
1001815110175 1000638513982
1001700904754 1001536877385
1001385168562 1000133435988
1000358113802 1001223819106
1001569743772 1001938632157
1001786890753 1001487032841
1001451037599 1001517102126
1000533169796 1000689389293
1000126125392 1001967811727
1001018817554 1000072514016
1000048788702 1001567993418
1001084000871 1001657696622
1001081370282 1001974025351
1002086852698 1001830675484
1001653524170 1001101616709
1000637819900 1000800222218
1000870000075 1000108317187
1001654171934 1000892248042
1001378184639 1000416726908
1000593637730 1000312219575
1001550816297 1001617653312
1001281202503 1001039308890
1001951199623 1001095524843
1001863719590 1000557769621
1000208797457 1000198046228
1002079202327 1000171169525
1001885377388 1001269736684
1000032256581 1000332107506
1000456051614 1001412029841
1001100881996 1002046333858
1001291423068 1001799320598
1002012105189 1000732653973
1001931281626 1000088115996
1001103253748 1000313193136
1000214319617 1001816014496
1001718523761 1000584521836
1000331294439 1000195616379
1001556950575 1001779448080
1001403524543 1000293698946
1000783810561 1000421563220
1000146397095 1000346839962
1002145496763 1000023605298
1000297310358 1001665466097
1001670865265 1001294125414
1001421277617 1001206626197
1001729468317 1002015766630
1001855460705 1001651345782
1001357563410 1000571837513
1000071762672 1000308800352
1001347851740 1000456873941
1001403116003 1001641173374
1000805470585 1000705431876
1001432810629 1001464421188
1001897718969 1000445593374
1001142424990 1001320430104
1000002415234 1001228008526
1001480047505 1000231962782
1001662863736 1000527707716
1001351961349 1002100597292
1001620366510 1000922835550
1001691953029 1000784738904
1001670927838 1000314230399
1001391713486 1001561127722
1000467990886 1001861970407
1000157118985 1001096769246
1001322824406 1001036218867
1001550299981 1001453797184
1002042602843 1000965187677
1001596252946 1000931400597
1001855479319 1001049045684
1001311114569 1001557705840
1001064006676 1002022645239
1001186828893 1000823373139
1001785282618 1001786534165
1000179465426 1000455176535
1000033798560 1000019443080
1001097785370 1000211450353
1000022090864 1001020562588
1000765435755 1000917198139
1000928911248 1001233629245
1000094433586 1000586098121
1001522460983 1001193855194
1001529634629 1000201039084
1001405618068 1000857365712
1000760773205 1001649943097
1001718382544 1000630389354
1001832453870 1000004510467
1001409631460 1000474685834
1001328515462 1000598732487
1001287834325 1000327950942
1001417395642 1000721568915
1001143466084 1000563026584
1000239189473 1000664456505
1000300103060 1000116047303
1001303025877 1000676464379
1001110281017 1001432354721
1000492786802 1001419400033
1001817325875 1000079672465
1000022507123 1002065329191
1001689744262 1001145292185
1001697048201 1000319730456
1000794245897 1000472679362
1000362430726 1001264780485
1002026738292 1001210542626
1001156447603 1001576566708
1001120893274 1000634304584
1000873595517 1000091049200
1000086928315 1001392290187
1000067111402 1000666139115
1001234431751 1001341060843
