500
10 1000000471081
10 1000000471091
10 1000000471101
10 1000000471111
10 1000000471121
10 1000000471131
10 1000000471141
10 1000000471151
10 1000000471161
10 1000000471171
10 1000000471181
10 1000000471191
10 1000000471201
10 1000000471211
10 1000000471221
10 1000000471231
10 1000000471241
10 1000000471251
10 1000000471261
10 1000000471271
10 1000000471281
10 1000000471291
10 1000000471301
10 1000000471311
10 1000000471321
10 1000000471331
10 1000000471341
10 1000000471351
10 1000000471361
10 1000000471371
10 1000000471381
10 1000000471391
10 1000000471401
10 1000000471411
10 1000000471421
10 1000000471431
10 1000000471441
10 1000000471451
10 1000000471461
10 1000000471471
10 1000000471481
10 1000000471491
10 1000000471501
10 1000000471511
10 1000000471521
10 1000000471531
10 1000000471541
10 1000000471551
10 1000000471561
10 1000000471571
10 1000000471581
10 1000000471591
10 1000000471601
10 1000000471611
10 1000000471621
10 1000000471631
10 1000000471641
10 1000000471651
10 1000000471661
10 1000000471671
10 1000000471681
10 1000000471691
10 1000000471701
10 1000000471711
10 1000000471721
10 1000000471731
10 1000000471741
10 1000000471751
10 1000000471761
10 1000000471771
10 1000000471781
10 1000000471791
10 1000000471801
10 1000000471811
10 1000000471821
10 1000000471831
10 1000000471841
10 1000000471851
10 1000000471861
10 1000000471871
10 1000000471881
10 1000000471891
10 1000000471901
10 1000000471911
10 1000000471921
10 1000000471931
10 1000000471941
10 1000000471951
10 1000000471961
10 1000000471971
10 1000000471981
10 1000000471991
10 1000000472001
10 1000000472011
10 1000000472021
10 1000000472031
10 1000000472041
10 1000000472051
10 1000000472061
10 1000000472071
10 1000000472081
10 1000000472091
10 1000000472101
10 1000000472111
10 1000000472121
10 1000000472131
10 1000000472141
10 1000000472151
10 1000000472161
10 1000000472171
10 1000000472181
10 1000000472191
10 1000000472201
10 1000000472211
10 1000000472221
10 1000000472231
10 1000000472241
10 1000000472251
10 1000000472261
10 1000000472271
10 1000000472281
10 1000000472291
10 1000000472301
10 1000000472311
10 1000000472321
10 1000000472331
10 1000000472341
10 1000000472351
10 1000000472361
10 1000000472371
10 1000000472381
10 1000000472391
10 1000000472401
10 1000000472411
10 1000000472421
10 1000000472431
10 1000000472441
10 1000000472451
10 1000000472461
10 1000000472471
10 1000000472481
10 1000000472491
10 1000000472501
10 1000000472511
10 1000000472521
10 1000000472531
10 1000000472541
10 1000000472551
10 1000000472561
10 1000000472571
10 1000000472581
10 1000000472591
10 1000000472601
10 1000000472611
10 1000000472621
10 1000000472631
10 1000000472641
10 1000000472651
10 1000000472661
10 1000000472671
10 1000000472681
10 1000000472691
10 1000000472701
10 1000000472711
10 1000000472721
10 1000000472731
10 1000000472741
10 1000000472751
10 1000000472761
10 1000000472771
10 1000000472781
10 1000000472791
10 1000000472801
10 1000000472811
10 1000000472821
10 1000000472831
10 1000000472841
10 1000000472851
10 1000000472861
10 1000000472871
10 1000000472881
10 1000000472891
10 1000000472901
10 1000000472911
10 1000000472921
10 1000000472931
10 1000000472941
10 1000000472951
10 1000000472961
10 1000000472971
10 1000000472981
10 1000000472991
10 1000000473001
10 1000000473011
10 1000000473021
10 1000000473031
10 1000000473041
10 1000000473051
10 1000000473061
10 1000000473071
10 1000000473081
10 1000000473091
10 1000000473101
10 1000000473111
10 1000000473121
10 1000000473131
10 1000000473141
10 1000000473151
10 1000000473161
10 1000000473171
10 1000000473181
10 1000000473191
10 1000000473201
10 1000000473211
10 1000000473221
10 1000000473231
10 1000000473241
10 1000000473251
10 1000000473261
10 1000000473271
10 1000000473281
10 1000000473291
10 1000000473301
10 1000000473311
10 1000000473321
10 1000000473331
10 1000000473341
10 1000000473351
10 1000000473361
10 1000000473371
10 1000000473381
10 1000000473391
10 1000000473401
10 1000000473411
10 1000000473421
10 1000000473431
10 1000000473441
10 1000000473451
10 1000000473461
10 1000000473471
10 1000000473481
10 1000000473491
10 1000000473501
10 1000000473511
10 1000000473521
10 1000000473531
10 1000000473541
10 1000000473551
10 1000000473561
10 1000000473571
10 1000000473581
10 1000000473591
10 1000000473601
10 1000000473611
10 1000000473621
10 1000000473631
10 1000000473641
10 1000000473651
10 1000000473661
10 1000000473671
10 1000000473681
10 1000000473691
10 1000000473701
10 1000000473711
10 1000000473721
10 1000000473731
10 1000000473741
10 1000000473751
10 1000000473761
10 1000000473771
10 1000000473781
10 1000000473791
10 1000000473801
10 1000000473811
10 1000000473821
10 1000000473831
10 1000000473841
10 1000000473851
10 1000000473861
10 1000000473871
10 1000000473881
10 1000000473891
10 1000000473901
10 1000000473911
10 1000000473921
10 1000000473931
10 1000000473941
10 1000000473951
10 1000000473961
10 1000000473971
10 1000000473981
10 1000000473991
10 1000000474001
10 1000000474011
10 1000000474021
10 1000000474031
10 1000000474041
10 1000000474051
10 1000000474061
10 1000000474071
10 1000000474081
10 1000000474091
10 1000000474101
10 1000000474111
10 1000000474121
10 1000000474131
10 1000000474141
10 1000000474151
10 1000000474161
10 1000000474171
10 1000000474181
10 1000000474191
10 1000000474201
10 1000000474211
10 1000000474221
10 1000000474231
10 1000000474241
10 1000000474251
10 1000000474261
10 1000000474271
10 1000000474281
10 1000000474291
10 1000000474301
10 1000000474311
10 1000000474321
10 1000000474331
10 1000000474341
10 1000000474351
10 1000000474361
10 1000000474371
10 1000000474381
10 1000000474391
10 1000000474401
10 1000000474411
10 1000000474421
10 1000000474431
10 1000000474441
10 1000000474451
10 1000000474461
10 1000000474471
10 1000000474481
10 1000000474491
10 1000000474501
10 1000000474511
10 1000000474521
10 1000000474531
10 1000000474541
10 1000000474551
10 1000000474561
10 1000000474571
10 1000000474581
10 1000000474591
10 1000000474601
10 1000000474611
10 1000000474621
10 1000000474631
10 1000000474641
10 1000000474651
10 1000000474661
10 1000000474671
10 1000000474681
10 1000000474691
10 1000000474701
10 1000000474711
10 1000000474721
10 1000000474731
10 1000000474741
10 1000000474751
10 1000000474761
10 1000000474771
10 1000000474781
10 1000000474791
10 1000000474801
10 1000000474811
10 1000000474821
10 1000000474831
10 1000000474841
10 1000000474851
10 1000000474861
10 1000000474871
10 1000000474881
10 1000000474891
10 1000000474901
10 1000000474911
10 1000000474921
10 1000000474931
10 1000000474941
10 1000000474951
10 1000000474961
10 1000000474971
10 1000000474981
10 1000000474991
10 1000000475001
10 1000000475011
10 1000000475021
10 1000000475031
10 1000000475041
10 1000000475051
10 1000000475061
10 1000000475071
10 1000000475081
10 1000000475091
10 1000000475101
10 1000000475111
10 1000000475121
10 1000000475131
10 1000000475141
10 1000000475151
10 1000000475161
10 1000000475171
10 1000000475181
10 1000000475191
10 1000000475201
10 1000000475211
10 1000000475221
10 1000000475231
10 1000000475241
10 1000000475251
10 1000000475261
10 1000000475271
10 1000000475281
10 1000000475291
10 1000000475301
10 1000000475311
10 1000000475321
10 1000000475331
10 1000000475341
10 1000000475351
10 1000000475361
10 1000000475371
10 1000000475381
10 1000000475391
10 1000000475401
10 1000000475411
10 1000000475421
10 1000000475431
10 1000000475441
10 1000000475451
10 1000000475461
10 1000000475471
10 1000000475481
10 1000000475491
10 1000000475501
10 1000000475511
10 1000000475521
10 1000000475531
10 1000000475541
10 1000000475551
10 1000000475561
10 1000000475571
10 1000000475581
10 1000000475591
10 1000000475601
10 1000000475611
10 1000000475621
10 1000000475631
10 1000000475641
10 1000000475651
10 1000000475661
10 1000000475671
10 1000000475681
10 1000000475691
10 1000000475701
10 1000000475711
10 1000000475721
10 1000000475731
10 1000000475741
10 1000000475751
10 1000000475761
10 1000000475771
10 1000000475781
10 1000000475791
10 1000000475801
10 1000000475811
10 1000000475821
10 1000000475831
10 1000000475841
10 1000000475851
10 1000000475861
10 1000000475871
10 1000000475881
10 1000000475891
10 1000000475901
10 1000000475911
10 1000000475921
10 1000000475931
10 1000000475941
10 1000000475951
10 1000000475961
10 1000000475971
10 1000000475981
10 1000000475991
10 1000000476001
10 1000000476011
10 1000000476021
10 1000000476031
10 1000000476041
10 1000000476051
10 1000000476061
10 1000000476071
