96
1000000001715 1
1000000001835 1
1000000005463 1
1000000005523 1
1000000005553 1
1000000005613 1
1000000005643 1
1000000005703 1
1000000008001 1
1000000008151 1
1000000009191 1
1000000009227 1
1000000009257 1
1000000009269 1
1000000009287 1
1000000009317 1
1000000009335 1
1000000009347 1
1000000011315 1
1000000013023 1
1000000013077 1
1000000013523 1
1000000015135 1
1000000015431 1
1000000015599 1
1000000015641 1
1000000016893 1
1000000016923 1
1000000016929 1
1000000016953 1
1000000016971 1
1000000016983 1
1000000017013 1
1000000017019 1
1000000018623 1
1000000022487 1
1000000022517 1
1000000022739 1
1000000025017 1
1000000025697 1
1000000028311 1
1000000028359 1
1000000028377 1
1000000029843 1
1000000030855 1
1000000033105 1
1000000033999 1
1000000034041 1
1000000034467 1
1000000034521 1
1000000035031 1
1000000035055 1
1000000036891 1
1000000037005 1
1000000037011 1
1000000037035 1
1000000037041 1
1000000037053 1
1000000037107 1
1000000037313 1
1000000039777 1
1000000041481 1
1000000044103 1
1000000046167 1
1000000046235 1
1000000047223 1
1000000047253 1
1000000047517 1
1000000048023 1
1000000053283 1
1000000053355 1
1000000053385 1
1000000053481 1
1000000053493 1
1000000053607 1
1000000054119 1
1000000054137 1
1000000054311 1
1000000054341 1
1000000054641 1
1000000055397 1
1000000055413 1
1000000056451 1
1000000057501 1
1000000058625 1
1000000058631 1
1000000059427 1
1000000059595 1
1000000061821 1
1000000063533 1
1000000068763 1
1000000069131 1
1000000071517 1
1000000071847 1
1000000071877 1
1000000072431 1
