188
1000000100127 1
1000000102861 1
1000000103083 1
1000000105501 1
1000000105693 1
1000000106581 1
1000000108303 1
1000000108333 1
1000000108401 1
1000000110957 1
1000000114591 1
1000000115917 1
1000000116921 1
1000000117381 1
1000000119967 1
1000000121475 1
1000000124593 1
1000000125913 1
1000000127151 1
1000000129653 1
1000000135027 1
1000000135771 1
1000000136097 1
1000000136247 1
1000000142575 1
1000000152687 1
1000000155183 1
1000000155507 1
1000000155567 1
1000000157137 1
1000000157181 1
1000000162027 1
1000000162033 1
1000000165675 1
1000000165725 1
1000000166401 1
1000000166671 1
1000000167853 1
1000000167973 1
1000000168743 1
1000000170967 1
1000000176991 1
1000000177033 1
1000000177117 1
1000000177207 1
1000000177297 1
1000000179231 1
1000000180471 1
1000000180609 1
1000000180663 1
1000000190653 1
1000000192761 1
1000000192815 1
1000000194361 1
1000000197721 1
1000000201113 1
1000000201323 1
1000000203781 1
1000000206697 1
1000000223797 1
1000000223827 1
1000000223947 1
1000000227235 1
1000000234761 1
1000000236727 1
1000000239151 1
1000000239691 1
1000000239757 1
1000000241737 1
1000000241781 1
1000000242717 1
1000000242843 1
1000000247247 1
1000000248997 1
1000000249897 1
1000000251015 1
1000000251135 1
1000000254205 1
1000000257475 1
1000000259155 1
1000000263997 1
1000000266169 1
1000000266433 1
1000000266571 1
1000000266607 1
1000000268923 1
1000000269205 1
1000000271365 1
1000000275181 1
1000000277721 1
1000000280017 1
1000000281373 1
1000000281475 1
1000000281547 1
1000000282707 1
1000000284415 1
1000000286371 1
1000000286433 1
1000000290241 1
1000000300443 1
1000000303321 1
1000000303423 1
1000000303447 1
1000000303471 1
1000000303489 1
1000000303585 1
1000000303591 1
1000000303621 1
1000000303645 1
1000000303687 1
1000000308067 1
1000000308355 1
1000000308615 1
1000000308825 1
1000000308937 1
1000000309063 1
1000000309567 1
1000000311187 1
1000000315351 1
1000000322821 1
1000000326307 1
1000000328077 1
1000000333075 1
1000000333435 1
1000000333927 1
1000000334011 1
1000000339825 1
1000000340125 1
1000000343485 1
1000000343625 1
1000000343779 1
1000000344757 1
1000000344907 1
1000000345423 1
1000000356351 1
1000000363147 1
1000000364265 1
1000000365547 1
1000000367227 1
1000000367503 1
1000000368013 1
1000000369081 1
1000000369237 1
1000000372603 1
1000000372627 1
1000000375407 1
1000000375755 1
1000000376131 1
1000000379211 1
1000000382397 1
1000000383957 1
1000000386907 1
1000000387075 1
1000000387135 1
1000000392885 1
1000000396095 1
1000000397635 1
1000000397671 1
1000000397943 1
1000000398541 1
1000000398751 1
1000000400851 1
1000000403887 1
1000000404277 1
1000000404613 1
1000000404643 1
1000000411615 1
1000000411771 1
1000000412631 1
1000000414141 1
1000000414381 1
1000000416243 1
1000000427683 1
1000000428541 1
1000000429531 1
1000000431547 1
1000000432887 1
1000000435831 1
1000000443145 1
1000000443865 1
1000000445551 1
1000000446841 1
1000000447771 1
1000000451569 1
1000000453573 1
1000000454467 1
1000000468363 1
1000000471081 1
