472
1999999999663 1
1999999997547 1
1999999997517 1
1999999996501 1
1999999996441 1
1999999996351 1
1999999991433 1
1999999991271 1
1999999991259 1
1999999991223 1
1999999991199 1
1999999991163 1
1999999987315 1
1999999987291 1
1999999983247 1
1999999983115 1
1999999982971 1
1999999974813 1
1999999974783 1
1999999974771 1
1999999974663 1
1999999974163 1
1999999972185 1
1999999972065 1
1999999970487 1
1999999967061 1
1999999965313 1
1999999965181 1
1999999960687 1
1999999960561 1
1999999960477 1
1999999959375 1
1999999957921 1
1999999955809 1
1999999954671 1
1999999953651 1
1999999946875 1
1999999946341 1
1999999943937 1
1999999943931 1
1999999943907 1
1999999943787 1
1999999943221 1
1999999943071 1
1999999943035 1
1999999943011 1
1999999942975 1
1999999942963 1
1999999942945 1
1999999942921 1
1999999942915 1
1999999942885 1
1999999942879 1
1999999942855 1
1999999942825 1
1999999942735 1
1999999941067 1
1999999941061 1
1999999940421 1
1999999940109 1
1999999938781 1
1999999936027 1
1999999935327 1
1999999932669 1
1999999930743 1
1999999930207 1
1999999929291 1
1999999929021 1
1999999928811 1
1999999926283 1
1999999924093 1
1999999919625 1
1999999919047 1
1999999919023 1
1999999918993 1
1999999918963 1
1999999918933 1
1999999918903 1
1999999918783 1
1999999917487 1
1999999917307 1
1999999912995 1
1999999911541 1
1999999911505 1
1999999910685 1
1999999907791 1
1999999907725 1
1999999901383 1
1999999901355 1
1999999897627 1
1999999897285 1
1999999896391 1
1999999896247 1
1999999894771 1
1999999892235 1
1999999888777 1
1999999887027 1
1999999886025 1
1999999886017 1
1999999881381 1
1999999881103 1
1999999880653 1
1999999879927 1
1999999879201 1
1999999875247 1
1999999868461 1
1999999864231 1
1999999862413 1
1999999862017 1
1999999860853 1
1999999859817 1
1999999859607 1
1999999858873 1
1999999858843 1
1999999858747 1
1999999850047 1
1999999849867 1
1999999848793 1
1999999848487 1
1999999848241 1
1999999848217 1
1999999848031 1
1999999845615 1
1999999843395 1
1999999842841 1
1999999842811 1
1999999842787 1
1999999842397 1
1999999838977 1
1999999838253 1
1999999837887 1
1999999836247 1
1999999830883 1
1999999830381 1
1999999828395 1
1999999828155 1
1999999828057 1
1999999827795 1
1999999824555 1
1999999822971 1
1999999822387 1
1999999821961 1
1999999821931 1
1999999818835 1
1999999817845 1
1999999817761 1
1999999812457 1
1999999812427 1
1999999812397 1
1999999812379 1
1999999811533 1
1999999811145 1
1999999810411 1
1999999809073 1
1999999805521 1
1999999802161 1
1999999801921 1
1999999801747 1
1999999799851 1
1999999796503 1
1999999796347 1
1999999795153 1
1999999795099 1
1999999794655 1
1999999792303 1
1999999792077 1
1999999785043 1
1999999783881 1
1999999783567 1
1999999782511 1
1999999782343 1
1999999782169 1
1999999781635 1
1999999781281 1
1999999774237 1
1999999765003 1
1999999763791 1
1999999762813 1
1999999761007 1
1999999760403 1
1999999755231 1
1999999754991 1
1999999754961 1
1999999754931 1
1999999754751 1
1999999754655 1
1999999754431 1
1999999753105 1
1000000100127 1
1000000102861 1
1000000103083 1
1000000105501 1
1000000105693 1
1000000106581 1
1000000108303 1
1000000108333 1
1000000108401 1
1000000110957 1
1000000114591 1
1000000115917 1
1000000116921 1
1000000117381 1
1000000119967 1
1000000121475 1
1000000124593 1
1000000125913 1
1000000127151 1
1000000129653 1
1000000135027 1
1000000135771 1
1000000136097 1
1000000136247 1
1000000142575 1
1000000152687 1
1000000155183 1
1000000155507 1
1000000155567 1
1000000157137 1
1000000157181 1
1000000162027 1
1000000162033 1
1000000165675 1
1000000165725 1
1000000166401 1
1000000166671 1
1000000167853 1
1000000167973 1
1000000168743 1
1000000170967 1
1000000176991 1
1000000177033 1
1000000177117 1
1000000177207 1
1000000177297 1
1000000179231 1
1000000180471 1
1000000180609 1
1000000180663 1
1000000190653 1
1000000192761 1
1000000192815 1
1000000194361 1
1000000197721 1
1000000201113 1
1000000201323 1
1000000203781 1
1000000206697 1
1000000223797 1
1000000223827 1
1000000223947 1
1000000227235 1
1000000234761 1
1000000236727 1
1000000239151 1
1000000239691 1
1000000239757 1
1000000241737 1
1000000241781 1
1000000242717 1
1000000242843 1
1000000247247 1
1000000248997 1
1000000249897 1
1000000251015 1
1000000251135 1
1000000254205 1
1000000257475 1
1000000259155 1
1000000263997 1
1000000266169 1
1000000266433 1
1000000266571 1
1000000266607 1
1000000268923 1
1000000269205 1
1000000271365 1
1000000275181 1
1000000277721 1
1000000280017 1
1000000281373 1
1000000281475 1
1000000281547 1
1000000282707 1
1000000284415 1
1000000286371 1
1000000286433 1
1000000290241 1
1000000300443 1
1000000303321 1
1000000303423 1
1000000303447 1
1000000303471 1
1000000303489 1
1000000303585 1
1000000303591 1
1000000303621 1
1000000303645 1
1000000303687 1
1000000308067 1
1000000308355 1
1000000308615 1
1000000308825 1
1000000308937 1
1000000309063 1
1000000309567 1
1000000311187 1
1000000315351 1
1000000322821 1
1000000326307 1
1000000328077 1
1000000333075 1
1000000333435 1
1000000333927 1
1000000334011 1
1000000339825 1
1000000340125 1
1000000343485 1
1000000343625 1
1000000343779 1
1000000344757 1
1000000344907 1
1000000345423 1
1000000356351 1
1000000363147 1
1000000364265 1
1000000365547 1
1000000367227 1
1000000367503 1
1000000368013 1
1000000369081 1
1000000369237 1
1000000372603 1
1000000372627 1
1000000375407 1
1000000375755 1
1000000376131 1
1000000379211 1
1000000382397 1
1000000383957 1
1000000386907 1
1000000387075 1
1000000387135 1
1000000392885 1
1000000396095 1
1000000397635 1
1000000397671 1
1000000397943 1
1000000398541 1
1000000398751 1
1000000400851 1
1000000403887 1
1000000404277 1
1000000404613 1
1000000404643 1
1000000411615 1
1000000411771 1
1000000412631 1
1000000414141 1
1000000414381 1
1000000416243 1
1000000427683 1
1000000428541 1
1000000429531 1
1000000431547 1
1000000432887 1
1000000435831 1
1000000443145 1
1000000443865 1
1000000445551 1
1000000446841 1
1000000447771 1
1000000451569 1
1000000453573 1
1000000454467 1
1000000468363 1
1000000471081 1
1000000001715 1
1000000001835 1
1000000005463 1
1000000005523 1
1000000005553 1
1000000005613 1
1000000005643 1
1000000005703 1
1000000008001 1
1000000008151 1
1000000009191 1
1000000009227 1
1000000009257 1
1000000009269 1
1000000009287 1
1000000009317 1
1000000009335 1
1000000009347 1
1000000011315 1
1000000013023 1
1000000013077 1
1000000013523 1
1000000015135 1
1000000015431 1
1000000015599 1
1000000015641 1
1000000016893 1
1000000016923 1
1000000016929 1
1000000016953 1
1000000016971 1
1000000016983 1
1000000017013 1
1000000017019 1
1000000018623 1
1000000022487 1
1000000022517 1
1000000022739 1
1000000025017 1
1000000025697 1
1000000028311 1
1000000028359 1
1000000028377 1
1000000029843 1
1000000030855 1
1000000033105 1
1000000033999 1
1000000034041 1
1000000034467 1
1000000034521 1
1000000035031 1
1000000035055 1
1000000036891 1
1000000037005 1
1000000037011 1
1000000037035 1
1000000037041 1
1000000037053 1
1000000037107 1
1000000037313 1
1000000039777 1
1000000041481 1
1000000044103 1
1000000046167 1
1000000046235 1
1000000047223 1
1000000047253 1
1000000047517 1
1000000048023 1
1000000053283 1
1000000053355 1
1000000053385 1
1000000053481 1
1000000053493 1
1000000053607 1
1000000054119 1
1000000054137 1
1000000054311 1
1000000054341 1
1000000054641 1
1000000055397 1
1000000055413 1
1000000056451 1
1000000057501 1
1000000058625 1
1000000058631 1
1000000059427 1
1000000059595 1
1000000061821 1
1000000063533 1
1000000068763 1
1000000069131 1
1000000071517 1
1000000071847 1
1000000071877 1
1000000072431 1
