500
2000000000000 1999999999969
2000000000000 1999999999931
2000000000000 1999999999925
2000000000000 1999999999919
2000000000000 1999999999913
2000000000000 1999999999853
2000000000000 1999999999843
2000000000000 1999999999825
2000000000000 1999999999805
2000000000000 1999999999783
2000000000000 1999999999775
2000000000000 1999999999759
2000000000000 1999999999681
2000000000000 1999999999633
2000000000000 1999999999625
2000000000000 1999999999601
2000000000000 1999999999589
2000000000000 1999999999553
2000000000000 1999999999549
2000000000000 1999999999535
2000000000000 1999999999523
2000000000000 1999999999489
2000000000000 1999999999475
2000000000000 1999999999463
2000000000000 1999999999441
2000000000000 1999999999399
2000000000000 1999999999379
2000000000000 1999999999363
2000000000000 1999999999289
2000000000000 1999999999285
2000000000000 1999999999241
2000000000000 1999999999199
2000000000000 1999999999175
2000000000000 1999999999141
2000000000000 1999999999135
2000000000000 1999999999133
2000000000000 1999999999115
2000000000000 1999999999093
2000000000000 1999999999079
2000000000000 1999999999051
2000000000000 1999999999021
2000000000000 1999999999013
2000000000000 1999999998995
2000000000000 1999999998991
2000000000000 1999999998979
2000000000000 1999999998973
2000000000000 1999999998883
2000000000000 1999999998833
2000000000000 1999999998805
2000000000000 1999999998751
2000000000000 1999999998713
2000000000000 1999999998691
2000000000000 1999999998665
2000000000000 1999999998649
2000000000000 1999999998635
2000000000000 1999999998583
2000000000000 1999999998571
2000000000000 1999999998551
2000000000000 1999999998523
2000000000000 1999999998515
2000000000000 1999999998509
2000000000000 1999999998463
2000000000000 1999999998433
2000000000000 1999999998371
2000000000000 1999999998305
2000000000000 1999999998265
2000000000000 1999999998263
2000000000000 1999999998253
2000000000000 1999999998223
2000000000000 1999999998215
2000000000000 1999999998193
2000000000000 1999999998175
2000000000000 1999999998149
2000000000000 1999999998125
2000000000000 1999999998091
2000000000000 1999999998049
2000000000000 1999999998005
2000000000000 1999999997993
2000000000000 1999999997981
2000000000000 1999999997923
2000000000000 1999999997911
2000000000000 1999999997881
2000000000000 1999999997869
2000000000000 1999999997845
2000000000000 1999999997843
2000000000000 1999999997833
2000000000000 1999999997819
2000000000000 1999999997761
2000000000000 1999999997669
2000000000000 1999999997651
2000000000000 1999999997641
2000000000000 1999999997623
2000000000000 1999999997585
2000000000000 1999999997575
2000000000000 1999999997563
2000000000000 1999999997551
2000000000000 1999999997491
2000000000000 1999999997425
2000000000000 1999999997393
2000000000000 1999999997375
2000000000000 1999999997353
2000000000000 1999999997323
2000000000000 1999999997311
2000000000000 1999999997285
2000000000000 1999999997273
2000000000000 1999999997243
2000000000000 1999999997239
2000000000000 1999999997155
2000000000000 1999999997119
2000000000000 1999999997053
2000000000000 1999999997035
2000000000000 1999999997015
2000000000000 1999999997011
2000000000000 1999999997005
2000000000000 1999999996933
2000000000000 1999999996921
2000000000000 1999999996901
2000000000000 1999999996859
2000000000000 1999999996831
2000000000000 1999999996825
2000000000000 1999999996789
2000000000000 1999999996759
2000000000000 1999999996751
2000000000000 1999999996639
2000000000000 1999999996633
2000000000000 1999999996585
2000000000000 1999999996583
2000000000000 1999999996543
2000000000000 1999999996541
2000000000000 1999999996531
2000000000000 1999999996513
2000000000000 1999999996481
2000000000000 1999999996373
2000000000000 1999999996361
2000000000000 1999999996321
2000000000000 1999999996301
2000000000000 1999999996285
2000000000000 1999999996273
2000000000000 1999999996271
2000000000000 1999999996259
2000000000000 1999999996249
2000000000000 1999999996243
2000000000000 1999999996223
2000000000000 1999999996205
2000000000000 1999999996139
2000000000000 1999999996133
2000000000000 1999999996121
2000000000000 1999999996103
2000000000000 1999999996031
2000000000000 1999999996013
2000000000000 1999999995979
2000000000000 1999999995899
2000000000000 1999999995803
2000000000000 1999999995793
2000000000000 1999999995781
2000000000000 1999999995701
2000000000000 1999999995569
2000000000000 1999999995529
2000000000000 1999999995515
2000000000000 1999999995493
2000000000000 1999999995481
2000000000000 1999999995451
2000000000000 1999999995449
2000000000000 1999999995443
2000000000000 1999999995401
2000000000000 1999999995365
2000000000000 1999999995353
2000000000000 1999999995349
2000000000000 1999999995341
2000000000000 1999999995325
2000000000000 1999999995295
2000000000000 1999999995293
2000000000000 1999999995289
2000000000000 1999999995263
2000000000000 1999999995209
2000000000000 1999999995199
2000000000000 1999999995163
2000000000000 1999999995121
2000000000000 1999999995029
2000000000000 1999999994983
2000000000000 1999999994981
2000000000000 1999999994885
2000000000000 1999999994851
2000000000000 1999999994831
2000000000000 1999999994815
2000000000000 1999999994735
2000000000000 1999999994705
2000000000000 1999999994609
2000000000000 1999999994515
2000000000000 1999999994513
2000000000000 1999999994491
2000000000000 1999999994435
2000000000000 1999999994429
2000000000000 1999999994423
2000000000000 1999999994365
2000000000000 1999999994359
2000000000000 1999999994173
2000000000000 1999999994123
2000000000000 1999999994105
2000000000000 1999999994101
2000000000000 1999999993973
2000000000000 1999999993945
2000000000000 1999999993933
2000000000000 1999999993891
2000000000000 1999999993825
2000000000000 1999999993675
2000000000000 1999999993661
2000000000000 1999999993591
2000000000000 1999999993535
2000000000000 1999999993531
2000000000000 1999999993501
2000000000000 1999999993489
2000000000000 1999999993463
2000000000000 1999999993421
2000000000000 1999999993315
2000000000000 1999999993291
2000000000000 1999999993289
2000000000000 1999999993273
2000000000000 1999999993265
2000000000000 1999999993261
2000000000000 1999999993213
2000000000000 1999999993151
2000000000000 1999999993139
2000000000000 1999999993093
2000000000000 1999999993063
2000000000000 1999999993055
2000000000000 1999999993021
2000000000000 1999999992983
2000000000000 1999999992979
2000000000000 1999999992971
2000000000000 1999999992955
2000000000000 1999999992853
2000000000000 1999999992839
2000000000000 1999999992805
2000000000000 1999999992803
2000000000000 1999999992785
2000000000000 1999999992719
2000000000000 1999999992671
2000000000000 1999999992649
2000000000000 1999999992581
2000000000000 1999999992553
2000000000000 1999999992541
2000000000000 1999999992533
2000000000000 1999999992505
2000000000000 1999999992461
2000000000000 1999999992455
2000000000000 1999999992443
2000000000000 1999999992439
2000000000000 1999999992379
2000000000000 1999999992293
2000000000000 1999999992271
2000000000000 1999999992259
2000000000000 1999999992173
2000000000000 1999999992103
2000000000000 1999999992091
2000000000000 1999999992085
2000000000000 1999999992059
2000000000000 1999999992035
2000000000000 1999999991995
2000000000000 1999999991965
2000000000000 1999999991959
2000000000000 1999999991939
2000000000000 1999999991921
2000000000000 1999999991911
2000000000000 1999999991881
2000000000000 1999999991863
2000000000000 1999999991851
2000000000000 1999999991849
2000000000000 1999999991845
2000000000000 1999999991819
2000000000000 1999999991813
2000000000000 1999999991809
2000000000000 1999999991783
2000000000000 1999999991729
2000000000000 1999999991695
2000000000000 1999999991683
2000000000000 1999999991635
2000000000000 1999999991609
2000000000000 1999999991593
2000000000000 1999999991579
2000000000000 1999999991575
2000000000000 1999999991551
2000000000000 1999999991545
2000000000000 1999999991543
2000000000000 1999999991491
2000000000000 1999999991485
2000000000000 1999999991441
2000000000000 1999999991389
2000000000000 1999999991383
2000000000000 1999999991335
2000000000000 1999999991321
2000000000000 1999999991315
2000000000000 1999999991285
2000000000000 1999999991281
2000000000000 1999999991243
2000000000000 1999999991221
2000000000000 1999999991131
2000000000000 1999999991083
2000000000000 1999999991071
2000000000000 1999999991039
2000000000000 1999999991023
2000000000000 1999999990999
2000000000000 1999999990973
2000000000000 1999999990943
2000000000000 1999999990939
2000000000000 1999999990883
2000000000000 1999999990853
2000000000000 1999999990843
2000000000000 1999999990829
2000000000000 1999999990801
2000000000000 1999999990789
2000000000000 1999999990775
2000000000000 1999999990739
2000000000000 1999999990699
2000000000000 1999999990675
2000000000000 1999999990661
2000000000000 1999999990609
2000000000000 1999999990603
2000000000000 1999999990591
2000000000000 1999999990535
2000000000000 1999999990519
2000000000000 1999999990445
2000000000000 1999999990433
2000000000000 1999999990421
2000000000000 1999999990409
2000000000000 1999999990399
2000000000000 1999999990375
2000000000000 1999999990363
2000000000000 1999999990355
2000000000000 1999999990319
2000000000000 1999999990309
2000000000000 1999999990259
2000000000000 1999999990211
2000000000000 1999999990195
2000000000000 1999999990181
2000000000000 1999999990171
2000000000000 1999999990099
2000000000000 1999999990063
2000000000000 1999999989989
2000000000000 1999999989965
2000000000000 1999999989941
2000000000000 1999999989905
2000000000000 1999999989893
2000000000000 1999999989875
2000000000000 1999999989851
2000000000000 1999999989839
2000000000000 1999999989821
2000000000000 1999999989791
2000000000000 1999999989763
2000000000000 1999999989653
2000000000000 1999999989593
2000000000000 1999999989565
2000000000000 1999999989535
2000000000000 1999999989499
2000000000000 1999999989479
2000000000000 1999999989451
2000000000000 1999999989409
2000000000000 1999999989389
2000000000000 1999999989355
2000000000000 1999999989335
2000000000000 1999999989329
2000000000000 1999999989293
2000000000000 1999999989289
2000000000000 1999999989263
2000000000000 1999999989259
2000000000000 1999999989241
2000000000000 1999999989199
2000000000000 1999999989161
2000000000000 1999999989151
2000000000000 1999999989149
2000000000000 1999999989145
2000000000000 1999999989133
2000000000000 1999999989131
2000000000000 1999999989079
2000000000000 1999999989059
2000000000000 1999999989055
2000000000000 1999999989023
2000000000000 1999999989005
2000000000000 1999999988915
2000000000000 1999999988905
2000000000000 1999999988773
2000000000000 1999999988765
2000000000000 1999999988719
2000000000000 1999999988689
2000000000000 1999999988629
2000000000000 1999999988621
2000000000000 1999999988605
2000000000000 1999999988599
2000000000000 1999999988579
2000000000000 1999999988563
2000000000000 1999999988551
2000000000000 1999999988513
2000000000000 1999999988471
2000000000000 1999999988465
2000000000000 1999999988449
2000000000000 1999999988435
2000000000000 1999999988375
2000000000000 1999999988353
2000000000000 1999999988345
2000000000000 1999999988333
2000000000000 1999999988321
2000000000000 1999999988263
2000000000000 1999999988221
2000000000000 1999999988191
2000000000000 1999999988153
2000000000000 1999999988131
2000000000000 1999999988111
2000000000000 1999999988095
2000000000000 1999999988053
2000000000000 1999999988009
2000000000000 1999999988005
2000000000000 1999999987981
2000000000000 1999999987969
2000000000000 1999999987955
2000000000000 1999999987943
2000000000000 1999999987933
2000000000000 1999999987915
2000000000000 1999999987891
2000000000000 1999999987859
2000000000000 1999999987823
2000000000000 1999999987781
2000000000000 1999999987723
2000000000000 1999999987721
2000000000000 1999999987709
2000000000000 1999999987703
2000000000000 1999999987633
2000000000000 1999999987613
2000000000000 1999999987549
2000000000000 1999999987495
2000000000000 1999999987459
2000000000000 1999999987451
2000000000000 1999999987439
2000000000000 1999999987435
2000000000000 1999999987429
2000000000000 1999999987399
2000000000000 1999999987331
2000000000000 1999999987309
2000000000000 1999999987295
2000000000000 1999999987291
2000000000000 1999999987283
2000000000000 1999999987189
2000000000000 1999999987175
2000000000000 1999999987163
2000000000000 1999999987123
2000000000000 1999999987091
2000000000000 1999999987019
2000000000000 1999999987003
2000000000000 1999999986995
2000000000000 1999999986925
2000000000000 1999999986923
2000000000000 1999999986893
2000000000000 1999999986839
2000000000000 1999999986833
2000000000000 1999999986805
2000000000000 1999999986791
2000000000000 1999999986763
2000000000000 1999999986709
2000000000000 1999999986695
2000000000000 1999999986671
2000000000000 1999999986665
2000000000000 1999999986643
2000000000000 1999999986601
2000000000000 1999999986583
2000000000000 1999999986473
2000000000000 1999999986455
2000000000000 1999999986451
2000000000000 1999999986433
2000000000000 1999999986431
2000000000000 1999999986415
2000000000000 1999999986353
2000000000000 1999999986349
2000000000000 1999999986305
2000000000000 1999999986301
2000000000000 1999999986293
2000000000000 1999999986269
2000000000000 1999999986203
2000000000000 1999999986185
2000000000000 1999999986175
2000000000000 1999999986151
2000000000000 1999999986139
2000000000000 1999999986133
2000000000000 1999999986119
2000000000000 1999999986091
2000000000000 1999999986079
2000000000000 1999999986073
2000000000000 1999999986071
2000000000000 1999999986055
2000000000000 1999999986043
2000000000000 1999999986041
2000000000000 1999999986011
2000000000000 1999999985983
2000000000000 1999999985941
2000000000000 1999999985899
2000000000000 1999999985855
2000000000000 1999999985843
2000000000000 1999999985833
2000000000000 1999999985803
2000000000000 1999999985791
2000000000000 1999999985749
2000000000000 1999999985735
