500
2000000000000 2000000000000
2000000000000 1999999999998
2000000000000 1999999999996
2000000000000 1999999999994
2000000000000 1999999999992
2000000000000 1999999999990
2000000000000 1999999999988
2000000000000 1999999999986
2000000000000 1999999999984
2000000000000 1999999999982
2000000000000 1999999999980
2000000000000 1999999999978
2000000000000 1999999999976
2000000000000 1999999999974
2000000000000 1999999999972
2000000000000 1999999999970
2000000000000 1999999999968
2000000000000 1999999999966
2000000000000 1999999999964
2000000000000 1999999999962
2000000000000 1999999999960
2000000000000 1999999999958
2000000000000 1999999999956
2000000000000 1999999999954
2000000000000 1999999999952
2000000000000 1999999999950
2000000000000 1999999999948
2000000000000 1999999999946
2000000000000 1999999999944
2000000000000 1999999999942
2000000000000 1999999999940
2000000000000 1999999999938
2000000000000 1999999999936
2000000000000 1999999999934
2000000000000 1999999999932
2000000000000 1999999999930
2000000000000 1999999999928
2000000000000 1999999999926
2000000000000 1999999999924
2000000000000 1999999999922
2000000000000 1999999999920
2000000000000 1999999999918
2000000000000 1999999999916
2000000000000 1999999999914
2000000000000 1999999999912
2000000000000 1999999999910
2000000000000 1999999999908
2000000000000 1999999999906
2000000000000 1999999999904
2000000000000 1999999999902
2000000000000 1999999999900
2000000000000 1999999999898
2000000000000 1999999999896
2000000000000 1999999999894
2000000000000 1999999999892
2000000000000 1999999999890
2000000000000 1999999999888
2000000000000 1999999999886
2000000000000 1999999999884
2000000000000 1999999999882
2000000000000 1999999999880
2000000000000 1999999999878
2000000000000 1999999999876
2000000000000 1999999999874
2000000000000 1999999999872
2000000000000 1999999999870
2000000000000 1999999999868
2000000000000 1999999999866
2000000000000 1999999999864
2000000000000 1999999999862
2000000000000 1999999999860
2000000000000 1999999999858
2000000000000 1999999999856
2000000000000 1999999999854
2000000000000 1999999999852
2000000000000 1999999999850
2000000000000 1999999999848
2000000000000 1999999999846
2000000000000 1999999999844
2000000000000 1999999999842
2000000000000 1999999999840
2000000000000 1999999999838
2000000000000 1999999999836
2000000000000 1999999999834
2000000000000 1999999999832
2000000000000 1999999999830
2000000000000 1999999999828
2000000000000 1999999999826
2000000000000 1999999999824
2000000000000 1999999999822
2000000000000 1999999999820
2000000000000 1999999999818
2000000000000 1999999999816
2000000000000 1999999999814
2000000000000 1999999999812
2000000000000 1999999999810
2000000000000 1999999999808
2000000000000 1999999999806
2000000000000 1999999999804
2000000000000 1999999999802
2000000000000 1999999999800
2000000000000 1999999999798
2000000000000 1999999999796
2000000000000 1999999999794
2000000000000 1999999999792
2000000000000 1999999999790
2000000000000 1999999999788
2000000000000 1999999999786
2000000000000 1999999999784
2000000000000 1999999999782
2000000000000 1999999999780
2000000000000 1999999999778
2000000000000 1999999999776
2000000000000 1999999999774
2000000000000 1999999999772
2000000000000 1999999999770
2000000000000 1999999999768
2000000000000 1999999999766
2000000000000 1999999999764
2000000000000 1999999999762
2000000000000 1999999999760
2000000000000 1999999999758
2000000000000 1999999999756
2000000000000 1999999999754
2000000000000 1999999999752
2000000000000 1999999999750
2000000000000 1999999999748
2000000000000 1999999999746
2000000000000 1999999999744
2000000000000 1999999999742
2000000000000 1999999999740
2000000000000 1999999999738
2000000000000 1999999999736
2000000000000 1999999999734
2000000000000 1999999999732
2000000000000 1999999999730
2000000000000 1999999999728
2000000000000 1999999999726
2000000000000 1999999999724
2000000000000 1999999999722
2000000000000 1999999999720
2000000000000 1999999999718
2000000000000 1999999999716
2000000000000 1999999999714
2000000000000 1999999999712
2000000000000 1999999999710
2000000000000 1999999999708
2000000000000 1999999999706
2000000000000 1999999999704
2000000000000 1999999999702
2000000000000 1999999999700
2000000000000 1999999999698
2000000000000 1999999999696
2000000000000 1999999999694
2000000000000 1999999999692
2000000000000 1999999999690
2000000000000 1999999999688
2000000000000 1999999999686
2000000000000 1999999999684
2000000000000 1999999999682
2000000000000 1999999999680
2000000000000 1999999999678
2000000000000 1999999999676
2000000000000 1999999999674
2000000000000 1999999999672
2000000000000 1999999999670
2000000000000 1999999999668
2000000000000 1999999999666
2000000000000 1999999999664
2000000000000 1999999999662
2000000000000 1999999999660
2000000000000 1999999999658
2000000000000 1999999999656
2000000000000 1999999999654
2000000000000 1999999999652
2000000000000 1999999999650
2000000000000 1999999999648
2000000000000 1999999999646
2000000000000 1999999999644
2000000000000 1999999999642
2000000000000 1999999999640
2000000000000 1999999999638
2000000000000 1999999999636
2000000000000 1999999999634
2000000000000 1999999999632
2000000000000 1999999999630
2000000000000 1999999999628
2000000000000 1999999999626
2000000000000 1999999999624
2000000000000 1999999999622
2000000000000 1999999999620
2000000000000 1999999999618
2000000000000 1999999999616
2000000000000 1999999999614
2000000000000 1999999999612
2000000000000 1999999999610
2000000000000 1999999999608
2000000000000 1999999999606
2000000000000 1999999999604
2000000000000 1999999999602
2000000000000 1999999999600
2000000000000 1999999999598
2000000000000 1999999999596
2000000000000 1999999999594
2000000000000 1999999999592
2000000000000 1999999999590
2000000000000 1999999999588
2000000000000 1999999999586
2000000000000 1999999999584
2000000000000 1999999999582
2000000000000 1999999999580
2000000000000 1999999999578
2000000000000 1999999999576
2000000000000 1999999999574
2000000000000 1999999999572
2000000000000 1999999999570
2000000000000 1999999999568
2000000000000 1999999999566
2000000000000 1999999999564
2000000000000 1999999999562
2000000000000 1999999999560
2000000000000 1999999999558
2000000000000 1999999999556
2000000000000 1999999999554
2000000000000 1999999999552
2000000000000 1999999999550
2000000000000 1999999999548
2000000000000 1999999999546
2000000000000 1999999999544
2000000000000 1999999999542
2000000000000 1999999999540
2000000000000 1999999999538
2000000000000 1999999999536
2000000000000 1999999999534
2000000000000 1999999999532
2000000000000 1999999999530
2000000000000 1999999999528
2000000000000 1999999999526
2000000000000 1999999999524
2000000000000 1999999999522
2000000000000 1999999999520
2000000000000 1999999999518
2000000000000 1999999999516
2000000000000 1999999999514
2000000000000 1999999999512
2000000000000 1999999999510
2000000000000 1999999999508
2000000000000 1999999999506
2000000000000 1999999999504
2000000000000 1999999999502
2000000000000 1999999999500
2000000000000 1999999999498
2000000000000 1999999999496
2000000000000 1999999999494
2000000000000 1999999999492
2000000000000 1999999999490
2000000000000 1999999999488
2000000000000 1999999999486
2000000000000 1999999999484
2000000000000 1999999999482
2000000000000 1999999999480
2000000000000 1999999999478
2000000000000 1999999999476
2000000000000 1999999999474
2000000000000 1999999999472
2000000000000 1999999999470
2000000000000 1999999999468
2000000000000 1999999999466
2000000000000 1999999999464
2000000000000 1999999999462
2000000000000 1999999999460
2000000000000 1999999999458
2000000000000 1999999999456
2000000000000 1999999999454
2000000000000 1999999999452
2000000000000 1999999999450
2000000000000 1999999999448
2000000000000 1999999999446
2000000000000 1999999999444
2000000000000 1999999999442
2000000000000 1999999999440
2000000000000 1999999999438
2000000000000 1999999999436
2000000000000 1999999999434
2000000000000 1999999999432
2000000000000 1999999999430
2000000000000 1999999999428
2000000000000 1999999999426
2000000000000 1999999999424
2000000000000 1999999999422
2000000000000 1999999999420
2000000000000 1999999999418
2000000000000 1999999999416
2000000000000 1999999999414
2000000000000 1999999999412
2000000000000 1999999999410
2000000000000 1999999999408
2000000000000 1999999999406
2000000000000 1999999999404
2000000000000 1999999999402
2000000000000 1999999999400
2000000000000 1999999999398
2000000000000 1999999999396
2000000000000 1999999999394
2000000000000 1999999999392
2000000000000 1999999999390
2000000000000 1999999999388
2000000000000 1999999999386
2000000000000 1999999999384
2000000000000 1999999999382
2000000000000 1999999999380
2000000000000 1999999999378
2000000000000 1999999999376
2000000000000 1999999999374
2000000000000 1999999999372
2000000000000 1999999999370
2000000000000 1999999999368
2000000000000 1999999999366
2000000000000 1999999999364
2000000000000 1999999999362
2000000000000 1999999999360
2000000000000 1999999999358
2000000000000 1999999999356
2000000000000 1999999999354
2000000000000 1999999999352
2000000000000 1999999999350
2000000000000 1999999999348
2000000000000 1999999999346
2000000000000 1999999999344
2000000000000 1999999999342
2000000000000 1999999999340
2000000000000 1999999999338
2000000000000 1999999999336
2000000000000 1999999999334
2000000000000 1999999999332
2000000000000 1999999999330
2000000000000 1999999999328
2000000000000 1999999999326
2000000000000 1999999999324
2000000000000 1999999999322
2000000000000 1999999999320
2000000000000 1999999999318
2000000000000 1999999999316
2000000000000 1999999999314
2000000000000 1999999999312
2000000000000 1999999999310
2000000000000 1999999999308
2000000000000 1999999999306
2000000000000 1999999999304
2000000000000 1999999999302
2000000000000 1999999999300
2000000000000 1999999999298
2000000000000 1999999999296
2000000000000 1999999999294
2000000000000 1999999999292
2000000000000 1999999999290
2000000000000 1999999999288
2000000000000 1999999999286
2000000000000 1999999999284
2000000000000 1999999999282
2000000000000 1999999999280
2000000000000 1999999999278
2000000000000 1999999999276
2000000000000 1999999999274
2000000000000 1999999999272
2000000000000 1999999999270
2000000000000 1999999999268
2000000000000 1999999999266
2000000000000 1999999999264
2000000000000 1999999999262
2000000000000 1999999999260
2000000000000 1999999999258
2000000000000 1999999999256
2000000000000 1999999999254
2000000000000 1999999999252
2000000000000 1999999999250
2000000000000 1999999999248
2000000000000 1999999999246
2000000000000 1999999999244
2000000000000 1999999999242
2000000000000 1999999999240
2000000000000 1999999999238
2000000000000 1999999999236
2000000000000 1999999999234
2000000000000 1999999999232
2000000000000 1999999999230
2000000000000 1999999999228
2000000000000 1999999999226
2000000000000 1999999999224
2000000000000 1999999999222
2000000000000 1999999999220
2000000000000 1999999999218
2000000000000 1999999999216
2000000000000 1999999999214
2000000000000 1999999999212
2000000000000 1999999999210
2000000000000 1999999999208
2000000000000 1999999999206
2000000000000 1999999999204
2000000000000 1999999999202
2000000000000 1999999999200
2000000000000 1999999999198
2000000000000 1999999999196
2000000000000 1999999999194
2000000000000 1999999999192
2000000000000 1999999999190
2000000000000 1999999999188
2000000000000 1999999999186
2000000000000 1999999999184
2000000000000 1999999999182
2000000000000 1999999999180
2000000000000 1999999999178
2000000000000 1999999999176
2000000000000 1999999999174
2000000000000 1999999999172
2000000000000 1999999999170
2000000000000 1999999999168
2000000000000 1999999999166
2000000000000 1999999999164
2000000000000 1999999999162
2000000000000 1999999999160
2000000000000 1999999999158
2000000000000 1999999999156
2000000000000 1999999999154
2000000000000 1999999999152
2000000000000 1999999999150
2000000000000 1999999999148
2000000000000 1999999999146
2000000000000 1999999999144
2000000000000 1999999999142
2000000000000 1999999999140
2000000000000 1999999999138
2000000000000 1999999999136
2000000000000 1999999999134
2000000000000 1999999999132
2000000000000 1999999999130
2000000000000 1999999999128
2000000000000 1999999999126
2000000000000 1999999999124
2000000000000 1999999999122
2000000000000 1999999999120
2000000000000 1999999999118
2000000000000 1999999999116
2000000000000 1999999999114
2000000000000 1999999999112
2000000000000 1999999999110
2000000000000 1999999999108
2000000000000 1999999999106
2000000000000 1999999999104
2000000000000 1999999999102
2000000000000 1999999999100
2000000000000 1999999999098
2000000000000 1999999999096
2000000000000 1999999999094
2000000000000 1999999999092
2000000000000 1999999999090
2000000000000 1999999999088
2000000000000 1999999999086
2000000000000 1999999999084
2000000000000 1999999999082
2000000000000 1999999999080
2000000000000 1999999999078
2000000000000 1999999999076
2000000000000 1999999999074
2000000000000 1999999999072
2000000000000 1999999999070
2000000000000 1999999999068
2000000000000 1999999999066
2000000000000 1999999999064
2000000000000 1999999999062
2000000000000 1999999999060
2000000000000 1999999999058
2000000000000 1999999999056
2000000000000 1999999999054
2000000000000 1999999999052
2000000000000 1999999999050
2000000000000 1999999999048
2000000000000 1999999999046
2000000000000 1999999999044
2000000000000 1999999999042
2000000000000 1999999999040
2000000000000 1999999999038
2000000000000 1999999999036
2000000000000 1999999999034
2000000000000 1999999999032
2000000000000 1999999999030
2000000000000 1999999999028
2000000000000 1999999999026
2000000000000 1999999999024
2000000000000 1999999999022
2000000000000 1999999999020
2000000000000 1999999999018
2000000000000 1999999999016
2000000000000 1999999999014
2000000000000 1999999999012
2000000000000 1999999999010
2000000000000 1999999999008
2000000000000 1999999999006
2000000000000 1999999999004
2000000000000 1999999999002
