500
1993564784700 2000000000000
611424196475 2000000000000
1271515670720 2000000000000
1294880877567 2000000000000
504854718325 2000000000000
1289605929311 2000000000000
1544270381678 2000000000000
1377584856206 2000000000000
1390236503892 2000000000000
1071620031655 2000000000000
1248740358881 2000000000000
615676840997 2000000000000
1104546740289 2000000000000
58428888423 2000000000000
922447229817 2000000000000
1535435042018 2000000000000
1148603573015 2000000000000
1887495290829 2000000000000
1022147326643 2000000000000
992188877245 2000000000000
585898656919 2000000000000
787657438547 2000000000000
1707765700660 2000000000000
1332513208758 2000000000000
1806545161409 2000000000000
948200745311 2000000000000
1970413247189 2000000000000
1315207243246 2000000000000
1567593657247 2000000000000
832527166401 2000000000000
1028163570568 2000000000000
1586637142832 2000000000000
1603151409714 2000000000000
1792944101709 2000000000000
1964348251264 2000000000000
1217953030975 2000000000000
86068029161 2000000000000
1242349324778 2000000000000
1994468452561 2000000000000
656776540913 2000000000000
916348865777 2000000000000
948106351024 2000000000000
1802107931986 2000000000000
1167507707929 2000000000000
1324564932457 2000000000000
1603994799804 2000000000000
779458845427 2000000000000
1145895137060 2000000000000
971392150299 2000000000000
905756508555 2000000000000
488030329903 2000000000000
487620730781 2000000000000
1751304806696 2000000000000
512875706627 2000000000000
1551913058532 2000000000000
1823495734666 2000000000000
1127403589715 2000000000000
1836645022740 2000000000000
282774458042 2000000000000
1928483740642 2000000000000
58191793998 2000000000000
1719211906181 2000000000000
340298876598 2000000000000
1517516601362 2000000000000
44373975526 2000000000000
1666726568112 2000000000000
1059327522736 2000000000000
1283581398478 2000000000000
715749960946 2000000000000
1285183118830 2000000000000
338781975474 2000000000000
858635107118 2000000000000
725041915409 2000000000000
524494799277 2000000000000
827888387609 2000000000000
1253092604606 2000000000000
1245230607959 2000000000000
1302726712280 2000000000000
893689352803 2000000000000
981451848979 2000000000000
1976662670706 2000000000000
1881575567278 2000000000000
1938132874083 2000000000000
1448166386106 2000000000000
1089252740020 2000000000000
1323510463028 2000000000000
1861654690500 2000000000000
217687874998 2000000000000
671760506654 2000000000000
1866903686580 2000000000000
1764733625690 2000000000000
1973232358749 2000000000000
1367563924035 2000000000000
159366914752 2000000000000
1623507672806 2000000000000
1627383154842 2000000000000
1428955881611 2000000000000
1479500545642 2000000000000
78131367938 2000000000000
1545325806150 2000000000000
734613410595 2000000000000
1132682729035 2000000000000
1715267389162 2000000000000
30564821778 2000000000000
1823995249775 2000000000000
83766417688 2000000000000
660290421706 2000000000000
1873613386461 2000000000000
1526803554854 2000000000000
422037726217 2000000000000
926229018006 2000000000000
1110926120000 2000000000000
1996296613810 2000000000000
732957735760 2000000000000
1379776413907 2000000000000
1800905501677 2000000000000
1907230242514 2000000000000
230103735365 2000000000000
1711417661949 2000000000000
1365248012053 2000000000000
774493538626 2000000000000
976418270683 2000000000000
1893891084862 2000000000000
879712094381 2000000000000
1692974150630 2000000000000
809242186446 2000000000000
1518532603391 2000000000000
211734324739 2000000000000
331460974915 2000000000000
1718475634625 2000000000000
1579625464769 2000000000000
1154759839847 2000000000000
1155083523069 2000000000000
1655989671275 2000000000000
990137360324 2000000000000
1824153122678 2000000000000
1132344186263 2000000000000
368060734961 2000000000000
1246170735456 2000000000000
1537839278089 2000000000000
1396230705141 2000000000000
243811340473 2000000000000
267952184980 2000000000000
1520082938168 2000000000000
290022271987 2000000000000
174948444057 2000000000000
1311324571668 2000000000000
1546568836151 2000000000000
945609422917 2000000000000
1808810917434 2000000000000
1864019027244 2000000000000
520525526618 2000000000000
1910743072672 2000000000000
527007896379 2000000000000
1883784829399 2000000000000
1058188699481 2000000000000
254284623503 2000000000000
986643627382 2000000000000
764731365906 2000000000000
682906525093 2000000000000
1468065480687 2000000000000
251427857585 2000000000000
1700792278096 2000000000000
1454920973002 2000000000000
763520021896 2000000000000
766648912974 2000000000000
43328992913 2000000000000
280027752935 2000000000000
1171563684928 2000000000000
1875337865467 2000000000000
1194988568608 2000000000000
364560873893 2000000000000
1651761284673 2000000000000
1858681308296 2000000000000
557326687665 2000000000000
1486333582766 2000000000000
1295730150424 2000000000000
622449316098 2000000000000
689880371362 2000000000000
1400938668860 2000000000000
758377883402 2000000000000
741131288886 2000000000000
1324711127066 2000000000000
1004764658517 2000000000000
425064025635 2000000000000
307110009433 2000000000000
85444257616 2000000000000
542309688214 2000000000000
153936301216 2000000000000
1552190454913 2000000000000
1222177525980 2000000000000
1376188787104 2000000000000
1514344688509 2000000000000
1984769520322 2000000000000
1842376702521 2000000000000
1201876473705 2000000000000
1974504674974 2000000000000
1699583127144 2000000000000
1434757294254 2000000000000
1331874769327 2000000000000
1977268705892 2000000000000
760808332013 2000000000000
307647726830 2000000000000
1684189388455 2000000000000
1235310529695 2000000000000
1800248331398 2000000000000
1275042995209 2000000000000
1077395441473 2000000000000
1014820757294 2000000000000
541339948146 2000000000000
1923564587592 2000000000000
1336086472634 2000000000000
1409526877693 2000000000000
1329739875625 2000000000000
1219366897811 2000000000000
1525579146845 2000000000000
49660008671 2000000000000
1660681856872 2000000000000
97605629325 2000000000000
1463620726765 2000000000000
1773791630089 2000000000000
1710004162492 2000000000000
1596117274532 2000000000000
598652051005 2000000000000
1146237988426 2000000000000
1987734264322 2000000000000
70098376909 2000000000000
1613616431433 2000000000000
901529125341 2000000000000
452222583607 2000000000000
1098695495428 2000000000000
565232746407 2000000000000
1454714294285 2000000000000
1468935963939 2000000000000
1338285727118 2000000000000
339328591340 2000000000000
244468370115 2000000000000
1057788897307 2000000000000
1039070815540 2000000000000
1434661208379 2000000000000
1345717424289 2000000000000
1420074966446 2000000000000
1161922179098 2000000000000
1875132216803 2000000000000
1789805343791 2000000000000
1021755634578 2000000000000
194608855654 2000000000000
1846184223115 2000000000000
1727313555558 2000000000000
1731446865029 2000000000000
1028622644691 2000000000000
453274603353 2000000000000
693131598034 2000000000000
609192460769 2000000000000
1179650525378 2000000000000
52220001215 2000000000000
1932813120729 2000000000000
1102824099035 2000000000000
1365816141071 2000000000000
1133619298129 2000000000000
1081854287575 2000000000000
962343842468 2000000000000
794663975519 2000000000000
1078559565331 2000000000000
437736028900 2000000000000
1325961262685 2000000000000
803450109547 2000000000000
1411515112912 2000000000000
1461712452775 2000000000000
1176718753826 2000000000000
1169108830589 2000000000000
1841261431128 2000000000000
371782172000 2000000000000
1774805489071 2000000000000
1408851404838 2000000000000
1028926556404 2000000000000
1105050373034 2000000000000
1000393763501 2000000000000
1812109780872 2000000000000
76264051360 2000000000000
1849804703865 2000000000000
1748966407909 2000000000000
1260957074748 2000000000000
1025646621775 2000000000000
1248270323198 2000000000000
662154296075 2000000000000
1370813404979 2000000000000
1311109437264 2000000000000
64738535483 2000000000000
246147526403 2000000000000
1677778610936 2000000000000
313942784754 2000000000000
153888453011 2000000000000
1906243037497 2000000000000
1113204221944 2000000000000
917414783153 2000000000000
1665422401986 2000000000000
473446740373 2000000000000
212770788858 2000000000000
1996773444502 2000000000000
407921693323 2000000000000
1530094490709 2000000000000
620657670733 2000000000000
1267481133521 2000000000000
578735292559 2000000000000
650509254317 2000000000000
510103659806 2000000000000
694367633290 2000000000000
1479728806046 2000000000000
535517247457 2000000000000
227440332788 2000000000000
840389667150 2000000000000
559112512212 2000000000000
280607932865 2000000000000
259475847781 2000000000000
1039552289468 2000000000000
1888590052816 2000000000000
1000727993045 2000000000000
1269227063576 2000000000000
1314905551061 2000000000000
47507415308 2000000000000
374561711286 2000000000000
375600232132 2000000000000
904498727111 2000000000000
801249182712 2000000000000
574486097998 2000000000000
1530267424377 2000000000000
1090288244796 2000000000000
1153086465834 2000000000000
1407710681404 2000000000000
1354786322952 2000000000000
1095702625304 2000000000000
1154991158207 2000000000000
1860412545867 2000000000000
290634757258 2000000000000
14206631948 2000000000000
740592213117 2000000000000
1339780050682 2000000000000
717532247820 2000000000000
743960087888 2000000000000
25349818791 2000000000000
1195214027779 2000000000000
1947541810609 2000000000000
1166363763077 2000000000000
783667452223 2000000000000
1299773910851 2000000000000
1198897487436 2000000000000
1829571904554 2000000000000
620367567792 2000000000000
1007102873078 2000000000000
1530952068048 2000000000000
1871484188233 2000000000000
1228372480536 2000000000000
1093077431806 2000000000000
1690221488835 2000000000000
228832719964 2000000000000
983777059608 2000000000000
1714176781678 2000000000000
1686666488729 2000000000000
730600113347 2000000000000
153794646567 2000000000000
592215674317 2000000000000
136356467659 2000000000000
527319439328 2000000000000
1135138035030 2000000000000
30229815478 2000000000000
1676378003981 2000000000000
1438378212822 2000000000000
870698785547 2000000000000
1356654315703 2000000000000
57412826155 2000000000000
1966081492747 2000000000000
1383689264475 2000000000000
394685891786 2000000000000
1362945318621 2000000000000
1554788353234 2000000000000
305883899373 2000000000000
547556507768 2000000000000
569432627356 2000000000000
931817794057 2000000000000
190964982452 2000000000000
1479314943595 2000000000000
1171489334135 2000000000000
504419128303 2000000000000
1115103024592 2000000000000
1855692714973 2000000000000
70961783409 2000000000000
397497836707 2000000000000
1442823514080 2000000000000
1759945160641 2000000000000
1511717902599 2000000000000
635530796506 2000000000000
1281377383430 2000000000000
1920301944660 2000000000000
843393599395 2000000000000
1633681183305 2000000000000
1262357442555 2000000000000
777457638085 2000000000000
1837778948220 2000000000000
207453342762 2000000000000
848413800070 2000000000000
1572784849849 2000000000000
1591158840014 2000000000000
1875027818783 2000000000000
45383410549 2000000000000
43187067052 2000000000000
857637297557 2000000000000
1415264409629 2000000000000
1905258227899 2000000000000
1519962761225 2000000000000
1567114313745 2000000000000
1683731870598 2000000000000
1161011122385 2000000000000
1768800566120 2000000000000
1407311611706 2000000000000
1071204182550 2000000000000
937403365337 2000000000000
1265813689074 2000000000000
1326395064325 2000000000000
1056335333105 2000000000000
742712713078 2000000000000
1306869400219 2000000000000
1336383376952 2000000000000
4502255188 2000000000000
1736622967360 2000000000000
1872767701408 2000000000000
486485851836 2000000000000
1188979990927 2000000000000
1463809316060 2000000000000
824818559264 2000000000000
1856745081476 2000000000000
1639534047117 2000000000000
936273279987 2000000000000
1292347435651 2000000000000
513698673755 2000000000000
382654897391 2000000000000
259557309674 2000000000000
1905825157601 2000000000000
1214029067247 2000000000000
41307057104 2000000000000
816544055691 2000000000000
1006513829169 2000000000000
579604912711 2000000000000
1716585390493 2000000000000
323355551386 2000000000000
1562690785401 2000000000000
324112943438 2000000000000
1739530561777 2000000000000
683750416981 2000000000000
1492590187901 2000000000000
1213729392986 2000000000000
852023901537 2000000000000
1719949308973 2000000000000
1335202110453 2000000000000
1852490418956 2000000000000
1557127080882 2000000000000
1057866125189 2000000000000
1494747305282 2000000000000
957707640439 2000000000000
1833885712382 2000000000000
1374357807864 2000000000000
849200271848 2000000000000
573884562523 2000000000000
243181583938 2000000000000
1648083477025 2000000000000
1874060835922 2000000000000
1769266039236 2000000000000
1003787618143 2000000000000
573059524357 2000000000000
480900725923 2000000000000
1514699502600 2000000000000
1727340269247 2000000000000
1728757867000 2000000000000
662807209976 2000000000000
1177957581403 2000000000000
125757593532 2000000000000
1005117184145 2000000000000
1775942364713 2000000000000
1120954499443 2000000000000
187336824003 2000000000000
1051768954262 2000000000000
1662250517829 2000000000000
1360012020015 2000000000000
1464867741058 2000000000000
279340490290 2000000000000
1046231701067 2000000000000
1964785545597 2000000000000
1841078001485 2000000000000
1044940592380 2000000000000
1414327226625 2000000000000
929359057753 2000000000000
619645878012 2000000000000
972389025232 2000000000000
1889509770289 2000000000000
1899523176543 2000000000000
892830229627 2000000000000
709959926998 2000000000000
1172853998388 2000000000000
1093990041331 2000000000000
916152825623 2000000000000
