500
2000000000000 675181981659
2000000000000 294781535094
2000000000000 9543017385
2000000000000 93864426547
2000000000000 1239902688081
2000000000000 361251608517
2000000000000 1483665777177
2000000000000 198131091771
2000000000000 1079342563055
2000000000000 628664785006
2000000000000 687849935133
2000000000000 767486808338
2000000000000 562131491910
2000000000000 1104383187571
2000000000000 694781757512
2000000000000 1423178378636
2000000000000 520676395397
2000000000000 1368602107035
2000000000000 264219067287
2000000000000 1927201982481
2000000000000 1356200959223
2000000000000 875978520935
2000000000000 1770857578343
2000000000000 678639012872
2000000000000 1341074760846
2000000000000 1280296122916
2000000000000 236228158311
2000000000000 828503996306
2000000000000 1695741929826
2000000000000 80447041657
2000000000000 1818966583927
2000000000000 1108136609592
2000000000000 1918613154352
2000000000000 442962499335
2000000000000 290609711601
2000000000000 846945072700
2000000000000 1717693354926
2000000000000 232592082013
2000000000000 1083437486469
2000000000000 244021074452
2000000000000 57639442039
2000000000000 1796019795914
2000000000000 208167759646
2000000000000 934855538873
2000000000000 1402140192524
2000000000000 73930087008
2000000000000 899711043648
2000000000000 1540266517039
2000000000000 1199191254217
2000000000000 1130396218275
2000000000000 535341602510
2000000000000 858717956928
2000000000000 14962936417
2000000000000 360731022229
2000000000000 1307237479141
2000000000000 1142295710942
2000000000000 1131347196834
2000000000000 1247053341337
2000000000000 866079955283
2000000000000 1824980068658
2000000000000 13047956142
2000000000000 913522044989
2000000000000 913704114455
2000000000000 1318453380971
2000000000000 166861656638
2000000000000 1488248767362
2000000000000 1391509328241
2000000000000 319972847544
2000000000000 243792413365
2000000000000 1658322779115
2000000000000 436511372654
2000000000000 1308726519220
2000000000000 1703821075592
2000000000000 1251557220614
2000000000000 408485155814
2000000000000 1920083872821
2000000000000 1574370624593
2000000000000 1479157351545
2000000000000 6262083293
2000000000000 394567567427
2000000000000 64607904847
2000000000000 776399854028
2000000000000 1945541620731
2000000000000 872314953020
2000000000000 999844227362
2000000000000 58849127059
2000000000000 1112208617068
2000000000000 1592789225549
2000000000000 922280915664
2000000000000 1893768171333
2000000000000 842140487391
2000000000000 849470043209
2000000000000 28316954561
2000000000000 1631164693085
2000000000000 673314249607
2000000000000 915586041213
2000000000000 443798985663
2000000000000 567325708221
2000000000000 1207787008304
2000000000000 957966099146
2000000000000 813239369847
2000000000000 1002564452258
2000000000000 1340138317312
2000000000000 478935259160
2000000000000 1026217981678
2000000000000 867178264168
2000000000000 1167690851002
2000000000000 1255925235764
2000000000000 1478745772878
2000000000000 1816680934117
2000000000000 37492199227
2000000000000 1387820434590
2000000000000 1796494501082
2000000000000 365353305064
2000000000000 1554095210245
2000000000000 1168724270929
2000000000000 1971279384415
2000000000000 254349057434
2000000000000 471481907790
2000000000000 1505885141067
2000000000000 1529643058901
2000000000000 1995671753930
2000000000000 1270023034483
2000000000000 112082213775
2000000000000 556703383164
2000000000000 1638403365568
2000000000000 461125596631
2000000000000 1899945372543
2000000000000 1856407333749
2000000000000 1278834960103
2000000000000 173403889823
2000000000000 688854718739
2000000000000 1886958833636
2000000000000 233014168339
2000000000000 428687729333
2000000000000 1535212006841
2000000000000 1990328672900
2000000000000 118324126673
2000000000000 633499898321
2000000000000 369470898131
2000000000000 280167020731
2000000000000 120985209796
2000000000000 1877309267338
2000000000000 1872122295016
2000000000000 671008640964
2000000000000 1013635429154
2000000000000 1770743430227
2000000000000 980252310197
2000000000000 1592609819616
2000000000000 820639402530
2000000000000 1468121050565
2000000000000 1099465801119
2000000000000 1320664460920
2000000000000 1012077958850
2000000000000 124575633933
2000000000000 21308243667
2000000000000 1288625166292
2000000000000 1774579200742
2000000000000 1815693392777
2000000000000 167973895471
2000000000000 560017694400
2000000000000 1349933580504
2000000000000 346112425099
2000000000000 85568741819
2000000000000 565094267770
2000000000000 1266915945598
2000000000000 222020993661
2000000000000 41903316988
2000000000000 543080777931
2000000000000 757908590265
2000000000000 542024626586
2000000000000 152515119656
2000000000000 885595276326
2000000000000 889285565726
2000000000000 1572440418294
2000000000000 1323181405297
2000000000000 1323582158258
2000000000000 674005624842
2000000000000 1864494433837
2000000000000 984888417275
2000000000000 1914286248853
2000000000000 1651852745406
2000000000000 1191364161302
2000000000000 1010101018386
2000000000000 135959937397
2000000000000 55147341899
2000000000000 1637441811045
2000000000000 928783619990
2000000000000 1350685461189
2000000000000 1482523363192
2000000000000 746638748383
2000000000000 145780782009
2000000000000 1793180380
2000000000000 285479883988
2000000000000 1145853733721
2000000000000 183966081510
2000000000000 355465520376
2000000000000 1142569981706
2000000000000 1547203762201
2000000000000 1913842127087
2000000000000 571833290819
2000000000000 381419710384
2000000000000 227984925021
2000000000000 349115703664
2000000000000 97065723141
2000000000000 1641008157713
2000000000000 1641512878854
2000000000000 1943139534739
2000000000000 1657183054275
2000000000000 1496678748097
2000000000000 515923817864
2000000000000 535672884908
2000000000000 1211865609706
2000000000000 450947504728
2000000000000 6496688903
2000000000000 1188769085804
2000000000000 1413694807504
2000000000000 715942222487
2000000000000 47913330520
2000000000000 1435519930069
2000000000000 1227563784327
2000000000000 133340221260
2000000000000 76162582236
2000000000000 221278421523
2000000000000 37879903683
2000000000000 1629251824965
2000000000000 1272014342782
2000000000000 547872985702
2000000000000 1061207415814
2000000000000 1198588444535
2000000000000 715777330598
2000000000000 1074892420822
2000000000000 715885617846
2000000000000 1531577651876
2000000000000 975436220429
2000000000000 478471292919
2000000000000 607769937521
2000000000000 1560320755328
2000000000000 1553813434296
2000000000000 1938584619993
2000000000000 13226789541
2000000000000 1252034363809
2000000000000 1870688468858
2000000000000 848475519512
2000000000000 1259769670611
2000000000000 1856523784113
2000000000000 1870247091998
2000000000000 1243831629801
2000000000000 347785229479
2000000000000 1699099942065
2000000000000 874005438170
2000000000000 1452154393513
2000000000000 1364961872489
2000000000000 1436483889655
2000000000000 1113669686371
2000000000000 1853026287473
2000000000000 1308650649699
2000000000000 323836324280
2000000000000 412951078357
2000000000000 471453558976
2000000000000 959387292142
2000000000000 1534886440708
2000000000000 1154423109336
2000000000000 432085715999
2000000000000 1053614268796
2000000000000 1819781398268
2000000000000 682875825300
2000000000000 1930038407348
2000000000000 74824847837
2000000000000 1016706105284
2000000000000 1586225342019
2000000000000 863548297214
2000000000000 800248209044
2000000000000 1260695449984
2000000000000 163805233879
2000000000000 1789314293357
2000000000000 854619681777
2000000000000 799873548929
2000000000000 394560684549
2000000000000 897587603235
2000000000000 1451790814860
2000000000000 1797694691097
2000000000000 1453012423793
2000000000000 1482350006525
2000000000000 1426103924403
2000000000000 1417464961525
2000000000000 1741550139956
2000000000000 1432650051538
2000000000000 1490745181319
2000000000000 21757443622
2000000000000 1388149949808
2000000000000 1443917163600
2000000000000 1365857034699
2000000000000 1351878245560
2000000000000 1499716602166
2000000000000 1785788123327
2000000000000 1671337769552
2000000000000 1444436560506
2000000000000 333064743410
2000000000000 1813783980692
2000000000000 1437607586850
2000000000000 167518131424
2000000000000 1948147029195
2000000000000 217929345653
2000000000000 276225902431
2000000000000 838452547166
2000000000000 1098294074846
2000000000000 362247367120
2000000000000 335570203828
2000000000000 137176711309
2000000000000 726182057086
2000000000000 1096717500178
2000000000000 1650829498210
2000000000000 485670080990
2000000000000 344032182145
2000000000000 1813242566397
2000000000000 1231134995016
2000000000000 743616121748
2000000000000 1273781113523
2000000000000 554214845483
2000000000000 392107275809
2000000000000 1943961261573
2000000000000 1764916951078
2000000000000 373942287951
2000000000000 216360437046
2000000000000 1323906135570
2000000000000 119671257504
2000000000000 858710026799
2000000000000 451679121978
2000000000000 1262900788145
2000000000000 574429090087
2000000000000 136332500671
2000000000000 1166030461271
2000000000000 264646342073
2000000000000 1066754621019
2000000000000 285273799321
2000000000000 1463037581522
2000000000000 120278365922
2000000000000 500722384537
2000000000000 1325315138730
2000000000000 862648723873
2000000000000 1369258746363
2000000000000 1454687784137
2000000000000 966294110574
2000000000000 1727364690373
2000000000000 316683967824
2000000000000 724281842442
2000000000000 1243769863482
2000000000000 1642344787828
2000000000000 925739254890
2000000000000 343166183493
2000000000000 1334201749798
2000000000000 1789743576337
2000000000000 267709508653
2000000000000 1550149416134
2000000000000 1089009570835
2000000000000 1470400823333
2000000000000 521188815514
2000000000000 1300715287969
2000000000000 614505814899
2000000000000 958285807552
2000000000000 1711162356654
2000000000000 1345415747068
2000000000000 212749008896
2000000000000 871538935665
2000000000000 1273160247979
2000000000000 59899470917
2000000000000 404399967504
2000000000000 1377288690670
2000000000000 307431354231
2000000000000 1477091077203
2000000000000 1067310332962
2000000000000 729877315807
2000000000000 1923496757074
2000000000000 174565921000
2000000000000 1941293100902
2000000000000 742282829850
2000000000000 1081888751117
2000000000000 17372595834
2000000000000 522871343315
2000000000000 317215476097
2000000000000 1467023782089
2000000000000 1047711322064
2000000000000 1874615614373
2000000000000 436814028918
2000000000000 921779032839
2000000000000 589609830251
2000000000000 1250459073990
2000000000000 685536618673
2000000000000 646914923980
2000000000000 1275889440905
2000000000000 1301383977127
2000000000000 1227634504147
2000000000000 875718769162
2000000000000 1609841578313
2000000000000 1233678991106
2000000000000 1037843918303
2000000000000 30275732003
2000000000000 1198484433118
2000000000000 582148455933
2000000000000 1213155594487
2000000000000 927677738526
2000000000000 1424290378130
2000000000000 782632041523
2000000000000 897586124114
2000000000000 347116391895
2000000000000 1167524484390
2000000000000 1181443418968
2000000000000 586614435451
2000000000000 1731565528326
2000000000000 172143450061
2000000000000 650296504399
2000000000000 1038918197077
2000000000000 960480072878
2000000000000 707033566206
2000000000000 635343578555
2000000000000 832415110379
2000000000000 1956386382071
2000000000000 291204278180
2000000000000 1846679146915
2000000000000 1294281415871
2000000000000 1154375647615
2000000000000 896965064841
2000000000000 1029174588337
2000000000000 1894790352126
2000000000000 481444722106
2000000000000 568877411558
2000000000000 1105663737952
2000000000000 1569900360266
2000000000000 1576702552961
2000000000000 167830391298
2000000000000 1645678583490
2000000000000 1643910576096
2000000000000 253707675372
2000000000000 1940214155289
2000000000000 473925095608
2000000000000 1204723256992
2000000000000 1993522247414
2000000000000 1576918406416
2000000000000 1294456477546
2000000000000 1444944716552
2000000000000 709007839158
2000000000000 1908613205443
2000000000000 1524449262723
2000000000000 227960926370
2000000000000 336065492510
2000000000000 1284715180721
2000000000000 1192320744262
2000000000000 515768316115
2000000000000 907224832762
2000000000000 970129754975
2000000000000 1686282419904
2000000000000 1513735288474
2000000000000 1502319528822
2000000000000 1921243361540
2000000000000 1822669075521
2000000000000 1142694300392
2000000000000 651198964189
2000000000000 323041491328
2000000000000 1846023054362
2000000000000 1641516035373
2000000000000 1760335331000
2000000000000 13335140222
2000000000000 924552834910
2000000000000 1147026656578
2000000000000 509038631234
2000000000000 1204239746071
2000000000000 381520133215
2000000000000 1566856624399
2000000000000 787910700856
2000000000000 808679142977
2000000000000 1330265805107
2000000000000 208162230210
2000000000000 695728537521
2000000000000 832253541762
2000000000000 698057267670
2000000000000 1330374716106
2000000000000 1982358242062
2000000000000 1442421136873
2000000000000 1845717838891
2000000000000 770505861327
2000000000000 1141625241395
2000000000000 510385958422
2000000000000 254195100689
2000000000000 1761815815321
2000000000000 811716798641
2000000000000 713222401178
2000000000000 306664807226
2000000000000 763256190573
2000000000000 936975128499
2000000000000 704012067621
2000000000000 536231486959
2000000000000 236434210505
2000000000000 1643492934959
2000000000000 809382406272
2000000000000 118917821947
2000000000000 636909872867
2000000000000 1931572559694
2000000000000 65191205785
2000000000000 1385477829843
