500
2000000000000 1999999926344
2000000000000 1999999904484
2000000000000 1999999888988
2000000000000 1999999888934
2000000000000 1999999888736
2000000000000 1999999852502
2000000000000 1999999823522
2000000000000 1999999823438
2000000000000 1999999816184
2000000000000 1999999787496
2000000000000 1999999714016
2000000000000 1999999658582
2000000000000 1999999658138
2000000000000 1999999714016
2000000000000 1999999926344
2000000000000 1999999904484
2000000000000 1999999888988
2000000000000 1999999888934
2000000000000 1999999888736
2000000000000 1999999852502
2000000000000 1999999823522
2000000000000 1999999823438
2000000000000 1999999816184
2000000000000 1999999787496
2000000000000 1999999714016
2000000000000 1999999658582
2000000000000 1999999658138
2000000000000 1999999714016
2000000000000 1999999926344
2000000000000 1999999904484
2000000000000 1999999888988
2000000000000 1999999888934
2000000000000 1999999888736
2000000000000 1999999852502
2000000000000 1999999823522
2000000000000 1999999823438
2000000000000 1999999816184
2000000000000 1999999787496
2000000000000 1999999714016
2000000000000 1999999658582
2000000000000 1999999658138
2000000000000 1999999714016
2000000000000 1999999926344
2000000000000 1999999904484
2000000000000 1999999888988
2000000000000 1999999888934
2000000000000 1999999888736
2000000000000 1999999852502
2000000000000 1999999823522
2000000000000 1999999823438
2000000000000 1999999816184
2000000000000 1999999787496
2000000000000 1999999714016
2000000000000 1999999658582
2000000000000 1999999658138
2000000000000 1999999714016
2000000000000 1999999926344
2000000000000 1999999904484
2000000000000 1999999888988
2000000000000 1999999888934
2000000000000 1999999888736
2000000000000 1999999852502
2000000000000 1999999823522
2000000000000 1999999823438
2000000000000 1999999816184
2000000000000 1999999787496
2000000000000 1999999714016
2000000000000 1999999658582
2000000000000 1999999658138
2000000000000 1999999714016
2000000000000 1999999926344
2000000000000 1999999904484
2000000000000 1999999888988
2000000000000 1999999888934
2000000000000 1999999888736
2000000000000 1999999852502
2000000000000 1999999823522
2000000000000 1999999823438
2000000000000 1999999816184
2000000000000 1999999787496
2000000000000 1999999714016
2000000000000 1999999658582
2000000000000 1999999658138
2000000000000 1999999714016
2000000000000 1999999926344
2000000000000 1999999904484
2000000000000 1999999888988
2000000000000 1999999888934
2000000000000 1999999888736
2000000000000 1999999852502
2000000000000 1999999823522
2000000000000 1999999823438
2000000000000 1999999816184
2000000000000 1999999787496
2000000000000 1999999714016
2000000000000 1999999658582
2000000000000 1999999658138
2000000000000 1999999714016
2000000000000 1999999926344
2000000000000 1999999904484
2000000000000 1999999888988
2000000000000 1999999888934
2000000000000 1999999888736
2000000000000 1999999852502
2000000000000 1999999823522
2000000000000 1999999823438
2000000000000 1999999816184
2000000000000 1999999787496
2000000000000 1999999714016
2000000000000 1999999658582
2000000000000 1999999658138
2000000000000 1999999714016
2000000000000 1999999926344
2000000000000 1999999904484
2000000000000 1999999888988
2000000000000 1999999888934
2000000000000 1999999888736
2000000000000 1999999852502
2000000000000 1999999823522
2000000000000 1999999823438
2000000000000 1999999816184
2000000000000 1999999787496
2000000000000 1999999714016
2000000000000 1999999658582
2000000000000 1999999658138
2000000000000 1999999714016
2000000000000 1999999926344
2000000000000 1999999904484
2000000000000 1999999888988
2000000000000 1999999888934
2000000000000 1999999888736
2000000000000 1999999852502
2000000000000 1999999823522
2000000000000 1999999823438
2000000000000 1999999816184
2000000000000 1999999787496
2000000000000 1999999714016
2000000000000 1999999658582
2000000000000 1999999658138
2000000000000 1999999714016
2000000000000 1999999926344
2000000000000 1999999904484
2000000000000 1999999888988
2000000000000 1999999888934
2000000000000 1999999888736
2000000000000 1999999852502
2000000000000 1999999823522
2000000000000 1999999823438
2000000000000 1999999816184
2000000000000 1999999787496
2000000000000 1999999714016
2000000000000 1999999658582
2000000000000 1999999658138
2000000000000 1999999714016
2000000000000 1999999926344
2000000000000 1999999904484
2000000000000 1999999888988
2000000000000 1999999888934
2000000000000 1999999888736
2000000000000 1999999852502
2000000000000 1999999823522
2000000000000 1999999823438
2000000000000 1999999816184
2000000000000 1999999787496
2000000000000 1999999714016
2000000000000 1999999658582
2000000000000 1999999658138
2000000000000 1999999714016
2000000000000 1999999926344
2000000000000 1999999904484
2000000000000 1999999888988
2000000000000 1999999888934
2000000000000 1999999888736
2000000000000 1999999852502
2000000000000 1999999823522
2000000000000 1999999823438
2000000000000 1999999816184
2000000000000 1999999787496
2000000000000 1999999714016
2000000000000 1999999658582
2000000000000 1999999658138
2000000000000 1999999714016
2000000000000 1999999926344
2000000000000 1999999904484
2000000000000 1999999888988
2000000000000 1999999888934
2000000000000 1999999888736
2000000000000 1999999852502
2000000000000 1999999823522
2000000000000 1999999823438
2000000000000 1999999816184
2000000000000 1999999787496
2000000000000 1999999714016
2000000000000 1999999658582
2000000000000 1999999658138
2000000000000 1999999714016
2000000000000 1999999926344
2000000000000 1999999904484
2000000000000 1999999888988
2000000000000 1999999888934
2000000000000 1999999888736
2000000000000 1999999852502
2000000000000 1999999823522
2000000000000 1999999823438
2000000000000 1999999816184
2000000000000 1999999787496
2000000000000 1999999714016
2000000000000 1999999658582
2000000000000 1999999658138
2000000000000 1999999714016
2000000000000 1999999926344
2000000000000 1999999904484
2000000000000 1999999888988
2000000000000 1999999888934
2000000000000 1999999888736
2000000000000 1999999852502
2000000000000 1999999823522
2000000000000 1999999823438
2000000000000 1999999816184
2000000000000 1999999787496
2000000000000 1999999714016
2000000000000 1999999658582
2000000000000 1999999658138
2000000000000 1999999714016
2000000000000 1999999926344
2000000000000 1999999904484
2000000000000 1999999888988
2000000000000 1999999888934
2000000000000 1999999888736
2000000000000 1999999852502
2000000000000 1999999823522
2000000000000 1999999823438
2000000000000 1999999816184
2000000000000 1999999787496
2000000000000 1999999714016
2000000000000 1999999658582
2000000000000 1999999658138
2000000000000 1999999714016
2000000000000 1999999926344
2000000000000 1999999904484
2000000000000 1999999888988
2000000000000 1999999888934
2000000000000 1999999888736
2000000000000 1999999852502
2000000000000 1999999823522
2000000000000 1999999823438
2000000000000 1999999816184
2000000000000 1999999787496
2000000000000 1999999714016
2000000000000 1999999658582
2000000000000 1999999658138
2000000000000 1999999714016
2000000000000 1999999926344
2000000000000 1999999904484
2000000000000 1999999888988
2000000000000 1999999888934
2000000000000 1999999888736
2000000000000 1999999852502
2000000000000 1999999823522
2000000000000 1999999823438
2000000000000 1999999816184
2000000000000 1999999787496
2000000000000 1999999714016
2000000000000 1999999658582
2000000000000 1999999658138
2000000000000 1999999714016
2000000000000 1999999926344
2000000000000 1999999904484
2000000000000 1999999888988
2000000000000 1999999888934
2000000000000 1999999888736
2000000000000 1999999852502
2000000000000 1999999823522
2000000000000 1999999823438
2000000000000 1999999816184
2000000000000 1999999787496
2000000000000 1999999714016
2000000000000 1999999658582
2000000000000 1999999658138
2000000000000 1999999714016
2000000000000 1999999926344
2000000000000 1999999904484
2000000000000 1999999888988
2000000000000 1999999888934
2000000000000 1999999888736
2000000000000 1999999852502
2000000000000 1999999823522
2000000000000 1999999823438
2000000000000 1999999816184
2000000000000 1999999787496
2000000000000 1999999714016
2000000000000 1999999658582
2000000000000 1999999658138
2000000000000 1999999714016
2000000000000 1999999926344
2000000000000 1999999904484
2000000000000 1999999888988
2000000000000 1999999888934
2000000000000 1999999888736
2000000000000 1999999852502
2000000000000 1999999823522
2000000000000 1999999823438
2000000000000 1999999816184
2000000000000 1999999787496
2000000000000 1999999714016
2000000000000 1999999658582
2000000000000 1999999658138
2000000000000 1999999714016
2000000000000 1999999926344
2000000000000 1999999904484
2000000000000 1999999888988
2000000000000 1999999888934
2000000000000 1999999888736
2000000000000 1999999852502
2000000000000 1999999823522
2000000000000 1999999823438
2000000000000 1999999816184
2000000000000 1999999787496
2000000000000 1999999714016
2000000000000 1999999658582
2000000000000 1999999658138
2000000000000 1999999714016
2000000000000 1999999926344
2000000000000 1999999904484
2000000000000 1999999888988
2000000000000 1999999888934
2000000000000 1999999888736
2000000000000 1999999852502
2000000000000 1999999823522
2000000000000 1999999823438
2000000000000 1999999816184
2000000000000 1999999787496
2000000000000 1999999714016
2000000000000 1999999658582
2000000000000 1999999658138
2000000000000 1999999714016
2000000000000 1999999926344
2000000000000 1999999904484
2000000000000 1999999888988
2000000000000 1999999888934
2000000000000 1999999888736
2000000000000 1999999852502
2000000000000 1999999823522
2000000000000 1999999823438
2000000000000 1999999816184
2000000000000 1999999787496
2000000000000 1999999714016
2000000000000 1999999658582
2000000000000 1999999658138
2000000000000 1999999714016
2000000000000 1999999926344
2000000000000 1999999904484
2000000000000 1999999888988
2000000000000 1999999888934
2000000000000 1999999888736
2000000000000 1999999852502
2000000000000 1999999823522
2000000000000 1999999823438
2000000000000 1999999816184
2000000000000 1999999787496
2000000000000 1999999714016
2000000000000 1999999658582
2000000000000 1999999658138
2000000000000 1999999714016
2000000000000 1999999926344
2000000000000 1999999904484
2000000000000 1999999888988
2000000000000 1999999888934
2000000000000 1999999888736
2000000000000 1999999852502
2000000000000 1999999823522
2000000000000 1999999823438
2000000000000 1999999816184
2000000000000 1999999787496
2000000000000 1999999714016
2000000000000 1999999658582
2000000000000 1999999658138
2000000000000 1999999714016
2000000000000 1999999926344
2000000000000 1999999904484
2000000000000 1999999888988
2000000000000 1999999888934
2000000000000 1999999888736
2000000000000 1999999852502
2000000000000 1999999823522
2000000000000 1999999823438
2000000000000 1999999816184
2000000000000 1999999787496
2000000000000 1999999714016
2000000000000 1999999658582
2000000000000 1999999658138
2000000000000 1999999714016
2000000000000 1999999926344
2000000000000 1999999904484
2000000000000 1999999888988
2000000000000 1999999888934
2000000000000 1999999888736
2000000000000 1999999852502
2000000000000 1999999823522
2000000000000 1999999823438
2000000000000 1999999816184
2000000000000 1999999787496
2000000000000 1999999714016
2000000000000 1999999658582
2000000000000 1999999658138
2000000000000 1999999714016
2000000000000 1999999926344
2000000000000 1999999904484
2000000000000 1999999888988
2000000000000 1999999888934
2000000000000 1999999888736
2000000000000 1999999852502
2000000000000 1999999823522
2000000000000 1999999823438
2000000000000 1999999816184
2000000000000 1999999787496
2000000000000 1999999714016
2000000000000 1999999658582
2000000000000 1999999658138
2000000000000 1999999714016
2000000000000 1999999926344
2000000000000 1999999904484
2000000000000 1999999888988
2000000000000 1999999888934
2000000000000 1999999888736
2000000000000 1999999852502
2000000000000 1999999823522
2000000000000 1999999823438
2000000000000 1999999816184
2000000000000 1999999787496
2000000000000 1999999714016
2000000000000 1999999658582
2000000000000 1999999658138
2000000000000 1999999714016
2000000000000 1999999926344
2000000000000 1999999904484
2000000000000 1999999888988
2000000000000 1999999888934
2000000000000 1999999888736
2000000000000 1999999852502
2000000000000 1999999823522
2000000000000 1999999823438
2000000000000 1999999816184
2000000000000 1999999787496
2000000000000 1999999714016
2000000000000 1999999658582
2000000000000 1999999658138
2000000000000 1999999714016
2000000000000 1999999926344
2000000000000 1999999904484
2000000000000 1999999888988
2000000000000 1999999888934
2000000000000 1999999888736
2000000000000 1999999852502
2000000000000 1999999823522
2000000000000 1999999823438
2000000000000 1999999816184
2000000000000 1999999787496
2000000000000 1999999714016
2000000000000 1999999658582
2000000000000 1999999658138
2000000000000 1999999714016
2000000000000 1999999926344
2000000000000 1999999904484
2000000000000 1999999888988
2000000000000 1999999888934
2000000000000 1999999888736
2000000000000 1999999852502
2000000000000 1999999823522
2000000000000 1999999823438
2000000000000 1999999816184
2000000000000 1999999787496
2000000000000 1999999714016
2000000000000 1999999658582
2000000000000 1999999658138
2000000000000 1999999714016
2000000000000 1999999926344
2000000000000 1999999904484
2000000000000 1999999888988
2000000000000 1999999888934
2000000000000 1999999888736
2000000000000 1999999852502
2000000000000 1999999823522
2000000000000 1999999823438
2000000000000 1999999816184
2000000000000 1999999787496
2000000000000 1999999714016
2000000000000 1999999658582
2000000000000 1999999658138
2000000000000 1999999714016
2000000000000 1999999926344
2000000000000 1999999904484
2000000000000 1999999888988
2000000000000 1999999888934
2000000000000 1999999888736
2000000000000 1999999852502
2000000000000 1999999823522
2000000000000 1999999823438
2000000000000 1999999816184
2000000000000 1999999787496
