500
2000000000000 1999999990146
1999999999999 1999999990147
1999999999998 1999999990148
1999999999997 1999999990149
1999999999996 1999999990150
1999999999995 1999999990151
1999999999994 1999999990152
1999999999993 1999999990153
1999999999992 1999999990154
1999999999991 1999999990155
1999999999990 1999999990156
1999999999989 1999999990157
1999999999988 1999999990158
1999999999987 1999999990159
1999999999986 1999999990160
1999999999985 1999999990161
1999999999984 1999999990162
1999999999983 1999999990163
1999999999982 1999999990164
1999999999981 1999999990165
1999999999980 1999999990166
1999999999979 1999999990167
1999999999978 1999999990168
1999999999977 1999999990169
1999999999976 1999999990170
1999999999975 1999999990171
1999999999974 1999999990172
1999999999973 1999999990173
1999999999972 1999999990174
1999999999971 1999999990175
1999999999970 1999999990176
1999999999969 1999999990177
1999999999968 1999999990178
1999999999967 1999999990179
1999999999966 1999999990180
1999999999965 1999999990181
1999999999964 1999999990182
1999999999963 1999999990183
1999999999962 1999999990184
1999999999961 1999999990185
1999999999960 1999999990186
1999999999959 1999999990187
1999999999958 1999999990188
1999999999957 1999999990189
1999999999956 1999999990190
1999999999955 1999999990191
1999999999954 1999999990192
1999999999953 1999999990193
1999999999952 1999999990194
1999999999951 1999999990195
1999999999950 1999999990196
1999999999949 1999999990197
1999999999948 1999999990198
1999999999947 1999999990199
1999999999946 1999999990200
1999999999945 1999999990201
1999999999944 1999999990202
1999999999943 1999999990203
1999999999942 1999999990204
1999999999941 1999999990205
1999999999940 1999999990206
1999999999939 1999999990207
1999999999938 1999999990208
1999999999937 1999999990209
1999999999936 1999999990210
1999999999935 1999999990211
1999999999934 1999999990212
1999999999933 1999999990213
1999999999932 1999999990214
1999999999931 1999999990215
1999999999930 1999999990216
1999999999929 1999999990217
1999999999928 1999999990218
1999999999927 1999999990219
1999999999926 1999999990220
1999999999925 1999999990221
1999999999924 1999999990222
1999999999923 1999999990223
1999999999922 1999999990224
1999999999921 1999999990225
1999999999920 1999999990226
1999999999919 1999999990227
1999999999918 1999999990228
1999999999917 1999999990229
1999999999916 1999999990230
1999999999915 1999999990231
1999999999914 1999999990232
1999999999913 1999999990233
1999999999912 1999999990234
1999999999911 1999999990235
1999999999910 1999999990236
1999999999909 1999999990237
1999999999908 1999999990238
1999999999907 1999999990239
1999999999906 1999999990240
1999999999905 1999999990241
1999999999904 1999999990242
1999999999903 1999999990243
1999999999902 1999999990244
1999999999901 1999999990245
1999999999900 1999999990246
1999999999899 1999999990247
1999999999898 1999999990248
1999999999897 1999999990249
1999999999896 1999999990250
1999999999895 1999999990251
1999999999894 1999999990252
1999999999893 1999999990253
1999999999892 1999999990254
1999999999891 1999999990255
1999999999890 1999999990256
1999999999889 1999999990257
1999999999888 1999999990258
1999999999887 1999999990259
1999999999886 1999999990260
1999999999885 1999999990261
1999999999884 1999999990262
1999999999883 1999999990263
1999999999882 1999999990264
1999999999881 1999999990265
1999999999880 1999999990266
1999999999879 1999999990267
1999999999878 1999999990268
1999999999877 1999999990269
1999999999876 1999999990270
1999999999875 1999999990271
1999999999874 1999999990272
1999999999873 1999999990273
1999999999872 1999999990274
1999999999871 1999999990275
1999999999870 1999999990276
1999999999869 1999999990277
1999999999868 1999999990278
1999999999867 1999999990279
1999999999866 1999999990280
1999999999865 1999999990281
1999999999864 1999999990282
1999999999863 1999999990283
1999999999862 1999999990284
1999999999861 1999999990285
1999999999860 1999999990286
1999999999859 1999999990287
1999999999858 1999999990288
1999999999857 1999999990289
1999999999856 1999999990290
1999999999855 1999999990291
1999999999854 1999999990292
1999999999853 1999999990293
1999999999852 1999999990294
1999999999851 1999999990295
1999999999850 1999999990296
1999999999849 1999999990297
1999999999848 1999999990298
1999999999847 1999999990299
1999999999846 1999999990300
1999999999845 1999999990301
1999999999844 1999999990302
1999999999843 1999999990303
1999999999842 1999999990304
1999999999841 1999999990305
1999999999840 1999999990306
1999999999839 1999999990307
1999999999838 1999999990308
1999999999837 1999999990309
1999999999836 1999999990310
1999999999835 1999999990311
1999999999834 1999999990312
1999999999833 1999999990313
1999999999832 1999999990314
1999999999831 1999999990315
1999999999830 1999999990316
1999999999829 1999999990317
1999999999828 1999999990318
1999999999827 1999999990319
1999999999826 1999999990320
1999999999825 1999999990321
1999999999824 1999999990322
1999999999823 1999999990323
1999999999822 1999999990324
1999999999821 1999999990325
1999999999820 1999999990326
1999999999819 1999999990327
1999999999818 1999999990328
1999999999817 1999999990329
1999999999816 1999999990330
1999999999815 1999999990331
1999999999814 1999999990332
1999999999813 1999999990333
1999999999812 1999999990334
1999999999811 1999999990335
1999999999810 1999999990336
1999999999809 1999999990337
1999999999808 1999999990338
1999999999807 1999999990339
1999999999806 1999999990340
1999999999805 1999999990341
1999999999804 1999999990342
1999999999803 1999999990343
1999999999802 1999999990344
1999999999801 1999999990345
1999999999800 1999999990346
1999999999799 1999999990347
1999999999798 1999999990348
1999999999797 1999999990349
1999999999796 1999999990350
1999999999795 1999999990351
1999999999794 1999999990352
1999999999793 1999999990353
1999999999792 1999999990354
1999999999791 1999999990355
1999999999790 1999999990356
1999999999789 1999999990357
1999999999788 1999999990358
1999999999787 1999999990359
1999999999786 1999999990360
1999999999785 1999999990361
1999999999784 1999999990362
1999999999783 1999999990363
1999999999782 1999999990364
1999999999781 1999999990365
1999999999780 1999999990366
1999999999779 1999999990367
1999999999778 1999999990368
1999999999777 1999999990369
1999999999776 1999999990370
1999999999775 1999999990371
1999999999774 1999999990372
1999999999773 1999999990373
1999999999772 1999999990374
1999999999771 1999999990375
1999999999770 1999999990376
1999999999769 1999999990377
1999999999768 1999999990378
1999999999767 1999999990379
1999999999766 1999999990380
1999999999765 1999999990381
1999999999764 1999999990382
1999999999763 1999999990383
1999999999762 1999999990384
1999999999761 1999999990385
1999999999760 1999999990386
1999999999759 1999999990387
1999999999758 1999999990388
1999999999757 1999999990389
1999999999756 1999999990390
1999999999755 1999999990391
1999999999754 1999999990392
1999999999753 1999999990393
1999999999752 1999999990394
1999999999751 1999999990395
1999999999750 1999999990396
1999999999749 1999999990397
1999999999748 1999999990398
1999999999747 1999999990399
1999999999746 1999999990400
1999999999745 1999999990401
1999999999744 1999999990402
1999999999743 1999999990403
1999999999742 1999999990404
1999999999741 1999999990405
1999999999740 1999999990406
1999999999739 1999999990407
1999999999738 1999999990408
1999999999737 1999999990409
1999999999736 1999999990410
1999999999735 1999999990411
1999999999734 1999999990412
1999999999733 1999999990413
1999999999732 1999999990414
1999999999731 1999999990415
1999999999730 1999999990416
1999999999729 1999999990417
1999999999728 1999999990418
1999999999727 1999999990419
1999999999726 1999999990420
1999999999725 1999999990421
1999999999724 1999999990422
1999999999723 1999999990423
1999999999722 1999999990424
1999999999721 1999999990425
1999999999720 1999999990426
1999999999719 1999999990427
1999999999718 1999999990428
1999999999717 1999999990429
1999999999716 1999999990430
1999999999715 1999999990431
1999999999714 1999999990432
1999999999713 1999999990433
1999999999712 1999999990434
1999999999711 1999999990435
1999999999710 1999999990436
1999999999709 1999999990437
1999999999708 1999999990438
1999999999707 1999999990439
1999999999706 1999999990440
1999999999705 1999999990441
1999999999704 1999999990442
1999999999703 1999999990443
1999999999702 1999999990444
1999999999701 1999999990445
1999999999700 1999999990446
1999999999699 1999999990447
1999999999698 1999999990448
1999999999697 1999999990449
1999999999696 1999999990450
1999999999695 1999999990451
1999999999694 1999999990452
1999999999693 1999999990453
1999999999692 1999999990454
1999999999691 1999999990455
1999999999690 1999999990456
1999999999689 1999999990457
1999999999688 1999999990458
1999999999687 1999999990459
1999999999686 1999999990460
1999999999685 1999999990461
1999999999684 1999999990462
1999999999683 1999999990463
1999999999682 1999999990464
1999999999681 1999999990465
1999999999680 1999999990466
1999999999679 1999999990467
1999999999678 1999999990468
1999999999677 1999999990469
1999999999676 1999999990470
1999999999675 1999999990471
1999999999674 1999999990472
1999999999673 1999999990473
1999999999672 1999999990474
1999999999671 1999999990475
1999999999670 1999999990476
1999999999669 1999999990477
1999999999668 1999999990478
1999999999667 1999999990479
1999999999666 1999999990480
1999999999665 1999999990481
1999999999664 1999999990482
1999999999663 1999999990483
1999999999662 1999999990484
1999999999661 1999999990485
1999999999660 1999999990486
1999999999659 1999999990487
1999999999658 1999999990488
1999999999657 1999999990489
1999999999656 1999999990490
1999999999655 1999999990491
1999999999654 1999999990492
1999999999653 1999999990493
1999999999652 1999999990494
1999999999651 1999999990495
1999999999650 1999999990496
1999999999649 1999999990497
1999999999648 1999999990498
1999999999647 1999999990499
1999999999646 1999999990500
1999999999645 1999999990501
1999999999644 1999999990502
1999999999643 1999999990503
1999999999642 1999999990504
1999999999641 1999999990505
1999999999640 1999999990506
1999999999639 1999999990507
1999999999638 1999999990508
1999999999637 1999999990509
1999999999636 1999999990510
1999999999635 1999999990511
1999999999634 1999999990512
1999999999633 1999999990513
1999999999632 1999999990514
1999999999631 1999999990515
1999999999630 1999999990516
1999999999629 1999999990517
1999999999628 1999999990518
1999999999627 1999999990519
1999999999626 1999999990520
1999999999625 1999999990521
1999999999624 1999999990522
1999999999623 1999999990523
1999999999622 1999999990524
1999999999621 1999999990525
1999999999620 1999999990526
1999999999619 1999999990527
1999999999618 1999999990528
1999999999617 1999999990529
1999999999616 1999999990530
1999999999615 1999999990531
1999999999614 1999999990532
1999999999613 1999999990533
1999999999612 1999999990534
1999999999611 1999999990535
1999999999610 1999999990536
1999999999609 1999999990537
1999999999608 1999999990538
1999999999607 1999999990539
1999999999606 1999999990540
1999999999605 1999999990541
1999999999604 1999999990542
1999999999603 1999999990543
1999999999602 1999999990544
1999999999601 1999999990545
1999999999600 1999999990546
1999999999599 1999999990547
1999999999598 1999999990548
1999999999597 1999999990549
1999999999596 1999999990550
1999999999595 1999999990551
1999999999594 1999999990552
1999999999593 1999999990553
1999999999592 1999999990554
1999999999591 1999999990555
1999999999590 1999999990556
1999999999589 1999999990557
1999999999588 1999999990558
1999999999587 1999999990559
1999999999586 1999999990560
1999999999585 1999999990561
1999999999584 1999999990562
1999999999583 1999999990563
1999999999582 1999999990564
1999999999581 1999999990565
1999999999580 1999999990566
1999999999579 1999999990567
1999999999578 1999999990568
1999999999577 1999999990569
1999999999576 1999999990570
1999999999575 1999999990571
1999999999574 1999999990572
1999999999573 1999999990573
1999999999572 1999999990574
1999999999571 1999999990575
1999999999570 1999999990576
1999999999569 1999999990577
1999999999568 1999999990578
1999999999567 1999999990579
1999999999566 1999999990580
1999999999565 1999999990581
1999999999564 1999999990582
1999999999563 1999999990583
1999999999562 1999999990584
1999999999561 1999999990585
1999999999560 1999999990586
1999999999559 1999999990587
1999999999558 1999999990588
1999999999557 1999999990589
1999999999556 1999999990590
1999999999555 1999999990591
1999999999554 1999999990592
1999999999553 1999999990593
1999999999552 1999999990594
1999999999551 1999999990595
1999999999550 1999999990596
1999999999549 1999999990597
1999999999548 1999999990598
1999999999547 1999999990599
1999999999546 1999999990600
1999999999545 1999999990601
1999999999544 1999999990602
1999999999543 1999999990603
1999999999542 1999999990604
1999999999541 1999999990605
1999999999540 1999999990606
1999999999539 1999999990607
1999999999538 1999999990608
1999999999537 1999999990609
1999999999536 1999999990610
1999999999535 1999999990611
1999999999534 1999999990612
1999999999533 1999999990613
1999999999532 1999999990614
1999999999531 1999999990615
1999999999530 1999999990616
1999999999529 1999999990617
1999999999528 1999999990618
1999999999527 1999999990619
1999999999526 1999999990620
1999999999525 1999999990621
1999999999524 1999999990622
1999999999523 1999999990623
1999999999522 1999999990624
1999999999521 1999999990625
1999999999520 1999999990626
1999999999519 1999999990627
1999999999518 1999999990628
1999999999517 1999999990629
1999999999516 1999999990630
1999999999515 1999999990631
1999999999514 1999999990632
1999999999513 1999999990633
1999999999512 1999999990634
1999999999511 1999999990635
1999999999510 1999999990636
1999999999509 1999999990637
1999999999508 1999999990638
1999999999507 1999999990639
1999999999506 1999999990640
1999999999505 1999999990641
1999999999504 1999999990642
1999999999503 1999999990643
1999999999502 1999999990644
1999999999501 1999999990645
