500
2000000000000 1999999658582
1999999999999 1999999658583
1999999999998 1999999658584
1999999999997 1999999658585
1999999999996 1999999658586
1999999999995 1999999658587
1999999999994 1999999658588
1999999999993 1999999658589
1999999999992 1999999658590
1999999999991 1999999658591
1999999999990 1999999658592
1999999999989 1999999658593
1999999999988 1999999658594
1999999999987 1999999658595
1999999999986 1999999658596
1999999999985 1999999658597
1999999999984 1999999658598
1999999999983 1999999658599
1999999999982 1999999658600
1999999999981 1999999658601
1999999999980 1999999658602
1999999999979 1999999658603
1999999999978 1999999658604
1999999999977 1999999658605
1999999999976 1999999658606
1999999999975 1999999658607
1999999999974 1999999658608
1999999999973 1999999658609
1999999999972 1999999658610
1999999999971 1999999658611
1999999999970 1999999658612
1999999999969 1999999658613
1999999999968 1999999658614
1999999999967 1999999658615
1999999999966 1999999658616
1999999999965 1999999658617
1999999999964 1999999658618
1999999999963 1999999658619
1999999999962 1999999658620
1999999999961 1999999658621
1999999999960 1999999658622
1999999999959 1999999658623
1999999999958 1999999658624
1999999999957 1999999658625
1999999999956 1999999658626
1999999999955 1999999658627
1999999999954 1999999658628
1999999999953 1999999658629
1999999999952 1999999658630
1999999999951 1999999658631
1999999999950 1999999658632
1999999999949 1999999658633
1999999999948 1999999658634
1999999999947 1999999658635
1999999999946 1999999658636
1999999999945 1999999658637
1999999999944 1999999658638
1999999999943 1999999658639
1999999999942 1999999658640
1999999999941 1999999658641
1999999999940 1999999658642
1999999999939 1999999658643
1999999999938 1999999658644
1999999999937 1999999658645
1999999999936 1999999658646
1999999999935 1999999658647
1999999999934 1999999658648
1999999999933 1999999658649
1999999999932 1999999658650
1999999999931 1999999658651
1999999999930 1999999658652
1999999999929 1999999658653
1999999999928 1999999658654
1999999999927 1999999658655
1999999999926 1999999658656
1999999999925 1999999658657
1999999999924 1999999658658
1999999999923 1999999658659
1999999999922 1999999658660
1999999999921 1999999658661
1999999999920 1999999658662
1999999999919 1999999658663
1999999999918 1999999658664
1999999999917 1999999658665
1999999999916 1999999658666
1999999999915 1999999658667
1999999999914 1999999658668
1999999999913 1999999658669
1999999999912 1999999658670
1999999999911 1999999658671
1999999999910 1999999658672
1999999999909 1999999658673
1999999999908 1999999658674
1999999999907 1999999658675
1999999999906 1999999658676
1999999999905 1999999658677
1999999999904 1999999658678
1999999999903 1999999658679
1999999999902 1999999658680
1999999999901 1999999658681
1999999999900 1999999658682
1999999999899 1999999658683
1999999999898 1999999658684
1999999999897 1999999658685
1999999999896 1999999658686
1999999999895 1999999658687
1999999999894 1999999658688
1999999999893 1999999658689
1999999999892 1999999658690
1999999999891 1999999658691
1999999999890 1999999658692
1999999999889 1999999658693
1999999999888 1999999658694
1999999999887 1999999658695
1999999999886 1999999658696
1999999999885 1999999658697
1999999999884 1999999658698
1999999999883 1999999658699
1999999999882 1999999658700
1999999999881 1999999658701
1999999999880 1999999658702
1999999999879 1999999658703
1999999999878 1999999658704
1999999999877 1999999658705
1999999999876 1999999658706
1999999999875 1999999658707
1999999999874 1999999658708
1999999999873 1999999658709
1999999999872 1999999658710
1999999999871 1999999658711
1999999999870 1999999658712
1999999999869 1999999658713
1999999999868 1999999658714
1999999999867 1999999658715
1999999999866 1999999658716
1999999999865 1999999658717
1999999999864 1999999658718
1999999999863 1999999658719
1999999999862 1999999658720
1999999999861 1999999658721
1999999999860 1999999658722
1999999999859 1999999658723
1999999999858 1999999658724
1999999999857 1999999658725
1999999999856 1999999658726
1999999999855 1999999658727
1999999999854 1999999658728
1999999999853 1999999658729
1999999999852 1999999658730
1999999999851 1999999658731
1999999999850 1999999658732
1999999999849 1999999658733
1999999999848 1999999658734
1999999999847 1999999658735
1999999999846 1999999658736
1999999999845 1999999658737
1999999999844 1999999658738
1999999999843 1999999658739
1999999999842 1999999658740
1999999999841 1999999658741
1999999999840 1999999658742
1999999999839 1999999658743
1999999999838 1999999658744
1999999999837 1999999658745
1999999999836 1999999658746
1999999999835 1999999658747
1999999999834 1999999658748
1999999999833 1999999658749
1999999999832 1999999658750
1999999999831 1999999658751
1999999999830 1999999658752
1999999999829 1999999658753
1999999999828 1999999658754
1999999999827 1999999658755
1999999999826 1999999658756
1999999999825 1999999658757
1999999999824 1999999658758
1999999999823 1999999658759
1999999999822 1999999658760
1999999999821 1999999658761
1999999999820 1999999658762
1999999999819 1999999658763
1999999999818 1999999658764
1999999999817 1999999658765
1999999999816 1999999658766
1999999999815 1999999658767
1999999999814 1999999658768
1999999999813 1999999658769
1999999999812 1999999658770
1999999999811 1999999658771
1999999999810 1999999658772
1999999999809 1999999658773
1999999999808 1999999658774
1999999999807 1999999658775
1999999999806 1999999658776
1999999999805 1999999658777
1999999999804 1999999658778
1999999999803 1999999658779
1999999999802 1999999658780
1999999999801 1999999658781
1999999999800 1999999658782
1999999999799 1999999658783
1999999999798 1999999658784
1999999999797 1999999658785
1999999999796 1999999658786
1999999999795 1999999658787
1999999999794 1999999658788
1999999999793 1999999658789
1999999999792 1999999658790
1999999999791 1999999658791
1999999999790 1999999658792
1999999999789 1999999658793
1999999999788 1999999658794
1999999999787 1999999658795
1999999999786 1999999658796
1999999999785 1999999658797
1999999999784 1999999658798
1999999999783 1999999658799
1999999999782 1999999658800
1999999999781 1999999658801
1999999999780 1999999658802
1999999999779 1999999658803
1999999999778 1999999658804
1999999999777 1999999658805
1999999999776 1999999658806
1999999999775 1999999658807
1999999999774 1999999658808
1999999999773 1999999658809
1999999999772 1999999658810
1999999999771 1999999658811
1999999999770 1999999658812
1999999999769 1999999658813
1999999999768 1999999658814
1999999999767 1999999658815
1999999999766 1999999658816
1999999999765 1999999658817
1999999999764 1999999658818
1999999999763 1999999658819
1999999999762 1999999658820
1999999999761 1999999658821
1999999999760 1999999658822
1999999999759 1999999658823
1999999999758 1999999658824
1999999999757 1999999658825
1999999999756 1999999658826
1999999999755 1999999658827
1999999999754 1999999658828
1999999999753 1999999658829
1999999999752 1999999658830
1999999999751 1999999658831
1999999999750 1999999658832
1999999999749 1999999658833
1999999999748 1999999658834
1999999999747 1999999658835
1999999999746 1999999658836
1999999999745 1999999658837
1999999999744 1999999658838
1999999999743 1999999658839
1999999999742 1999999658840
1999999999741 1999999658841
1999999999740 1999999658842
1999999999739 1999999658843
1999999999738 1999999658844
1999999999737 1999999658845
1999999999736 1999999658846
1999999999735 1999999658847
1999999999734 1999999658848
1999999999733 1999999658849
1999999999732 1999999658850
1999999999731 1999999658851
1999999999730 1999999658852
1999999999729 1999999658853
1999999999728 1999999658854
1999999999727 1999999658855
1999999999726 1999999658856
1999999999725 1999999658857
1999999999724 1999999658858
1999999999723 1999999658859
1999999999722 1999999658860
1999999999721 1999999658861
1999999999720 1999999658862
1999999999719 1999999658863
1999999999718 1999999658864
1999999999717 1999999658865
1999999999716 1999999658866
1999999999715 1999999658867
1999999999714 1999999658868
1999999999713 1999999658869
1999999999712 1999999658870
1999999999711 1999999658871
1999999999710 1999999658872
1999999999709 1999999658873
1999999999708 1999999658874
1999999999707 1999999658875
1999999999706 1999999658876
1999999999705 1999999658877
1999999999704 1999999658878
1999999999703 1999999658879
1999999999702 1999999658880
1999999999701 1999999658881
1999999999700 1999999658882
1999999999699 1999999658883
1999999999698 1999999658884
1999999999697 1999999658885
1999999999696 1999999658886
1999999999695 1999999658887
1999999999694 1999999658888
1999999999693 1999999658889
1999999999692 1999999658890
1999999999691 1999999658891
1999999999690 1999999658892
1999999999689 1999999658893
1999999999688 1999999658894
1999999999687 1999999658895
1999999999686 1999999658896
1999999999685 1999999658897
1999999999684 1999999658898
1999999999683 1999999658899
1999999999682 1999999658900
1999999999681 1999999658901
1999999999680 1999999658902
1999999999679 1999999658903
1999999999678 1999999658904
1999999999677 1999999658905
1999999999676 1999999658906
1999999999675 1999999658907
1999999999674 1999999658908
1999999999673 1999999658909
1999999999672 1999999658910
1999999999671 1999999658911
1999999999670 1999999658912
1999999999669 1999999658913
1999999999668 1999999658914
1999999999667 1999999658915
1999999999666 1999999658916
1999999999665 1999999658917
1999999999664 1999999658918
1999999999663 1999999658919
1999999999662 1999999658920
1999999999661 1999999658921
1999999999660 1999999658922
1999999999659 1999999658923
1999999999658 1999999658924
1999999999657 1999999658925
1999999999656 1999999658926
1999999999655 1999999658927
1999999999654 1999999658928
1999999999653 1999999658929
1999999999652 1999999658930
1999999999651 1999999658931
1999999999650 1999999658932
1999999999649 1999999658933
1999999999648 1999999658934
1999999999647 1999999658935
1999999999646 1999999658936
1999999999645 1999999658937
1999999999644 1999999658938
1999999999643 1999999658939
1999999999642 1999999658940
1999999999641 1999999658941
1999999999640 1999999658942
1999999999639 1999999658943
1999999999638 1999999658944
1999999999637 1999999658945
1999999999636 1999999658946
1999999999635 1999999658947
1999999999634 1999999658948
1999999999633 1999999658949
1999999999632 1999999658950
1999999999631 1999999658951
1999999999630 1999999658952
1999999999629 1999999658953
1999999999628 1999999658954
1999999999627 1999999658955
1999999999626 1999999658956
1999999999625 1999999658957
1999999999624 1999999658958
1999999999623 1999999658959
1999999999622 1999999658960
1999999999621 1999999658961
1999999999620 1999999658962
1999999999619 1999999658963
1999999999618 1999999658964
1999999999617 1999999658965
1999999999616 1999999658966
1999999999615 1999999658967
1999999999614 1999999658968
1999999999613 1999999658969
1999999999612 1999999658970
1999999999611 1999999658971
1999999999610 1999999658972
1999999999609 1999999658973
1999999999608 1999999658974
1999999999607 1999999658975
1999999999606 1999999658976
1999999999605 1999999658977
1999999999604 1999999658978
1999999999603 1999999658979
1999999999602 1999999658980
1999999999601 1999999658981
1999999999600 1999999658982
1999999999599 1999999658983
1999999999598 1999999658984
1999999999597 1999999658985
1999999999596 1999999658986
1999999999595 1999999658987
1999999999594 1999999658988
1999999999593 1999999658989
1999999999592 1999999658990
1999999999591 1999999658991
1999999999590 1999999658992
1999999999589 1999999658993
1999999999588 1999999658994
1999999999587 1999999658995
1999999999586 1999999658996
1999999999585 1999999658997
1999999999584 1999999658998
1999999999583 1999999658999
1999999999582 1999999659000
1999999999581 1999999659001
1999999999580 1999999659002
1999999999579 1999999659003
1999999999578 1999999659004
1999999999577 1999999659005
1999999999576 1999999659006
1999999999575 1999999659007
1999999999574 1999999659008
1999999999573 1999999659009
1999999999572 1999999659010
1999999999571 1999999659011
1999999999570 1999999659012
1999999999569 1999999659013
1999999999568 1999999659014
1999999999567 1999999659015
1999999999566 1999999659016
1999999999565 1999999659017
1999999999564 1999999659018
1999999999563 1999999659019
1999999999562 1999999659020
1999999999561 1999999659021
1999999999560 1999999659022
1999999999559 1999999659023
1999999999558 1999999659024
1999999999557 1999999659025
1999999999556 1999999659026
1999999999555 1999999659027
1999999999554 1999999659028
1999999999553 1999999659029
1999999999552 1999999659030
1999999999551 1999999659031
1999999999550 1999999659032
1999999999549 1999999659033
1999999999548 1999999659034
1999999999547 1999999659035
1999999999546 1999999659036
1999999999545 1999999659037
1999999999544 1999999659038
1999999999543 1999999659039
1999999999542 1999999659040
1999999999541 1999999659041
1999999999540 1999999659042
1999999999539 1999999659043
1999999999538 1999999659044
1999999999537 1999999659045
1999999999536 1999999659046
1999999999535 1999999659047
1999999999534 1999999659048
1999999999533 1999999659049
1999999999532 1999999659050
1999999999531 1999999659051
1999999999530 1999999659052
1999999999529 1999999659053
1999999999528 1999999659054
1999999999527 1999999659055
1999999999526 1999999659056
1999999999525 1999999659057
1999999999524 1999999659058
1999999999523 1999999659059
1999999999522 1999999659060
1999999999521 1999999659061
1999999999520 1999999659062
1999999999519 1999999659063
1999999999518 1999999659064
1999999999517 1999999659065
1999999999516 1999999659066
1999999999515 1999999659067
1999999999514 1999999659068
1999999999513 1999999659069
1999999999512 1999999659070
1999999999511 1999999659071
1999999999510 1999999659072
1999999999509 1999999659073
1999999999508 1999999659074
1999999999507 1999999659075
1999999999506 1999999659076
1999999999505 1999999659077
1999999999504 1999999659078
1999999999503 1999999659079
1999999999502 1999999659080
1999999999501 1999999659081
